 ph              7.4   7.4   7.4   7.4   7.4   7.4   7.4   7.4   7.4   7.4
IRE01B0001_001 0.328 0.328 0.328 0.328 0.328 0.327 0.328 0.328 0.328 0.328
IRE01B0001_002 0.490 0.490 0.490 0.490 0.490 0.489 0.490 0.490 0.490 0.490
IRE+1B0001_003 0.181 0.182 0.181 0.181 0.181 0.181 0.181 0.181 0.181 0.181
IRE+2B0001_004 0.000 0.000 0.000 0.000 0.000 0.000 0.000 0.000 0.000 0.000
IRE+2B0001_005 0.001 0.000 0.001 0.001 0.001 0.001 0.001 0.001 0.001 0.001
IRE+2B0001_006 0.000 0.000 0.000 0.000 0.000 0.000 0.000 0.000 0.000 0.000
IRE+2B0001_007 0.000 0.000 0.000 0.000 0.000 0.000 0.000 0.000 0.000 0.000
IRE+3B0001_008 0.000 0.000 0.000 0.000 0.000 0.000 0.000 0.000 0.000 0.000
IRE+3B0001_009 0.000 0.000 0.000 0.000 0.000 0.000 0.000 0.000 0.000 0.000
IRE+aB0001_010 0.000 0.000 0.000 0.000 0.000 0.001 0.000 0.000 0.000 0.000
IRE+aB0001_011 0.000 0.000 0.000 0.000 0.000 0.000 0.000 0.000 0.000 0.000
IREDMB0001_012 0.000 0.000 0.000 0.000 0.000 0.000 0.000 0.000 0.000 0.000
