 ph              7.4   7.4   7.4   7.4   7.4
GLU01A0001_001 0.000 0.000 0.000 0.000 0.000
GLU01A0001_002 0.000 0.000 0.000 0.000 0.000
GLU02A0001_003 0.000 0.000 0.000 0.000 0.000
GLU02A0001_004 0.000 0.000 0.000 0.002 0.000
GLU-1A0001_005 1.000 1.000 1.000 0.998 1.000
ALA01A0002_001 1.000 1.000 1.000 1.000 1.000
PRO01A0003_001 1.000 1.000 1.000 1.000 1.000
ASN01A0004_001 0.000 0.000 0.000 0.000 0.000
ASN01A0004_002 1.000 1.000 1.000 1.000 1.000
GLN01A0005_001 0.469 0.468 0.469 0.470 0.469
GLN01A0005_002 0.531 0.532 0.531 0.530 0.531
ALA01A0006_001 1.000 1.000 1.000 1.000 1.000
LEU01A0007_001 1.000 1.000 1.000 1.000 1.000
LEU01A0008_001 1.000 1.000 1.000 1.000 1.000
ARG01A0009_001 0.000 0.000 0.000 0.000 0.000
ARG02A0009_002 0.000 0.000 0.000 0.000 0.000
ARG02A0009_003 0.000 0.000 0.000 0.000 0.000
ARG03A0009_004 0.000 0.000 0.000 0.000 0.000
ARG03A0009_005 0.000 0.000 0.000 0.000 0.000
ARG+1A0009_006 1.000 1.000 1.000 1.000 1.000
ILE01A0010_001 1.000 1.000 1.000 1.000 1.000
LEU01A0011_001 1.000 1.000 1.000 1.000 1.000
LYS01A0012_001 0.000 0.000 0.000 0.000 0.000
LYS+1A0012_002 1.000 1.000 1.000 1.000 1.000
GLU01A0013_001 0.000 0.000 0.000 0.000 0.000
GLU01A0013_002 0.002 0.001 0.001 0.002 0.001
GLU02A0013_003 0.001 0.001 0.001 0.001 0.001
GLU02A0013_004 0.048 0.044 0.045 0.048 0.046
GLU-1A0013_005 0.950 0.953 0.953 0.950 0.952
THR01A0014_001 0.130 0.129 0.129 0.130 0.131
THR01A0014_002 0.870 0.871 0.871 0.870 0.869
GLU01A0015_001 0.000 0.000 0.000 0.000 0.000
GLU01A0015_002 0.026 0.027 0.027 0.026 0.026
GLU02A0015_003 0.000 0.000 0.000 0.000 0.000
GLU02A0015_004 0.084 0.084 0.085 0.083 0.084
GLU-1A0015_005 0.890 0.889 0.889 0.890 0.889
PHE01A0016_001 1.000 1.000 1.000 1.000 1.000
LYS01A0017_001 0.000 0.000 0.000 0.000 0.000
LYS+1A0017_002 1.000 1.000 1.000 1.000 1.000
LYS01A0018_001 0.005 0.005 0.005 0.005 0.005
LYS+1A0018_002 0.995 0.995 0.995 0.995 0.995
ILE01A0019_001 1.000 1.000 1.000 1.000 1.000
LYS01A0020_001 0.034 0.034 0.035 0.034 0.034
LYS+1A0020_002 0.966 0.966 0.965 0.966 0.966
VAL01A0021_001 1.000 1.000 1.000 1.000 1.000
LEU01A0022_001 1.000 1.000 1.000 1.000 1.000
SER01A0024_001 1.000 1.000 1.000 1.000 1.000
ALA01A0026_001 1.000 1.000 1.000 1.000 1.000
PHE01A0027_001 1.000 1.000 1.000 1.000 1.000
THR01A0029_001 0.268 0.266 0.268 0.267 0.268
THR01A0029_002 0.076 0.076 0.076 0.076 0.076
THR01A0029_003 0.657 0.658 0.656 0.657 0.656
VAL01A0030_001 1.000 1.000 1.000 1.000 1.000
TYR01A0031_001 0.944 0.943 0.943 0.943 0.943
TYR01A0031_002 0.056 0.057 0.057 0.057 0.057
TYR-1A0031_003 0.000 0.000 0.000 0.000 0.000
LYS01A0032_001 0.141 0.142 0.140 0.142 0.139
LYS+1A0032_002 0.859 0.858 0.860 0.858 0.861
LEU01A0034_001 1.000 1.000 1.000 1.000 1.000
TRP01A0035_001 1.000 1.000 1.000 1.000 1.000
ILE01A0036_001 1.000 1.000 1.000 1.000 1.000
PRO01A0037_001 1.000 1.000 1.000 1.000 1.000
GLU01A0038_001 0.000 0.000 0.000 0.000 0.000
GLU01A0038_002 0.000 0.000 0.000 0.000 0.000
GLU02A0038_003 0.000 0.000 0.000 0.000 0.000
GLU02A0038_004 0.000 0.000 0.000 0.000 0.000
GLU-1A0038_005 1.000 1.000 1.000 1.000 1.000
GLU01A0040_001 0.000 0.000 0.000 0.000 0.000
GLU01A0040_002 0.000 0.000 0.000 0.000 0.000
GLU02A0040_003 0.000 0.000 0.000 0.000 0.000
GLU02A0040_004 0.000 0.000 0.000 0.000 0.000
GLU-1A0040_005 1.000 1.000 1.000 1.000 1.000
LYS01A0041_001 0.000 0.000 0.000 0.000 0.000
LYS+1A0041_002 1.000 1.000 1.000 1.000 1.000
VAL01A0042_001 1.000 1.000 1.000 1.000 1.000
LYS01A0043_001 0.466 0.466 0.468 0.467 0.467
LYS+1A0043_002 0.534 0.534 0.532 0.533 0.533
ILE01A0044_001 1.000 1.000 1.000 1.000 1.000
PRO01A0045_001 1.000 1.000 1.000 1.000 1.000
VAL01A0046_001 1.000 1.000 1.000 1.000 1.000
ALA01A0047_001 1.000 1.000 1.000 1.000 1.000
ILE01A0048_001 1.000 1.000 1.000 1.000 1.000
LYS01A0049_001 0.000 0.000 0.000 0.000 0.000
LYS+1A0049_002 1.000 1.000 1.000 1.000 1.000
GLU01A0050_001 0.002 0.002 0.002 0.002 0.002
GLU01A0050_002 0.074 0.076 0.075 0.076 0.074
GLU02A0050_003 0.000 0.000 0.000 0.000 0.000
GLU02A0050_004 0.012 0.013 0.013 0.013 0.012
GLU-1A0050_005 0.912 0.910 0.910 0.910 0.912
LEU01A0051_001 1.000 1.000 1.000 1.000 1.000
ARG01A0052_001 0.000 0.000 0.000 0.000 0.000
ARG02A0052_002 0.000 0.000 0.000 0.000 0.000
ARG02A0052_003 0.000 0.000 0.000 0.000 0.000
ARG03A0052_004 0.000 0.000 0.000 0.000 0.000
ARG+1A0052_005 1.000 1.000 1.000 1.000 1.000
GLU01A0053_001 0.000 0.000 0.000 0.000 0.000
GLU01A0053_002 0.003 0.003 0.003 0.003 0.004
GLU02A0053_003 0.000 0.000 0.000 0.000 0.000
GLU02A0053_004 0.001 0.001 0.000 0.001 0.000
GLU-1A0053_005 0.996 0.996 0.997 0.996 0.996
ALA01A0054_001 1.000 1.000 1.000 1.000 1.000
THR01A0055_001 0.214 0.214 0.215 0.215 0.214
THR01A0055_002 0.786 0.786 0.785 0.785 0.786
SER01A0056_001 1.000 1.000 1.000 1.000 1.000
PRO01A0057_001 1.000 1.000 1.000 1.000 1.000
LYS01A0058_001 0.010 0.010 0.010 0.011 0.010
LYS+1A0058_002 0.990 0.990 0.990 0.989 0.990
ALA01A0059_001 1.000 1.000 1.000 1.000 1.000
ASN01A0060_001 0.000 0.000 0.000 0.000 0.000
ASN01A0060_002 1.000 1.000 1.000 1.000 1.000
LYS01A0061_001 0.000 0.000 0.000 0.000 0.000
LYS+1A0061_002 1.000 1.000 1.000 1.000 1.000
GLU01A0062_001 0.000 0.000 0.000 0.000 0.000
GLU01A0062_002 0.000 0.000 0.000 0.000 0.000
GLU02A0062_003 0.000 0.000 0.000 0.000 0.000
GLU02A0062_004 0.000 0.000 0.000 0.000 0.000
GLU-1A0062_005 1.000 1.000 1.000 1.000 1.000
ILE01A0063_001 1.000 1.000 1.000 1.000 1.000
LEU01A0064_001 1.000 1.000 1.000 1.000 1.000
ASP01A0065_001 0.000 0.000 0.000 0.000 0.000
ASP01A0065_002 0.000 0.000 0.000 0.000 0.000
ASP02A0065_003 0.000 0.000 0.000 0.000 0.000
ASP02A0065_004 0.000 0.000 0.000 0.000 0.000
ASP-1A0065_005 1.000 1.000 1.000 1.000 1.000
GLU01A0066_001 0.002 0.000 0.000 0.002 0.000
GLU01A0066_002 0.000 0.000 0.000 0.000 0.000
GLU02A0066_003 0.000 0.000 0.000 0.000 0.000
GLU02A0066_004 0.000 0.000 0.000 0.000 0.000
GLU-1A0066_005 0.998 1.000 1.000 0.998 1.000
ALA01A0067_001 1.000 1.000 1.000 1.000 1.000
TYR01A0068_001 0.998 0.998 0.998 0.998 0.998
TYR-1A0068_002 0.002 0.002 0.002 0.002 0.002
VAL01A0069_001 1.000 1.000 1.000 1.000 1.000
MET01A0070_001 1.000 1.000 1.000 1.000 1.000
ALA01A0071_001 1.000 1.000 1.000 1.000 1.000
SER01A0072_001 0.056 0.055 0.055 0.055 0.055
SER01A0072_002 0.944 0.945 0.945 0.945 0.945
VAL01A0073_001 1.000 1.000 1.000 1.000 1.000
ASP01A0074_001 0.000 0.000 0.000 0.000 0.000
ASP01A0074_002 0.000 0.000 0.000 0.000 0.000
ASP02A0074_003 0.000 0.000 0.000 0.000 0.000
ASP02A0074_004 0.000 0.000 0.000 0.000 0.000
ASP-1A0074_005 1.000 1.000 1.000 1.000 1.000
ASN01A0075_001 1.000 1.000 1.000 1.000 1.000
PRO01A0076_001 1.000 1.000 1.000 1.000 1.000
HIS01A0077_001 0.000 0.000 0.000 0.000 0.000
HIS01A0077_002 0.000 0.000 0.000 0.000 0.000
HIS02A0077_003 0.998 0.999 0.998 0.998 0.999
HIS02A0077_004 0.000 0.000 0.000 0.000 0.000
HIS+1A0077_005 0.002 0.001 0.002 0.001 0.000
HIS+1A0077_006 0.000 0.000 0.000 0.000 0.000
VAL01A0078_001 1.000 1.000 1.000 1.000 1.000
CYS01A0079_001 0.267 0.267 0.269 0.267 0.266
CYS01A0079_002 0.140 0.140 0.141 0.141 0.140
CYS01A0079_003 0.594 0.593 0.591 0.592 0.594
CYS-1A0079_004 0.000 0.000 0.000 0.000 0.000
ARG01A0080_001 0.000 0.000 0.000 0.000 0.000
ARG02A0080_002 0.000 0.000 0.000 0.000 0.000
ARG03A0080_003 0.000 0.000 0.000 0.000 0.000
ARG+1A0080_004 1.000 1.000 1.000 1.000 1.000
LEU01A0081_001 1.000 1.000 1.000 1.000 1.000
LEU01A0082_001 1.000 1.000 1.000 1.000 1.000
ILE01A0084_001 1.000 1.000 1.000 1.000 1.000
CYS01A0085_001 0.002 0.002 0.002 0.001 0.002
CYS01A0085_002 0.454 0.455 0.453 0.456 0.454
CYS01A0085_003 0.545 0.543 0.546 0.542 0.544
CYS-1A0085_004 0.000 0.000 0.000 0.000 0.000
LEU01A0086_001 1.000 1.000 1.000 1.000 1.000
THR01A0087_001 0.081 0.080 0.080 0.079 0.080
THR01A0087_002 0.919 0.920 0.920 0.921 0.920
SER01A0088_001 1.000 1.000 1.000 1.000 1.000
THR01A0089_001 0.021 0.021 0.021 0.021 0.021
THR01A0089_002 0.979 0.979 0.979 0.979 0.979
VAL01A0090_001 1.000 1.000 1.000 1.000 1.000
GLN01A0091_001 0.189 0.192 0.192 0.192 0.189
GLN01A0091_002 0.811 0.808 0.808 0.808 0.811
LEU01A0092_001 1.000 1.000 1.000 1.000 1.000
ILE01A0093_001 1.000 1.000 1.000 1.000 1.000
THR01A0094_001 0.002 0.002 0.002 0.002 0.002
THR01A0094_002 0.998 0.998 0.998 0.998 0.998
GLN01A0095_001 0.000 0.000 0.000 0.000 0.000
GLN01A0095_002 1.000 1.000 1.000 1.000 1.000
LEU01A0096_001 1.000 1.000 1.000 1.000 1.000
MET01A0097_001 1.000 1.000 1.000 1.000 1.000
PRO01A0098_001 1.000 1.000 1.000 1.000 1.000
PHE01A0099_001 1.000 1.000 1.000 1.000 1.000
CYS01A0101_001 0.014 0.014 0.014 0.014 0.014
CYS01A0101_002 0.218 0.216 0.217 0.217 0.217
CYS01A0101_003 0.767 0.770 0.769 0.769 0.769
CYS-1A0101_004 0.000 0.000 0.000 0.000 0.000
LEU01A0102_001 1.000 1.000 1.000 1.000 1.000
LEU01A0103_001 1.000 1.000 1.000 1.000 1.000
ASP01A0104_001 0.000 0.000 0.000 0.000 0.000
ASP01A0104_002 0.000 0.000 0.000 0.000 0.000
ASP02A0104_003 0.000 0.000 0.000 0.000 0.000
ASP02A0104_004 0.000 0.000 0.000 0.000 0.000
ASP-1A0104_005 1.000 1.000 1.000 1.000 1.000
TYR01A0105_001 1.000 1.000 1.000 1.000 1.000
TYR-1A0105_002 0.000 0.000 0.000 0.000 0.000
VAL01A0106_001 1.000 1.000 1.000 1.000 1.000
ARG01A0107_001 0.000 0.000 0.000 0.000 0.000
ARG02A0107_002 0.000 0.000 0.000 0.000 0.000
ARG03A0107_003 0.000 0.000 0.000 0.000 0.000
ARG+1A0107_004 1.000 1.000 1.000 1.000 1.000
GLU01A0108_001 0.000 0.000 0.000 0.000 0.000
GLU01A0108_002 0.000 0.000 0.000 0.000 0.000
GLU02A0108_003 0.000 0.000 0.000 0.000 0.000
GLU02A0108_004 0.000 0.002 0.000 0.000 0.000
GLU-1A0108_005 1.000 0.998 1.000 1.000 1.000
HIS01A0109_001 0.003 0.003 0.003 0.003 0.003
HIS01A0109_002 0.000 0.000 0.000 0.000 0.000
HIS02A0109_003 0.660 0.663 0.658 0.660 0.659
HIS02A0109_004 0.000 0.000 0.000 0.000 0.000
HIS+1A0109_005 0.335 0.332 0.337 0.335 0.336
HIS+1A0109_006 0.002 0.002 0.002 0.002 0.002
LYS01A0110_001 0.000 0.000 0.000 0.000 0.000
LYS+1A0110_002 1.000 1.000 1.000 1.000 1.000
ASP01A0111_001 0.000 0.000 0.000 0.000 0.000
ASP01A0111_002 0.000 0.000 0.000 0.000 0.000
ASP02A0111_003 0.000 0.000 0.000 0.000 0.000
ASP02A0111_004 0.000 0.000 0.000 0.000 0.000
ASP-1A0111_005 1.000 1.000 1.000 1.000 1.000
ASN01A0112_001 0.120 0.119 0.121 0.119 0.120
ASN01A0112_002 0.880 0.881 0.879 0.881 0.880
ILE01A0113_001 1.000 1.000 1.000 1.000 1.000
SER01A0115_001 0.963 0.961 0.962 0.960 0.961
SER01A0115_002 0.037 0.039 0.038 0.040 0.039
GLN01A0116_001 1.000 1.000 1.000 1.000 1.000
TYR01A0117_001 0.183 0.182 0.184 0.182 0.182
TYR01A0117_002 0.817 0.818 0.816 0.818 0.818
TYR-1A0117_003 0.000 0.000 0.000 0.000 0.000
LEU01A0118_001 1.000 1.000 1.000 1.000 1.000
LEU01A0119_001 1.000 1.000 1.000 1.000 1.000
ASN01A0120_001 0.003 0.004 0.004 0.003 0.004
ASN01A0120_002 0.997 0.996 0.996 0.997 0.996
TRP01A0121_001 1.000 1.000 1.000 1.000 1.000
CYS01A0122_001 0.150 0.150 0.150 0.151 0.150
CYS01A0122_002 0.704 0.706 0.706 0.704 0.705
CYS01A0122_003 0.145 0.144 0.145 0.145 0.145
CYS-1A0122_004 0.000 0.000 0.000 0.000 0.000
VAL01A0123_001 1.000 1.000 1.000 1.000 1.000
GLN01A0124_001 1.000 1.000 1.000 1.000 1.000
ILE01A0125_001 1.000 1.000 1.000 1.000 1.000
ALA01A0126_001 1.000 1.000 1.000 1.000 1.000
LYS01A0127_001 0.000 0.000 0.000 0.000 0.000
LYS+1A0127_002 1.000 1.000 1.000 1.000 1.000
MET01A0129_001 1.000 1.000 1.000 1.000 1.000
ASN01A0130_001 0.526 0.528 0.527 0.528 0.528
ASN01A0130_002 0.474 0.472 0.473 0.472 0.472
TYR01A0131_001 0.999 1.000 0.999 0.998 0.999
TYR01A0131_002 0.001 0.000 0.001 0.002 0.001
TYR-1A0131_003 0.000 0.000 0.000 0.000 0.000
LEU01A0132_001 1.000 1.000 1.000 1.000 1.000
GLU01A0133_001 0.000 0.000 0.000 0.003 0.003
GLU01A0133_002 0.000 0.000 0.000 0.000 0.000
GLU02A0133_003 0.000 0.000 0.000 0.000 0.000
GLU02A0133_004 0.000 0.000 0.000 0.000 0.000
GLU-1A0133_005 1.000 1.000 1.000 0.997 0.997
ASP01A0134_001 0.000 0.000 0.000 0.000 0.000
ASP01A0134_002 0.007 0.007 0.006 0.007 0.006
ASP02A0134_003 0.000 0.000 0.000 0.000 0.000
ASP02A0134_004 0.002 0.002 0.002 0.002 0.002
ASP-1A0134_005 0.991 0.991 0.992 0.991 0.992
ARG01A0135_001 0.000 0.000 0.000 0.000 0.000
ARG02A0135_002 0.000 0.000 0.000 0.000 0.000
ARG03A0135_003 0.000 0.000 0.000 0.000 0.000
ARG+1A0135_004 1.000 1.000 1.000 1.000 1.000
ARG01A0136_001 0.000 0.000 0.000 0.000 0.000
ARG02A0136_002 0.000 0.000 0.000 0.000 0.000
ARG03A0136_003 0.000 0.000 0.000 0.000 0.000
ARG+1A0136_004 1.000 1.000 1.000 1.000 1.000
LEU01A0137_001 1.000 1.000 1.000 1.000 1.000
VAL01A0138_001 1.000 1.000 1.000 1.000 1.000
HIS01A0139_001 1.000 1.000 1.000 1.000 1.000
HIS02A0139_002 0.000 0.000 0.000 0.000 0.000
HIS+1A0139_003 0.000 0.000 0.000 0.000 0.000
ARG01A0140_001 0.000 0.000 0.000 0.000 0.000
ARG02A0140_002 0.000 0.000 0.000 0.000 0.000
ARG03A0140_003 0.000 0.000 0.000 0.000 0.000
ARG03A0140_004 0.000 0.000 0.000 0.000 0.000
ARG+1A0140_005 1.000 1.000 1.000 1.000 1.000
ASP01A0141_001 0.000 0.000 0.000 0.000 0.000
ASP01A0141_002 0.000 0.000 0.000 0.000 0.000
ASP02A0141_003 0.000 0.001 0.000 0.001 0.000
ASP02A0141_004 0.010 0.008 0.011 0.008 0.011
ASP-1A0141_005 0.989 0.991 0.989 0.991 0.989
LEU01A0142_001 1.000 1.000 1.000 1.000 1.000
ALA01A0143_001 1.000 1.000 1.000 1.000 1.000
ALA01A0144_001 1.000 1.000 1.000 1.000 1.000
ARG01A0145_001 0.000 0.000 0.000 0.000 0.000
ARG02A0145_002 0.000 0.000 0.000 0.000 0.000
ARG02A0145_003 0.000 0.000 0.000 0.000 0.000
ARG03A0145_004 0.000 0.000 0.000 0.000 0.000
ARG+1A0145_005 1.000 1.000 1.000 1.000 1.000
ASN01A0146_001 1.000 1.000 1.000 1.000 1.000
ASN01A0146_002 0.000 0.000 0.000 0.000 0.000
VAL01A0147_001 1.000 1.000 1.000 1.000 1.000
LEU01A0148_001 1.000 1.000 1.000 1.000 1.000
VAL01A0149_001 1.000 1.000 1.000 1.000 1.000
LYS01A0150_001 0.000 0.000 0.000 0.000 0.000
LYS+1A0150_002 1.000 1.000 1.000 1.000 1.000
THR01A0151_001 1.000 1.000 1.000 1.000 1.000
PRO01A0152_001 1.000 1.000 1.000 1.000 1.000
GLN01A0153_001 0.973 0.974 0.974 0.974 0.974
GLN01A0153_002 0.027 0.026 0.026 0.026 0.026
HIS01A0154_001 0.000 0.000 0.000 0.000 0.000
HIS01A0154_002 0.981 0.980 0.981 0.982 0.981
HIS02A0154_003 0.000 0.000 0.000 0.000 0.000
HIS02A0154_004 0.019 0.020 0.019 0.018 0.019
HIS+1A0154_005 0.000 0.000 0.000 0.000 0.000
HIS+1A0154_006 0.000 0.000 0.000 0.000 0.000
VAL01A0155_001 1.000 1.000 1.000 1.000 1.000
LYS01A0156_001 0.000 0.000 0.000 0.000 0.000
LYS+1A0156_002 1.000 1.000 1.000 1.000 1.000
ILE01A0157_001 1.000 1.000 1.000 1.000 1.000
THR01A0158_001 0.000 0.000 0.001 0.000 0.001
THR01A0158_002 1.000 1.000 0.999 1.000 0.999
ASP01A0159_001 0.000 0.000 0.000 0.000 0.000
ASP01A0159_002 0.005 0.006 0.004 0.004 0.006
ASP02A0159_003 0.000 0.000 0.000 0.000 0.000
ASP02A0159_004 0.001 0.000 0.001 0.001 0.000
ASP-1A0159_005 0.995 0.994 0.995 0.995 0.994
PHE01A0160_001 1.000 1.000 1.000 1.000 1.000
ARG01A0162_001 0.000 0.000 0.000 0.000 0.000
ARG02A0162_002 0.000 0.000 0.000 0.000 0.000
ARG03A0162_003 0.000 0.000 0.000 0.000 0.000
ARG03A0162_004 0.000 0.000 0.000 0.000 0.000
ARG+1A0162_005 1.000 1.000 1.000 1.000 1.000
ALA01A0163_001 1.000 1.000 1.000 1.000 1.000
LYS01A0164_001 0.007 0.007 0.007 0.007 0.007
LYS+1A0164_002 0.993 0.993 0.993 0.993 0.993
LEU01A0165_001 1.000 1.000 1.000 1.000 1.000
LEU01A0166_001 1.000 1.000 1.000 1.000 1.000
ALA01A0168_001 1.000 1.000 1.000 1.000 1.000
GLU01A0169_001 0.000 0.000 0.000 0.000 0.000
GLU01A0169_002 0.000 0.000 0.000 0.000 0.000
GLU02A0169_003 0.002 0.002 0.002 0.002 0.002
GLU02A0169_004 0.046 0.046 0.046 0.046 0.046
GLU-1A0169_005 0.952 0.952 0.952 0.952 0.952
GLU01A0170_001 0.000 0.000 0.000 0.000 0.000
GLU01A0170_002 0.000 0.000 0.000 0.000 0.000
GLU02A0170_003 0.000 0.000 0.000 0.000 0.000
GLU02A0170_004 0.000 0.000 0.000 0.000 0.000
GLU-1A0170_005 1.000 1.000 1.000 1.000 1.000
LYS01A0171_001 0.000 0.000 0.000 0.000 0.000
LYS+1A0171_002 1.000 1.000 1.000 1.000 1.000
GLU01A0172_001 0.005 0.005 0.005 0.005 0.005
GLU01A0172_002 0.119 0.119 0.119 0.119 0.118
GLU02A0172_003 0.000 0.000 0.000 0.000 0.000
GLU02A0172_004 0.000 0.000 0.000 0.000 0.000
GLU-1A0172_005 0.876 0.876 0.876 0.877 0.877
TYR01A0173_001 1.000 1.000 1.000 1.000 1.000
TYR-1A0173_002 0.000 0.000 0.000 0.000 0.000
HIS01A0174_001 1.000 1.000 1.000 1.000 1.000
HIS02A0174_002 0.000 0.000 0.000 0.000 0.000
HIS+1A0174_003 0.000 0.000 0.000 0.000 0.000
ALA01A0175_001 1.000 1.000 1.000 1.000 1.000
GLU01A0176_001 0.012 0.012 0.012 0.012 0.012
GLU01A0176_002 0.069 0.070 0.070 0.070 0.070
GLU02A0176_003 0.000 0.000 0.000 0.000 0.000
GLU02A0176_004 0.011 0.011 0.011 0.011 0.011
GLU-1A0176_005 0.908 0.908 0.907 0.907 0.907
LYS01A0179_001 0.081 0.082 0.082 0.081 0.082
LYS+1A0179_002 0.919 0.918 0.918 0.919 0.918
VAL01A0180_001 1.000 1.000 1.000 1.000 1.000
PRO01A0181_001 1.000 1.000 1.000 1.000 1.000
ILE01A0182_001 1.000 1.000 1.000 1.000 1.000
LYS01A0183_001 0.000 0.000 0.000 0.000 0.000
LYS+1A0183_002 1.000 1.000 1.000 1.000 1.000
TRP01A0184_001 1.000 1.000 1.000 1.000 1.000
MET01A0185_001 1.000 1.000 1.000 1.000 1.000
ALA01A0186_001 1.000 1.000 1.000 1.000 1.000
LEU01A0187_001 1.000 1.000 1.000 1.000 1.000
GLU01A0188_001 0.000 0.000 0.000 0.000 0.000
GLU01A0188_002 0.000 0.000 0.000 0.000 0.000
GLU02A0188_003 0.000 0.000 0.000 0.000 0.000
GLU02A0188_004 0.000 0.000 0.000 0.000 0.000
GLU-1A0188_005 1.000 1.000 1.000 1.000 1.000
SER01A0189_001 0.978 0.979 0.978 0.979 0.979
SER01A0189_002 0.002 0.002 0.002 0.002 0.002
SER01A0189_003 0.019 0.019 0.020 0.019 0.019
ILE01A0190_001 1.000 1.000 1.000 1.000 1.000
LEU01A0191_001 1.000 1.000 1.000 1.000 1.000
HIS01A0192_001 0.977 0.977 0.977 0.976 0.976
HIS02A0192_002 0.020 0.020 0.019 0.020 0.020
HIS+1A0192_003 0.003 0.003 0.003 0.004 0.004
ARG01A0193_001 0.000 0.000 0.000 0.000 0.000
ARG02A0193_002 0.000 0.000 0.000 0.000 0.000
ARG03A0193_003 1.000 1.000 1.000 1.000 1.000
ARG03A0193_004 0.000 0.000 0.000 0.000 0.000
ARG+1A0193_005 0.000 0.000 0.000 0.000 0.000
ILE01A0194_001 1.000 1.000 1.000 1.000 1.000
TYR01A0195_001 0.052 0.052 0.052 0.051 0.051
TYR01A0195_002 0.948 0.948 0.948 0.949 0.949
TYR-1A0195_003 0.000 0.000 0.000 0.000 0.000
THR01A0196_001 0.000 0.000 0.000 0.000 0.000
THR01A0196_002 1.000 1.000 1.000 1.000 1.000
HIS01A0197_001 0.000 0.000 0.000 0.000 0.000
HIS01A0197_002 0.112 0.112 0.112 0.112 0.112
HIS02A0197_003 0.660 0.659 0.656 0.659 0.658
HIS02A0197_004 0.013 0.013 0.013 0.012 0.013
HIS+1A0197_005 0.186 0.185 0.189 0.187 0.187
HIS+1A0197_006 0.029 0.030 0.029 0.029 0.029
GLN01A0198_001 1.000 1.000 1.000 1.000 1.000
GLN01A0198_002 0.000 0.000 0.000 0.000 0.000
SER01A0199_001 1.000 1.000 1.000 1.000 1.000
ASP01A0200_001 0.000 0.000 0.000 0.000 0.000
ASP01A0200_002 0.000 0.000 0.000 0.000 0.000
ASP02A0200_003 0.000 0.000 0.000 0.000 0.000
ASP02A0200_004 0.000 0.000 0.000 0.000 0.000
ASP-1A0200_005 1.000 1.000 1.000 1.000 1.000
VAL01A0201_001 1.000 1.000 1.000 1.000 1.000
TRP01A0202_001 1.000 1.000 1.000 1.000 1.000
SER01A0203_001 0.987 0.987 0.988 0.987 0.987
SER01A0203_002 0.013 0.013 0.012 0.013 0.013
TYR01A0204_001 0.039 0.039 0.040 0.038 0.039
TYR01A0204_002 0.961 0.961 0.960 0.962 0.961
TYR-1A0204_003 0.000 0.000 0.000 0.000 0.000
VAL01A0206_001 1.000 1.000 1.000 1.000 1.000
THR01A0207_001 0.045 0.045 0.046 0.046 0.046
THR01A0207_002 0.940 0.940 0.939 0.939 0.939
THR01A0207_003 0.015 0.015 0.015 0.015 0.015
VAL01A0208_001 1.000 1.000 1.000 1.000 1.000
TRP01A0209_001 1.000 1.000 1.000 1.000 1.000
GLU01A0210_001 0.000 0.000 0.000 0.000 0.000
GLU01A0210_002 0.000 0.000 0.000 0.000 0.000
GLU02A0210_003 0.000 0.000 0.000 0.000 0.000
GLU02A0210_004 0.000 0.000 0.000 0.000 0.000
GLU-1A0210_005 1.000 1.000 1.000 1.000 1.000
LEU01A0211_001 1.000 1.000 1.000 1.000 1.000
MET01A0212_001 1.000 1.000 1.000 1.000 1.000
THR01A0213_001 1.000 1.000 1.000 1.000 1.000
THR01A0213_002 0.000 0.000 0.000 0.000 0.000
PHE01A0214_001 1.000 1.000 1.000 1.000 1.000
SER01A0216_001 0.537 0.537 0.539 0.538 0.537
SER01A0216_002 0.463 0.463 0.461 0.462 0.463
LYS01A0217_001 0.000 0.000 0.000 0.000 0.000
LYS+1A0217_002 1.000 1.000 1.000 1.000 1.000
PRO01A0218_001 1.000 1.000 1.000 1.000 1.000
TYR01A0219_001 1.000 1.000 1.000 1.000 1.000
TYR-1A0219_002 0.000 0.000 0.000 0.000 0.000
ASP01A0220_001 0.000 0.000 0.000 0.000 0.000
ASP01A0220_002 0.000 0.000 0.000 0.000 0.000
ASP02A0220_003 0.000 0.000 0.000 0.000 0.000
ASP02A0220_004 0.000 0.000 0.000 0.000 0.000
ASP-1A0220_005 1.000 1.000 1.000 1.000 1.000
ILE01A0222_001 1.000 1.000 1.000 1.000 1.000
PRO01A0223_001 1.000 1.000 1.000 1.000 1.000
ALA01A0224_001 1.000 1.000 1.000 1.000 1.000
SER01A0225_001 1.000 1.000 1.000 1.000 1.000
GLU01A0226_001 0.000 0.000 0.000 0.000 0.000
GLU01A0226_002 0.002 0.002 0.000 0.000 0.000
GLU02A0226_003 0.000 0.000 0.000 0.000 0.000
GLU02A0226_004 0.000 0.000 0.000 0.000 0.000
GLU-1A0226_005 0.997 0.997 1.000 1.000 1.000
ILE01A0227_001 1.000 1.000 1.000 1.000 1.000
SER01A0228_001 0.490 0.491 0.490 0.491 0.492
SER01A0228_002 0.510 0.509 0.510 0.509 0.508
SER01A0229_001 0.050 0.050 0.050 0.050 0.049
SER01A0229_002 0.950 0.950 0.950 0.950 0.951
ILE01A0230_001 1.000 1.000 1.000 1.000 1.000
LEU01A0231_001 1.000 1.000 1.000 1.000 1.000
GLU01A0232_001 0.000 0.000 0.000 0.000 0.000
GLU01A0232_002 0.012 0.012 0.012 0.012 0.012
GLU02A0232_003 0.000 0.000 0.000 0.000 0.000
GLU02A0232_004 0.012 0.012 0.012 0.012 0.012
GLU-1A0232_005 0.976 0.975 0.976 0.976 0.977
LYS01A0233_001 0.000 0.000 0.000 0.000 0.000
LYS+1A0233_002 1.000 1.000 1.000 1.000 1.000
GLU01A0235_001 0.000 0.000 0.000 0.000 0.000
GLU01A0235_002 0.000 0.000 0.000 0.000 0.000
GLU02A0235_003 0.000 0.000 0.000 0.000 0.000
GLU02A0235_004 0.000 0.000 0.000 0.000 0.000
GLU-1A0235_005 1.000 1.000 1.000 1.000 1.000
ARG01A0236_001 0.000 0.000 0.000 0.000 0.000
ARG02A0236_002 0.000 0.000 0.000 0.000 0.000
ARG03A0236_003 0.000 0.000 0.000 0.000 0.000
ARG+1A0236_004 1.000 1.000 1.000 1.000 1.000
LEU01A0237_001 1.000 1.000 1.000 1.000 1.000
PRO01A0238_001 1.000 1.000 1.000 1.000 1.000
GLN01A0239_001 0.970 0.970 0.969 0.970 0.969
GLN01A0239_002 0.030 0.030 0.031 0.030 0.031
PRO01A0240_001 1.000 1.000 1.000 1.000 1.000
PRO01A0241_001 1.000 1.000 1.000 1.000 1.000
ILE01A0242_001 1.000 1.000 1.000 1.000 1.000
CYS01A0243_001 0.501 0.500 0.500 0.502 0.501
CYS01A0243_002 0.492 0.493 0.494 0.492 0.492
CYS01A0243_003 0.007 0.007 0.007 0.007 0.007
CYS-1A0243_004 0.000 0.000 0.000 0.000 0.000
THR01A0244_001 0.637 0.638 0.638 0.639 0.635
THR01A0244_002 0.363 0.362 0.362 0.361 0.365
ILE01A0245_001 1.000 1.000 1.000 1.000 1.000
ASP01A0246_001 0.000 0.000 0.000 0.000 0.000
ASP01A0246_002 0.000 0.000 0.000 0.000 0.000
ASP02A0246_003 0.000 0.000 0.000 0.000 0.000
ASP02A0246_004 0.000 0.000 0.000 0.000 0.000
ASP-1A0246_005 1.000 1.000 1.000 1.000 1.000
VAL01A0247_001 1.000 1.000 1.000 1.000 1.000
TYR01A0248_001 0.054 0.053 0.054 0.054 0.053
TYR01A0248_002 0.946 0.947 0.946 0.946 0.947
TYR-1A0248_003 0.000 0.000 0.000 0.000 0.000
MET01A0249_001 1.000 1.000 1.000 1.000 1.000
ILE01A0250_001 1.000 1.000 1.000 1.000 1.000
MET01A0251_001 1.000 1.000 1.000 1.000 1.000
VAL01A0252_001 1.000 1.000 1.000 1.000 1.000
LYS01A0253_001 0.000 0.000 0.000 0.000 0.000
LYS+1A0253_002 1.000 1.000 1.000 1.000 1.000
CYS01A0254_001 0.195 0.194 0.194 0.195 0.196
CYS01A0254_002 0.487 0.487 0.489 0.488 0.488
CYS01A0254_003 0.318 0.319 0.318 0.317 0.316
CYS-1A0254_004 0.000 0.000 0.000 0.000 0.000
TRP01A0255_001 1.000 1.000 1.000 1.000 1.000
MET01A0256_001 1.000 1.000 1.000 1.000 1.000
ILE01A0257_001 1.000 1.000 1.000 1.000 1.000
ASP01A0258_001 0.000 0.000 0.000 0.000 0.000
ASP01A0258_002 0.000 0.000 0.000 0.000 0.000
ASP02A0258_003 0.000 0.000 0.000 0.000 0.000
ASP02A0258_004 0.000 0.000 0.000 0.000 0.000
ASP-1A0258_005 1.000 1.000 1.000 1.000 1.000
ALA01A0259_001 1.000 1.000 1.000 1.000 1.000
ASP01A0260_001 0.000 0.000 0.000 0.000 0.000
ASP01A0260_002 0.000 0.000 0.000 0.000 0.000
ASP02A0260_003 0.000 0.000 0.000 0.000 0.000
ASP02A0260_004 0.000 0.000 0.000 0.000 0.000
ASP-1A0260_005 1.000 1.000 1.000 1.000 1.000
SER01A0261_001 0.294 0.292 0.292 0.293 0.293
SER01A0261_002 0.706 0.708 0.708 0.707 0.707
ARG01A0262_001 0.000 0.000 0.000 0.000 0.000
ARG02A0262_002 0.000 0.000 0.000 0.000 0.000
ARG02A0262_003 0.000 0.000 0.000 0.000 0.000
ARG03A0262_004 0.000 0.000 0.000 0.000 0.000
ARG03A0262_005 0.000 0.000 0.000 0.000 0.000
ARG+1A0262_006 1.000 1.000 1.000 1.000 1.000
PRO01A0263_001 1.000 1.000 1.000 1.000 1.000
LYS01A0264_001 0.000 0.000 0.000 0.000 0.000
LYS+1A0264_002 1.000 1.000 1.000 1.000 1.000
PHE01A0265_001 1.000 1.000 1.000 1.000 1.000
ARG01A0266_001 0.000 0.000 0.000 0.000 0.000
ARG02A0266_002 0.000 0.000 0.000 0.000 0.000
ARG03A0266_003 0.000 0.000 0.000 0.000 0.000
ARG+1A0266_004 1.000 1.000 1.000 1.000 1.000
GLU01A0267_001 0.000 0.000 0.000 0.000 0.000
GLU01A0267_002 0.000 0.000 0.000 0.000 0.000
GLU02A0267_003 0.000 0.000 0.000 0.000 0.000
GLU02A0267_004 0.000 0.000 0.000 0.000 0.000
GLU-1A0267_005 1.000 1.000 1.000 1.000 1.000
LEU01A0268_001 1.000 1.000 1.000 1.000 1.000
ILE01A0269_001 1.000 1.000 1.000 1.000 1.000
ILE01A0270_001 1.000 1.000 1.000 1.000 1.000
GLU01A0271_001 0.000 0.000 0.000 0.000 0.000
GLU01A0271_002 0.000 0.000 0.000 0.000 0.000
GLU02A0271_003 0.000 0.000 0.000 0.000 0.000
GLU02A0271_004 0.000 0.000 0.000 0.000 0.000
GLU-1A0271_005 1.000 1.000 1.000 1.000 1.000
PHE01A0272_001 1.000 1.000 1.000 1.000 1.000
SER01A0273_001 1.000 1.000 1.000 1.000 1.000
LYS01A0274_001 0.000 0.000 0.000 0.000 0.000
LYS+1A0274_002 1.000 1.000 1.000 1.000 1.000
MET01A0275_001 1.000 1.000 1.000 1.000 1.000
ALA01A0276_001 1.000 1.000 1.000 1.000 1.000
ARG01A0277_001 0.000 0.000 0.000 0.000 0.000
ARG02A0277_002 0.000 0.000 0.000 0.000 0.000
ARG02A0277_003 1.000 1.000 1.000 1.000 1.000
ARG03A0277_004 0.000 0.000 0.000 0.000 0.000
ARG+1A0277_005 0.000 0.000 0.000 0.000 0.000
ASP01A0278_001 0.000 0.000 0.000 0.000 0.000
ASP01A0278_002 0.004 0.004 0.004 0.004 0.004
ASP02A0278_003 0.000 0.000 0.000 0.000 0.000
ASP02A0278_004 0.000 0.000 0.000 0.000 0.000
ASP-1A0278_005 0.996 0.996 0.996 0.996 0.996
PRO01A0279_001 1.000 1.000 1.000 1.000 1.000
GLN01A0280_001 0.981 0.981 0.981 0.982 0.981
GLN01A0280_002 0.019 0.019 0.019 0.018 0.019
ARG01A0281_001 0.000 0.000 0.000 0.000 0.000
ARG02A0281_002 0.000 0.000 0.000 0.000 0.000
ARG03A0281_003 0.000 0.000 0.000 0.000 0.000
ARG+1A0281_004 1.000 1.000 1.000 1.000 1.000
TYR01A0282_001 0.465 0.465 0.466 0.465 0.465
TYR01A0282_002 0.535 0.535 0.534 0.535 0.535
TYR-1A0282_003 0.000 0.000 0.000 0.000 0.000
LEU01A0283_001 1.000 1.000 1.000 1.000 1.000
VAL01A0284_001 1.000 1.000 1.000 1.000 1.000
ILE01A0285_001 1.000 1.000 1.000 1.000 1.000
GLN01A0286_001 0.348 0.349 0.350 0.349 0.349
GLN01A0286_002 0.652 0.651 0.650 0.651 0.651
ASP01A0288_001 0.008 0.008 0.008 0.008 0.008
ASP01A0288_002 0.035 0.038 0.036 0.038 0.037
ASP02A0288_003 0.000 0.000 0.000 0.000 0.000
ASP02A0288_004 0.000 0.000 0.000 0.000 0.000
ASP-1A0288_005 0.957 0.954 0.956 0.954 0.955
GLU01A0289_001 0.000 0.000 0.000 0.000 0.000
GLU01A0289_002 0.000 0.000 0.000 0.000 0.000
GLU02A0289_003 0.000 0.000 0.000 0.000 0.000
GLU02A0289_004 0.000 0.000 0.000 0.000 0.000
GLU-1A0289_005 1.000 1.000 1.000 1.000 1.000
ARG01A0290_001 0.000 0.000 0.000 0.000 0.000
ARG02A0290_002 0.000 0.000 0.000 0.000 0.000
ARG03A0290_003 0.000 0.000 0.000 0.000 0.000
ARG+1A0290_004 1.000 1.000 1.000 1.000 1.000
MET01A0291_001 1.000 1.000 1.000 1.000 1.000
HIS01A0292_001 0.072 0.072 0.073 0.072 0.073
HIS01A0292_002 0.175 0.174 0.175 0.175 0.174
HIS02A0292_003 0.200 0.198 0.199 0.200 0.200
HIS02A0292_004 0.156 0.155 0.156 0.156 0.155
HIS+1A0292_005 0.150 0.151 0.150 0.150 0.151
HIS+1A0292_006 0.247 0.248 0.248 0.247 0.248
LEU01A0293_001 1.000 1.000 1.000 1.000 1.000
PRO01A0294_001 1.000 1.000 1.000 1.000 1.000
SER01A0295_001 0.988 0.989 0.989 0.989 0.989
SER01A0295_002 0.012 0.011 0.011 0.011 0.011
PRO01A0296_001 1.000 1.000 1.000 1.000 1.000
THR01A0297_001 0.269 0.271 0.270 0.269 0.269
THR01A0297_002 0.008 0.008 0.009 0.009 0.009
THR01A0297_003 0.723 0.721 0.722 0.722 0.723
ASP01A0298_001 0.000 0.000 0.000 0.000 0.000
ASP01A0298_002 0.002 0.000 0.000 0.000 0.000
ASP02A0298_003 0.000 0.000 0.000 0.000 0.000
ASP02A0298_004 0.000 0.002 0.003 0.002 0.000
ASP-1A0298_005 0.998 0.997 0.997 0.997 1.000
SER01A0299_001 1.000 1.000 1.000 1.000 1.000
ASN01A0300_001 0.007 0.007 0.007 0.007 0.007
ASN01A0300_002 0.993 0.993 0.993 0.993 0.993
PHE01A0301_001 1.000 1.000 1.000 1.000 1.000
TYR01A0302_001 1.000 1.000 1.000 1.000 1.000
TYR-1A0302_002 0.000 0.000 0.000 0.000 0.000
ARG01A0303_001 0.000 0.000 0.000 0.000 0.000
ARG02A0303_002 0.000 0.000 0.000 0.000 0.000
ARG03A0303_003 0.000 0.000 0.000 0.000 0.000
ARG+1A0303_004 1.000 1.000 1.000 1.000 1.000
ALA01A0304_001 1.000 1.000 1.000 1.000 1.000
LEU01A0305_001 1.000 1.000 1.000 1.000 1.000
MET01A0306_001 1.000 1.000 1.000 1.000 1.000
ASP01A0307_001 0.000 0.000 0.000 0.000 0.000
ASP01A0307_002 0.000 0.000 0.000 0.000 0.000
ASP02A0307_003 0.000 0.000 0.000 0.000 0.000
ASP02A0307_004 0.000 0.000 0.000 0.000 0.000
ASP-1A0307_005 1.000 1.000 1.000 1.000 1.000
GLU01A0308_001 0.000 0.000 0.000 0.000 0.000
GLU01A0308_002 0.000 0.000 0.000 0.000 0.000
GLU02A0308_003 0.000 0.000 0.000 0.000 0.000
GLU02A0308_004 0.000 0.000 0.000 0.000 0.000
GLU-1A0308_005 1.000 1.000 1.000 1.000 1.000
GLU01A0309_001 0.000 0.000 0.000 0.000 0.000
GLU01A0309_002 0.000 0.000 0.000 0.000 0.000
GLU02A0309_003 0.000 0.000 0.000 0.000 0.000
GLU02A0309_004 0.000 0.000 0.000 0.000 0.000
GLU-1A0309_005 1.000 1.000 1.000 1.000 1.000
ASP01A0310_001 0.000 0.000 0.000 0.000 0.000
ASP01A0310_002 0.000 0.000 0.000 0.000 0.000
ASP02A0310_003 0.000 0.000 0.000 0.000 0.000
ASP02A0310_004 0.000 0.000 0.000 0.000 0.000
ASP-1A0310_005 1.000 1.000 1.000 1.000 1.000
MET01A0311_001 1.000 1.000 1.000 1.000 1.000
ASP01A0312_001 0.000 0.000 0.000 0.000 0.000
ASP01A0312_002 0.000 0.000 0.000 0.000 0.000
ASP02A0312_003 0.000 0.000 0.000 0.000 0.000
ASP02A0312_004 0.002 0.000 0.002 0.000 0.000
ASP-1A0312_005 0.998 1.000 0.998 1.000 1.000
ASP01A0313_001 0.000 0.000 0.000 0.000 0.000
ASP01A0313_002 0.000 0.000 0.000 0.000 0.000
ASP02A0313_003 0.000 0.000 0.000 0.000 0.000
ASP02A0313_004 0.000 0.000 0.000 0.000 0.000
ASP-1A0313_005 1.000 1.000 1.000 1.000 1.000
VAL01A0314_001 1.000 1.000 1.000 1.000 1.000
VAL01A0315_001 1.000 1.000 1.000 1.000 1.000
ASP01A0316_001 0.000 0.000 0.000 0.000 0.000
ASP01A0316_002 0.000 0.000 0.000 0.000 0.000
ASP02A0316_003 0.000 0.000 0.000 0.000 0.000
ASP02A0316_004 0.000 0.000 0.000 0.000 0.000
ASP-1A0316_005 1.000 1.000 1.000 1.000 1.000
ALA01A0317_001 1.000 1.000 1.000 1.000 1.000
ASP01A0318_001 0.000 0.000 0.000 0.000 0.000
ASP01A0318_002 0.000 0.000 0.000 0.000 0.000
ASP02A0318_003 0.000 0.000 0.000 0.000 0.000
ASP02A0318_004 0.000 0.000 0.000 0.000 0.000
ASP-1A0318_005 1.000 1.000 1.000 1.000 1.000
GLU01A0319_001 0.000 0.000 0.000 0.000 0.000
GLU01A0319_002 0.020 0.020 0.020 0.020 0.021
GLU02A0319_003 0.000 0.000 0.000 0.000 0.000
GLU02A0319_004 0.011 0.011 0.011 0.011 0.011
GLU-1A0319_005 0.969 0.969 0.969 0.969 0.968
TYR01A0320_001 0.000 0.000 0.000 0.000 0.000
TYR01A0320_002 1.000 1.000 1.000 1.000 1.000
TYR-1A0320_003 0.000 0.000 0.000 0.000 0.000
LEU01A0321_001 1.000 1.000 1.000 1.000 1.000
ILE01A0322_001 1.000 1.000 1.000 1.000 1.000
PRO01A0323_001 1.000 1.000 1.000 1.000 1.000
GLN01A0324_001 1.000 1.000 1.000 1.000 1.000
IRE01B0002_001 0.090 0.090 0.090 0.090 0.089
IRE01B0002_002 0.557 0.555 0.556 0.557 0.559
IRE+1B0002_003 0.046 0.045 0.046 0.046 0.046
IRE+1B0002_004 0.307 0.310 0.308 0.307 0.306
IRE+2B0002_005 0.000 0.000 0.000 0.000 0.000
IRE+2B0002_006 0.000 0.000 0.000 0.000 0.000
IRE+2B0002_007 0.000 0.000 0.000 0.000 0.000
IRE+2B0002_008 0.000 0.000 0.000 0.000 0.000
IRE+3B0002_009 0.000 0.000 0.000 0.000 0.000
IRE+3B0002_010 0.000 0.000 0.000 0.000 0.000
IRE+3B0002_011 0.000 0.000 0.000 0.000 0.000
IRE+3B0002_012 0.000 0.000 0.000 0.000 0.000
IRE+aB0002_013 0.000 0.000 0.000 0.000 0.000
IRE+aB0002_014 0.000 0.000 0.000 0.000 0.000
IREDMB0002_015 0.000 0.000 0.000 0.000 0.000
