 ph              7.4   7.4   7.4   7.4   7.4
LEU01A0001_001 1.000 1.000 1.000 1.000 1.000
SER01A0002_001 0.158 0.159 0.158 0.159 0.158
SER01A0002_002 0.391 0.390 0.390 0.388 0.389
SER01A0002_003 0.451 0.451 0.452 0.452 0.453
ILE01A0003_001 1.000 1.000 1.000 1.000 1.000
VAL01A0004_001 1.000 1.000 1.000 1.000 1.000
MET01A0005_001 1.000 1.000 1.000 1.000 1.000
ASP01A0006_001 0.000 0.000 0.000 0.000 0.000
ASP01A0006_002 0.000 0.000 0.000 0.000 0.000
ASP02A0006_003 0.064 0.064 0.065 0.064 0.064
ASP02A0006_004 0.468 0.472 0.472 0.469 0.469
ASP-1A0006_005 0.468 0.464 0.464 0.467 0.467
PRO01A0007_001 1.000 1.000 1.000 1.000 1.000
ASP01A0008_001 0.000 0.000 0.000 0.000 0.000
ASP01A0008_002 0.042 0.042 0.042 0.042 0.042
ASP02A0008_003 0.005 0.005 0.005 0.005 0.005
ASP02A0008_004 0.184 0.182 0.181 0.184 0.184
ASP-1A0008_005 0.769 0.771 0.772 0.769 0.768
GLU01A0009_001 0.000 0.000 0.000 0.000 0.000
GLU01A0009_002 0.002 0.001 0.000 0.000 0.000
GLU02A0009_003 0.000 0.000 0.000 0.000 0.000
GLU02A0009_004 0.000 0.002 0.000 0.002 0.002
GLU-1A0009_005 0.998 0.998 1.000 0.998 0.998
LEU01A0010_001 1.000 1.000 1.000 1.000 1.000
PRO01A0011_001 1.000 1.000 1.000 1.000 1.000
LEU01A0012_001 1.000 1.000 1.000 1.000 1.000
PRO01A0013_001 1.000 1.000 1.000 1.000 1.000
TYR01A0014_001 0.002 0.002 0.002 0.002 0.002
TYR01A0014_002 0.998 0.998 0.998 0.998 0.998
TYR-1A0014_003 0.000 0.000 0.000 0.000 0.000
ASP01A0015_001 0.000 0.000 0.000 0.000 0.000
ASP01A0015_002 0.000 0.000 0.000 0.000 0.000
ASP02A0015_003 0.000 0.000 0.000 0.000 0.000
ASP02A0015_004 0.000 0.000 0.000 0.000 0.000
ASP-1A0015_005 1.000 1.000 1.000 1.000 1.000
ALA01A0016_001 1.000 1.000 1.000 1.000 1.000
SER01A0017_001 0.335 0.334 0.335 0.334 0.334
SER01A0017_002 0.275 0.275 0.274 0.276 0.277
SER01A0017_003 0.390 0.391 0.391 0.390 0.389
LYS01A0018_001 0.000 0.000 0.000 0.000 0.000
LYS+1A0018_002 1.000 1.000 1.000 1.000 1.000
TRP01A0019_001 1.000 1.000 1.000 1.000 1.000
GLU01A0020_001 0.000 0.000 0.000 0.000 0.000
GLU01A0020_002 0.000 0.000 0.000 0.000 0.000
GLU02A0020_003 0.000 0.000 0.000 0.000 0.000
GLU02A0020_004 0.000 0.000 0.000 0.000 0.000
GLU-1A0020_005 1.000 1.000 1.000 1.000 1.000
PHE01A0021_001 1.000 1.000 1.000 1.000 1.000
PRO01A0022_001 1.000 1.000 1.000 1.000 1.000
ARG01A0023_001 0.000 0.000 0.000 0.000 0.000
ARG02A0023_002 0.000 0.000 0.000 0.000 0.000
ARG03A0023_003 0.000 0.000 0.000 0.000 0.000
ARG+1A0023_004 1.000 1.000 1.000 1.000 1.000
ASP01A0024_001 0.000 0.000 0.000 0.000 0.000
ASP01A0024_002 0.000 0.000 0.000 0.000 0.000
ASP02A0024_003 0.000 0.000 0.000 0.000 0.000
ASP02A0024_004 0.000 0.000 0.000 0.000 0.000
ASP-1A0024_005 1.000 1.000 1.000 1.000 1.000
ARG01A0025_001 0.000 0.000 0.000 0.000 0.000
ARG02A0025_002 0.000 0.000 0.000 0.000 0.000
ARG03A0025_003 0.000 0.000 0.000 0.000 0.000
ARG+1A0025_004 1.000 1.000 1.000 1.000 1.000
LEU01A0026_001 1.000 1.000 1.000 1.000 1.000
LYS01A0027_001 0.000 0.000 0.000 0.000 0.000
LYS+1A0027_002 1.000 1.000 1.000 1.000 1.000
LEU01A0028_001 1.000 1.000 1.000 1.000 1.000
LYS01A0030_001 0.000 0.000 0.000 0.000 0.000
LYS+1A0030_002 1.000 1.000 1.000 1.000 1.000
PRO01A0031_001 1.000 1.000 1.000 1.000 1.000
LEU01A0032_001 1.000 1.000 1.000 1.000 1.000
ARG01A0034_001 0.000 0.000 0.000 0.000 0.000
ARG02A0034_002 0.000 0.000 0.000 0.000 0.000
ARG03A0034_003 0.000 0.000 0.000 0.000 0.000
ARG+1A0034_004 1.000 1.000 1.000 1.000 1.000
ALA01A0036_001 1.000 1.000 1.000 1.000 1.000
PHE01A0037_001 1.000 1.000 1.000 1.000 1.000
GLN01A0039_001 0.997 0.997 0.997 0.997 0.997
GLN01A0039_002 0.003 0.003 0.003 0.003 0.003
VAL01A0040_001 1.000 1.000 1.000 1.000 1.000
ILE01A0041_001 1.000 1.000 1.000 1.000 1.000
GLU01A0042_001 0.000 0.000 0.000 0.000 0.000
GLU01A0042_002 0.000 0.000 0.000 0.000 0.000
GLU02A0042_003 0.000 0.000 0.000 0.000 0.000
GLU02A0042_004 0.005 0.005 0.005 0.005 0.005
GLU-1A0042_005 0.995 0.995 0.995 0.995 0.995
ALA01A0043_001 1.000 1.000 1.000 1.000 1.000
ASP01A0044_001 0.000 0.000 0.000 0.000 0.000
ASP01A0044_002 0.003 0.003 0.003 0.003 0.003
ASP02A0044_003 0.000 0.000 0.000 0.000 0.000
ASP02A0044_004 0.002 0.002 0.002 0.003 0.002
ASP-1A0044_005 0.995 0.995 0.995 0.995 0.995
ALA01A0045_001 1.000 1.000 1.000 1.000 1.000
PHE01A0046_001 1.000 1.000 1.000 1.000 1.000
ILE01A0048_001 1.000 1.000 1.000 1.000 1.000
ASP01A0049_001 0.000 0.000 0.000 0.000 0.000
ASP01A0049_002 0.000 0.000 0.000 0.000 0.000
ASP02A0049_003 0.000 0.000 0.000 0.000 0.000
ASP02A0049_004 0.000 0.000 0.000 0.000 0.000
ASP-1A0049_005 1.000 1.000 1.000 1.000 1.000
LYS01A0050_001 0.003 0.003 0.003 0.003 0.003
LYS+1A0050_002 0.997 0.997 0.997 0.997 0.997
THR01A0051_001 0.310 0.310 0.310 0.309 0.310
THR01A0051_002 0.690 0.690 0.690 0.691 0.690
ALA01A0052_001 1.000 1.000 1.000 1.000 1.000
THR01A0053_001 0.914 0.914 0.914 0.915 0.914
THR01A0053_002 0.086 0.086 0.086 0.085 0.086
CYS01A0054_001 0.113 0.114 0.113 0.113 0.113
CYS01A0054_002 0.122 0.123 0.122 0.122 0.123
CYS01A0054_003 0.640 0.638 0.640 0.640 0.639
CYS-1A0054_004 0.125 0.125 0.125 0.125 0.125
ARG01A0055_001 0.000 0.000 0.000 0.000 0.000
ARG02A0055_002 0.000 0.000 0.000 0.000 0.000
ARG03A0055_003 0.000 0.000 0.000 0.000 0.000
ARG03A0055_004 0.000 0.000 0.000 0.000 0.000
ARG+1A0055_005 1.000 1.000 1.000 1.000 1.000
THR01A0056_001 0.336 0.336 0.336 0.335 0.336
THR01A0056_002 0.664 0.664 0.664 0.665 0.664
VAL01A0057_001 1.000 1.000 1.000 1.000 1.000
ALA01A0058_001 1.000 1.000 1.000 1.000 1.000
VAL01A0059_001 1.000 1.000 1.000 1.000 1.000
LYS01A0060_001 0.004 0.004 0.004 0.004 0.004
LYS+1A0060_002 0.996 0.996 0.996 0.996 0.996
MET01A0061_001 1.000 1.000 1.000 1.000 1.000
LEU01A0062_001 1.000 1.000 1.000 1.000 1.000
LYS01A0063_001 0.002 0.002 0.002 0.002 0.002
LYS+1A0063_002 0.998 0.998 0.998 0.998 0.998
GLU01A0064_001 0.000 0.000 0.000 0.000 0.000
GLU01A0064_002 0.000 0.000 0.000 0.000 0.000
GLU02A0064_003 0.000 0.000 0.000 0.000 0.000
GLU02A0064_004 0.000 0.000 0.000 0.000 0.000
GLU-1A0064_005 1.000 1.000 1.000 1.000 1.000
ALA01A0066_001 1.000 1.000 1.000 1.000 1.000
THR01A0067_001 0.916 0.915 0.915 0.915 0.915
THR01A0067_002 0.000 0.000 0.000 0.000 0.000
THR01A0067_003 0.084 0.085 0.085 0.085 0.085
HIS01A0068_001 0.182 0.184 0.183 0.184 0.183
HIS01A0068_002 0.202 0.201 0.200 0.202 0.201
HIS02A0068_003 0.394 0.391 0.396 0.392 0.392
HIS02A0068_004 0.155 0.156 0.153 0.154 0.155
HIS+1A0068_005 0.043 0.043 0.043 0.044 0.043
HIS+1A0068_006 0.025 0.025 0.024 0.025 0.025
SER01A0069_001 1.000 1.000 1.000 1.000 1.000
GLU01A0070_001 0.000 0.000 0.000 0.000 0.000
GLU01A0070_002 0.000 0.000 0.000 0.000 0.000
GLU02A0070_003 0.000 0.000 0.000 0.000 0.000
GLU02A0070_004 0.000 0.000 0.000 0.000 0.000
GLU-1A0070_005 1.000 1.000 1.000 1.000 1.000
HIS01A0071_001 0.138 0.138 0.139 0.139 0.140
HIS01A0071_002 0.272 0.273 0.273 0.273 0.270
HIS02A0071_003 0.146 0.146 0.147 0.145 0.146
HIS02A0071_004 0.434 0.432 0.432 0.433 0.435
HIS+1A0071_005 0.003 0.003 0.003 0.003 0.003
HIS+1A0071_006 0.007 0.008 0.007 0.008 0.007
ARG01A0072_001 0.000 0.000 0.000 0.000 0.000
ARG02A0072_002 0.000 0.000 0.000 0.000 0.000
ARG03A0072_003 0.000 0.000 0.000 0.000 0.000
ARG+1A0072_004 1.000 1.000 1.000 1.000 1.000
ALA01A0073_001 1.000 1.000 1.000 1.000 1.000
LEU01A0074_001 1.000 1.000 1.000 1.000 1.000
MET01A0075_001 1.000 1.000 1.000 1.000 1.000
SER01A0076_001 0.246 0.246 0.245 0.245 0.247
SER01A0076_002 0.754 0.754 0.755 0.755 0.753
GLU01A0077_001 0.000 0.000 0.000 0.000 0.000
GLU01A0077_002 0.000 0.000 0.000 0.000 0.000
GLU02A0077_003 0.000 0.000 0.000 0.000 0.000
GLU02A0077_004 0.004 0.004 0.004 0.004 0.004
GLU-1A0077_005 0.996 0.996 0.996 0.996 0.996
LEU01A0078_001 1.000 1.000 1.000 1.000 1.000
LYS01A0079_001 0.003 0.003 0.003 0.003 0.003
LYS+1A0079_002 0.997 0.997 0.997 0.997 0.997
ILE01A0080_001 1.000 1.000 1.000 1.000 1.000
LEU01A0081_001 1.000 1.000 1.000 1.000 1.000
ILE01A0082_001 1.000 1.000 1.000 1.000 1.000
HIS01A0083_001 0.947 0.948 0.948 0.946 0.947
HIS02A0083_002 0.051 0.050 0.050 0.052 0.051
HIS+1A0083_003 0.002 0.002 0.002 0.002 0.002
ILE01A0084_001 1.000 1.000 1.000 1.000 1.000
HIS01A0086_001 0.051 0.051 0.051 0.051 0.051
HIS01A0086_002 0.174 0.175 0.174 0.173 0.174
HIS02A0086_003 0.217 0.216 0.217 0.215 0.216
HIS02A0086_004 0.240 0.240 0.241 0.240 0.241
HIS+1A0086_005 0.110 0.110 0.110 0.111 0.111
HIS+1A0086_006 0.209 0.207 0.208 0.210 0.208
HIS01A0087_001 1.000 1.000 1.000 1.000 1.000
HIS02A0087_002 0.000 0.000 0.000 0.000 0.000
HIS+1A0087_003 0.000 0.000 0.000 0.000 0.000
LEU01A0088_001 1.000 1.000 1.000 1.000 1.000
ASN01A0089_001 1.000 1.000 1.000 1.000 1.000
ASN01A0089_002 0.000 0.000 0.000 0.000 0.000
VAL01A0090_001 1.000 1.000 1.000 1.000 1.000
VAL01A0091_001 1.000 1.000 1.000 1.000 1.000
ASN01A0092_001 0.000 0.000 0.000 0.000 0.000
ASN01A0092_002 1.000 1.000 1.000 1.000 1.000
LEU01A0093_001 1.000 1.000 1.000 1.000 1.000
LEU01A0094_001 1.000 1.000 1.000 1.000 1.000
ALA01A0096_001 1.000 1.000 1.000 1.000 1.000
CYS01A0097_001 0.724 0.722 0.724 0.723 0.723
CYS01A0097_002 0.126 0.127 0.126 0.127 0.126
CYS01A0097_003 0.150 0.150 0.150 0.150 0.150
CYS-1A0097_004 0.000 0.000 0.000 0.000 0.000
THR01A0098_001 0.965 0.965 0.964 0.965 0.964
THR01A0098_002 0.012 0.012 0.012 0.012 0.012
THR01A0098_003 0.024 0.023 0.024 0.024 0.024
LYS01A0099_001 0.000 0.000 0.000 0.000 0.000
LYS+1A0099_002 1.000 1.000 1.000 1.000 1.000
PRO01A0100_001 1.000 1.000 1.000 1.000 1.000
PRO01A0103_001 1.000 1.000 1.000 1.000 1.000
LEU01A0104_001 1.000 1.000 1.000 1.000 1.000
MET01A0105_001 1.000 1.000 1.000 1.000 1.000
VAL01A0106_001 1.000 1.000 1.000 1.000 1.000
ILE01A0107_001 1.000 1.000 1.000 1.000 1.000
VAL01A0108_001 1.000 1.000 1.000 1.000 1.000
GLU01A0109_001 0.000 0.000 0.000 0.000 0.000
GLU01A0109_002 0.000 0.000 0.000 0.000 0.000
GLU02A0109_003 0.000 0.000 0.000 0.000 0.000
GLU02A0109_004 0.000 0.000 0.000 0.000 0.000
GLU-1A0109_005 1.000 1.000 1.000 1.000 1.000
PHE01A0110_001 1.000 1.000 1.000 1.000 1.000
CYS01A0111_001 0.052 0.051 0.051 0.050 0.051
CYS01A0111_002 0.895 0.896 0.896 0.897 0.897
CYS01A0111_003 0.053 0.053 0.053 0.052 0.052
CYS-1A0111_004 0.000 0.000 0.000 0.000 0.000
LYS01A0112_001 0.000 0.000 0.000 0.000 0.000
LYS+1A0112_002 1.000 1.000 1.000 1.000 1.000
PHE01A0113_001 1.000 1.000 1.000 1.000 1.000
ASN01A0115_001 0.995 0.995 0.995 0.995 0.995
ASN01A0115_002 0.005 0.005 0.005 0.005 0.005
LEU01A0116_001 1.000 1.000 1.000 1.000 1.000
SER01A0117_001 0.611 0.611 0.611 0.612 0.613
SER01A0117_002 0.389 0.389 0.389 0.388 0.387
THR01A0118_001 0.253 0.253 0.253 0.252 0.252
THR01A0118_002 0.131 0.129 0.129 0.130 0.129
THR01A0118_003 0.616 0.618 0.618 0.618 0.619
TYR01A0119_001 1.000 1.000 1.000 1.000 1.000
TYR-1A0119_002 0.000 0.000 0.000 0.000 0.000
LEU01A0120_001 1.000 1.000 1.000 1.000 1.000
ARG01A0121_001 0.000 0.000 0.000 0.000 0.000
ARG02A0121_002 0.621 0.620 0.621 0.622 0.622
ARG02A0121_003 0.000 0.000 0.000 0.000 0.000
ARG03A0121_004 0.000 0.000 0.000 0.000 0.000
ARG+1A0121_005 0.379 0.380 0.379 0.378 0.378
SER01A0122_001 0.966 0.967 0.967 0.967 0.967
SER01A0122_002 0.034 0.033 0.033 0.033 0.033
LYS01A0123_001 0.000 0.000 0.000 0.000 0.000
LYS+1A0123_002 1.000 1.000 1.000 1.000 1.000
ARG01A0124_001 0.000 0.000 0.000 0.000 0.000
ARG02A0124_002 0.000 0.000 0.000 0.000 0.000
ARG03A0124_003 0.000 0.000 0.000 0.000 0.000
ARG+1A0124_004 1.000 1.000 1.000 1.000 1.000
ASN01A0125_001 0.038 0.039 0.038 0.039 0.039
ASN01A0125_002 0.962 0.961 0.962 0.961 0.961
GLU01A0126_001 0.000 0.000 0.000 0.000 0.000
GLU01A0126_002 0.000 0.000 0.000 0.000 0.000
GLU02A0126_003 0.000 0.000 0.000 0.000 0.000
GLU02A0126_004 0.000 0.000 0.000 0.000 0.000
GLU-1A0126_005 1.000 1.000 1.000 1.000 1.000
PHE01A0127_001 1.000 1.000 1.000 1.000 1.000
VAL01A0128_001 1.000 1.000 1.000 1.000 1.000
PRO01A0129_001 1.000 1.000 1.000 1.000 1.000
TYR01A0130_001 1.000 1.000 1.000 1.000 1.000
TYR-1A0130_002 0.000 0.000 0.000 0.000 0.000
TYR01A0131_001 0.478 0.480 0.480 0.479 0.478
TYR01A0131_002 0.517 0.515 0.515 0.515 0.516
TYR-1A0131_003 0.005 0.005 0.005 0.005 0.005
LYS01A0132_001 0.000 0.000 0.000 0.000 0.000
LYS+1A0132_002 1.000 1.000 1.000 1.000 1.000
ASP01A0133_001 0.000 0.000 0.000 0.000 0.000
ASP01A0133_002 0.000 0.000 0.000 0.000 0.000
ASP02A0133_003 0.000 0.000 0.000 0.000 0.000
ASP02A0133_004 0.000 0.000 0.000 0.000 0.000
ASP-1A0133_005 1.000 1.000 1.000 1.000 1.000
PHE01A0134_001 1.000 1.000 1.000 1.000 1.000
LEU01A0135_001 1.000 1.000 1.000 1.000 1.000
THR01A0136_001 0.353 0.351 0.353 0.353 0.353
THR01A0136_002 0.647 0.649 0.647 0.647 0.647
LEU01A0137_001 1.000 1.000 1.000 1.000 1.000
GLU01A0138_001 0.000 0.000 0.000 0.000 0.000
GLU01A0138_002 0.015 0.015 0.015 0.015 0.015
GLU02A0138_003 0.000 0.000 0.000 0.000 0.000
GLU02A0138_004 0.033 0.032 0.032 0.033 0.033
GLU-1A0138_005 0.951 0.953 0.952 0.952 0.952
HIS01A0139_001 0.740 0.738 0.740 0.741 0.739
HIS02A0139_002 0.259 0.261 0.260 0.259 0.260
HIS+1A0139_003 0.001 0.001 0.000 0.000 0.000
LEU01A0140_001 1.000 1.000 1.000 1.000 1.000
ILE01A0141_001 1.000 1.000 1.000 1.000 1.000
CYS01A0142_001 0.023 0.023 0.023 0.023 0.023
CYS01A0142_002 0.440 0.440 0.439 0.440 0.438
CYS01A0142_003 0.533 0.533 0.534 0.533 0.534
CYS-1A0142_004 0.004 0.004 0.004 0.004 0.004
TYR01A0143_001 0.975 0.974 0.974 0.974 0.974
TYR01A0143_002 0.025 0.026 0.026 0.026 0.026
TYR-1A0143_003 0.000 0.000 0.000 0.000 0.000
SER01A0144_001 0.048 0.048 0.048 0.048 0.048
SER01A0144_002 0.764 0.764 0.764 0.765 0.764
SER01A0144_003 0.188 0.188 0.188 0.187 0.188
PHE01A0145_001 1.000 1.000 1.000 1.000 1.000
GLN01A0146_001 1.000 1.000 1.000 1.000 1.000
GLN01A0146_002 0.000 0.000 0.000 0.000 0.000
VAL01A0147_001 1.000 1.000 1.000 1.000 1.000
ALA01A0148_001 1.000 1.000 1.000 1.000 1.000
LYS01A0149_001 0.000 0.000 0.000 0.000 0.000
LYS+1A0149_002 1.000 1.000 1.000 1.000 1.000
MET01A0151_001 1.000 1.000 1.000 1.000 1.000
GLU01A0152_001 0.000 0.000 0.000 0.000 0.000
GLU01A0152_002 0.004 0.004 0.005 0.004 0.004
GLU02A0152_003 0.000 0.000 0.000 0.000 0.000
GLU02A0152_004 0.000 0.000 0.000 0.000 0.000
GLU-1A0152_005 0.995 0.995 0.995 0.996 0.996
PHE01A0153_001 1.000 1.000 1.000 1.000 1.000
LEU01A0154_001 1.000 1.000 1.000 1.000 1.000
ALA01A0155_001 1.000 1.000 1.000 1.000 1.000
SER01A0156_001 0.200 0.201 0.201 0.202 0.201
SER01A0156_002 0.800 0.799 0.799 0.798 0.799
ARG01A0157_001 0.000 0.000 0.000 0.000 0.000
ARG02A0157_002 0.000 0.000 0.000 0.000 0.000
ARG03A0157_003 0.000 0.000 0.000 0.000 0.000
ARG+1A0157_004 1.000 1.000 1.000 1.000 1.000
LYS01A0158_001 0.000 0.000 0.000 0.000 0.000
LYS+1A0158_002 1.000 1.000 1.000 1.000 1.000
CYS01A0159_001 0.353 0.351 0.350 0.352 0.351
CYS01A0159_002 0.346 0.347 0.348 0.347 0.347
CYS01A0159_003 0.301 0.302 0.302 0.301 0.302
CYS-1A0159_004 0.000 0.000 0.000 0.000 0.000
ILE01A0160_001 1.000 1.000 1.000 1.000 1.000
HIS01A0161_001 1.000 1.000 1.000 1.000 1.000
HIS02A0161_002 0.000 0.000 0.000 0.000 0.000
HIS+1A0161_003 0.000 0.000 0.000 0.000 0.000
ARG01A0162_001 0.000 0.000 0.000 0.000 0.000
ARG02A0162_002 0.000 0.000 0.000 0.000 0.000
ARG03A0162_003 0.000 0.000 0.000 0.000 0.000
ARG03A0162_004 0.000 0.000 0.000 0.000 0.000
ARG+1A0162_005 1.000 1.000 1.000 1.000 1.000
ASP01A0163_001 0.000 0.000 0.000 0.000 0.000
ASP01A0163_002 0.000 0.000 0.000 0.000 0.000
ASP02A0163_003 0.000 0.000 0.000 0.000 0.000
ASP02A0163_004 0.000 0.000 0.000 0.000 0.000
ASP-1A0163_005 1.000 1.000 1.000 1.000 1.000
LEU01A0164_001 1.000 1.000 1.000 1.000 1.000
ALA01A0165_001 1.000 1.000 1.000 1.000 1.000
ALA01A0166_001 1.000 1.000 1.000 1.000 1.000
ARG01A0167_001 0.000 0.000 0.000 0.000 0.000
ARG02A0167_002 0.000 0.000 0.000 0.000 0.000
ARG03A0167_003 0.000 0.000 0.000 0.000 0.000
ARG03A0167_004 0.000 0.000 0.000 0.000 0.000
ARG+1A0167_005 1.000 1.000 1.000 1.000 1.000
ASN01A0168_001 1.000 1.000 1.000 1.000 1.000
ILE01A0169_001 1.000 1.000 1.000 1.000 1.000
LEU01A0170_001 1.000 1.000 1.000 1.000 1.000
LEU01A0171_001 1.000 1.000 1.000 1.000 1.000
SER01A0172_001 1.000 1.000 1.000 1.000 1.000
GLU01A0173_001 0.000 0.000 0.000 0.000 0.000
GLU01A0173_002 0.000 0.000 0.000 0.000 0.000
GLU02A0173_003 0.000 0.000 0.000 0.000 0.000
GLU02A0173_004 0.000 0.000 0.000 0.000 0.000
GLU-1A0173_005 1.000 1.000 1.000 1.000 1.000
LYS01A0174_001 0.005 0.005 0.005 0.005 0.005
LYS+1A0174_002 0.995 0.995 0.995 0.995 0.995
ASN01A0175_001 1.000 0.999 1.000 1.000 1.000
ASN01A0175_002 0.000 0.001 0.000 0.000 0.000
VAL01A0176_001 1.000 1.000 1.000 1.000 1.000
VAL01A0177_001 1.000 1.000 1.000 1.000 1.000
LYS01A0178_001 0.000 0.000 0.000 0.000 0.000
LYS+1A0178_002 1.000 1.000 1.000 1.000 1.000
ILE01A0179_001 1.000 1.000 1.000 1.000 1.000
CYS01A0180_001 0.307 0.307 0.308 0.306 0.306
CYS01A0180_002 0.266 0.267 0.267 0.267 0.267
CYS01A0180_003 0.426 0.426 0.425 0.427 0.426
CYS-1A0180_004 0.000 0.000 0.000 0.000 0.000
ASP01A0181_001 0.000 0.000 0.000 0.000 0.000
ASP01A0181_002 0.000 0.000 0.000 0.000 0.000
ASP02A0181_003 0.000 0.000 0.000 0.000 0.000
ASP02A0181_004 0.000 0.000 0.000 0.000 0.000
ASP-1A0181_005 1.000 1.000 1.000 1.000 1.000
PHE01A0182_001 1.000 1.000 1.000 1.000 1.000
LEU01A0184_001 1.000 1.000 1.000 1.000 1.000
ALA01A0185_001 1.000 1.000 1.000 1.000 1.000
ARG01A0186_001 0.000 0.000 0.000 0.000 0.000
ARG02A0186_002 0.000 0.000 0.000 0.000 0.000
ARG03A0186_003 0.000 0.000 0.000 0.000 0.000
ARG03A0186_004 0.000 0.000 0.000 0.000 0.000
ARG+1A0186_005 1.000 1.000 1.000 1.000 1.000
ASP01A0187_001 0.000 0.000 0.000 0.000 0.000
ASP01A0187_002 0.000 0.000 0.000 0.000 0.000
ASP02A0187_003 0.000 0.000 0.000 0.000 0.000
ASP02A0187_004 0.000 0.000 0.000 0.000 0.000
ASP-1A0187_005 1.000 1.000 1.000 1.000 1.000
ILE01A0188_001 1.000 1.000 1.000 1.000 1.000
TYR01A0189_001 0.997 0.997 0.997 0.997 0.997
TYR-1A0189_002 0.003 0.003 0.003 0.003 0.003
LYS01A0190_001 0.001 0.002 0.001 0.002 0.001
LYS+1A0190_002 0.999 0.998 0.999 0.998 0.999
ASP01A0191_001 0.000 0.000 0.000 0.000 0.000
ASP01A0191_002 0.000 0.000 0.000 0.000 0.000
ASP02A0191_003 0.000 0.000 0.000 0.000 0.000
ASP02A0191_004 0.000 0.000 0.000 0.000 0.000
ASP-1A0191_005 1.000 1.000 1.000 1.000 1.000
PRO01A0192_001 1.000 1.000 1.000 1.000 1.000
ASP01A0193_001 0.000 0.000 0.000 0.000 0.000
ASP01A0193_002 0.000 0.000 0.000 0.000 0.000
ASP02A0193_003 0.000 0.000 0.000 0.000 0.000
ASP02A0193_004 0.007 0.006 0.007 0.007 0.006
ASP-1A0193_005 0.993 0.993 0.993 0.993 0.993
TYR01A0194_001 1.000 1.000 1.000 1.000 1.000
TYR01A0194_002 0.000 0.000 0.000 0.000 0.000
TYR-1A0194_003 0.000 0.000 0.000 0.000 0.000
VAL01A0195_001 1.000 1.000 1.000 1.000 1.000
ARG01A0196_001 0.000 0.000 0.000 0.000 0.000
ARG02A0196_002 0.000 0.000 0.000 0.000 0.000
ARG03A0196_003 0.000 0.000 0.000 0.000 0.000
ARG+1A0196_004 1.000 1.000 1.000 1.000 1.000
LYS01A0197_001 0.414 0.413 0.413 0.412 0.413
LYS+1A0197_002 0.586 0.587 0.587 0.588 0.587
ASP01A0199_001 0.000 0.000 0.000 0.000 0.000
ASP01A0199_002 0.000 0.000 0.000 0.000 0.000
ASP02A0199_003 0.000 0.000 0.000 0.000 0.000
ASP02A0199_004 0.000 0.000 0.000 0.000 0.000
ASP-1A0199_005 1.000 1.000 1.000 1.000 1.000
ALA01A0200_001 1.000 1.000 1.000 1.000 1.000
ARG01A0201_001 0.000 0.000 0.000 0.000 0.002
ARG02A0201_002 0.000 0.000 0.000 0.000 0.000
ARG03A0201_003 0.000 0.000 0.000 0.000 0.000
ARG+1A0201_004 1.000 1.000 1.000 1.000 0.998
LEU01A0202_001 1.000 1.000 1.000 1.000 1.000
PRO01A0203_001 1.000 1.000 1.000 1.000 1.000
LEU01A0204_001 1.000 1.000 1.000 1.000 1.000
LYS01A0205_001 0.031 0.031 0.031 0.032 0.031
LYS+1A0205_002 0.969 0.969 0.969 0.968 0.969
TRP01A0206_001 1.000 1.000 1.000 1.000 1.000
MET01A0207_001 1.000 1.000 1.000 1.000 1.000
ALA01A0208_001 1.000 1.000 1.000 1.000 1.000
PRO01A0209_001 1.000 1.000 1.000 1.000 1.000
GLU01A0210_001 0.000 0.000 0.000 0.000 0.000
GLU01A0210_002 0.000 0.000 0.000 0.000 0.000
GLU02A0210_003 0.000 0.000 0.000 0.000 0.000
GLU02A0210_004 0.000 0.000 0.000 0.000 0.000
GLU-1A0210_005 1.000 1.000 1.000 1.000 1.000
THR01A0211_001 0.606 0.607 0.607 0.608 0.606
THR01A0211_002 0.078 0.078 0.078 0.077 0.077
THR01A0211_003 0.316 0.316 0.315 0.315 0.317
ILE01A0212_001 1.000 1.000 1.000 1.000 1.000
PHE01A0213_001 1.000 1.000 1.000 1.000 1.000
ASP01A0214_001 0.000 0.000 0.000 0.000 0.000
ASP01A0214_002 0.000 0.000 0.000 0.000 0.000
ASP02A0214_003 0.000 0.000 0.000 0.000 0.000
ASP02A0214_004 0.000 0.000 0.000 0.000 0.000
ASP-1A0214_005 1.000 1.000 1.000 1.000 1.000
ARG01A0215_001 0.000 0.000 0.000 0.000 0.000
ARG02A0215_002 0.000 0.000 0.000 0.000 0.000
ARG03A0215_003 0.000 0.000 0.000 0.000 0.000
ARG03A0215_004 0.000 0.000 0.000 0.000 0.000
ARG+1A0215_005 1.000 1.000 1.000 1.000 1.000
VAL01A0216_001 1.000 1.000 1.000 1.000 1.000
TYR01A0217_001 0.995 0.994 0.995 0.994 0.994
TYR-1A0217_002 0.005 0.006 0.005 0.006 0.006
THR01A0218_001 0.002 0.002 0.002 0.002 0.002
THR01A0218_002 0.000 0.000 0.000 0.000 0.000
THR01A0218_003 0.998 0.998 0.998 0.998 0.998
ILE01A0219_001 1.000 1.000 1.000 1.000 1.000
GLN01A0220_001 1.000 1.000 1.000 1.000 1.000
SER01A0221_001 0.021 0.021 0.021 0.021 0.021
SER01A0221_002 0.142 0.143 0.143 0.144 0.141
SER01A0221_003 0.837 0.837 0.836 0.835 0.838
ASP01A0222_001 0.000 0.000 0.000 0.000 0.000
ASP01A0222_002 0.955 0.956 0.955 0.954 0.956
ASP02A0222_003 0.002 0.002 0.002 0.002 0.002
ASP02A0222_004 0.043 0.042 0.043 0.044 0.042
ASP-1A0222_005 0.000 0.000 0.000 0.000 0.000
VAL01A0223_001 1.000 1.000 1.000 1.000 1.000
TRP01A0224_001 1.000 1.000 1.000 1.000 1.000
SER01A0225_001 0.794 0.794 0.793 0.794 0.794
SER01A0225_002 0.206 0.206 0.207 0.206 0.206
PHE01A0226_001 1.000 1.000 1.000 1.000 1.000
VAL01A0228_001 1.000 1.000 1.000 1.000 1.000
LEU01A0229_001 1.000 1.000 1.000 1.000 1.000
LEU01A0230_001 1.000 1.000 1.000 1.000 1.000
TRP01A0231_001 1.000 1.000 1.000 1.000 1.000
GLU01A0232_001 0.000 0.000 0.000 0.000 0.000
GLU01A0232_002 0.000 0.000 0.000 0.000 0.000
GLU02A0232_003 0.024 0.024 0.024 0.024 0.024
GLU02A0232_004 0.005 0.005 0.005 0.005 0.005
GLU-1A0232_005 0.971 0.971 0.971 0.971 0.971
ILE01A0233_001 1.000 1.000 1.000 1.000 1.000
PHE01A0234_001 1.000 1.000 1.000 1.000 1.000
SER01A0235_001 0.305 0.306 0.306 0.305 0.306
SER01A0235_002 0.001 0.000 0.000 0.000 0.000
SER01A0235_003 0.694 0.694 0.694 0.695 0.694
LEU01A0236_001 1.000 1.000 1.000 1.000 1.000
ALA01A0238_001 1.000 1.000 1.000 1.000 1.000
SER01A0239_001 1.000 1.000 1.000 1.000 1.000
PRO01A0240_001 1.000 1.000 1.000 1.000 1.000
TYR01A0241_001 1.000 1.000 1.000 1.000 1.000
TYR-1A0241_002 0.000 0.000 0.000 0.000 0.000
PRO01A0242_001 1.000 1.000 1.000 1.000 1.000
VAL01A0244_001 1.000 1.000 1.000 1.000 1.000
LYS01A0245_001 0.000 0.000 0.000 0.000 0.001
LYS+1A0245_002 1.000 1.000 1.000 1.000 0.999
ILE01A0246_001 1.000 1.000 1.000 1.000 1.000
ASP01A0247_001 0.000 0.000 0.000 0.000 0.000
ASP01A0247_002 0.000 0.000 0.000 0.000 0.000
ASP02A0247_003 0.000 0.000 0.000 0.000 0.000
ASP02A0247_004 0.000 0.000 0.000 0.000 0.000
ASP-1A0247_005 1.000 1.000 1.000 1.000 1.000
GLU01A0248_001 0.000 0.000 0.000 0.000 0.000
GLU01A0248_002 0.000 0.000 0.000 0.000 0.000
GLU02A0248_003 0.000 0.000 0.000 0.000 0.000
GLU02A0248_004 0.000 0.000 0.000 0.000 0.000
GLU-1A0248_005 1.000 1.000 1.000 1.000 1.000
GLU01A0249_001 0.000 0.000 0.000 0.000 0.000
GLU01A0249_002 0.000 0.000 0.000 0.000 0.000
GLU02A0249_003 0.000 0.000 0.000 0.000 0.000
GLU02A0249_004 0.000 0.000 0.000 0.000 0.000
GLU-1A0249_005 1.000 1.000 1.000 1.000 1.000
PHE01A0250_001 1.000 1.000 1.000 1.000 1.000
CYS01A0251_001 0.238 0.239 0.238 0.238 0.239
CYS01A0251_002 0.329 0.327 0.328 0.329 0.327
CYS01A0251_003 0.433 0.434 0.434 0.433 0.433
CYS-1A0251_004 0.000 0.000 0.000 0.000 0.000
ARG01A0252_001 0.000 0.000 0.000 0.000 0.000
ARG02A0252_002 0.000 0.000 0.000 0.000 0.000
ARG03A0252_003 0.000 0.000 0.000 0.000 0.000
ARG+1A0252_004 1.000 1.000 1.000 1.000 1.000
ARG01A0253_001 0.000 0.000 0.000 0.000 0.000
ARG02A0253_002 0.000 0.000 0.000 0.000 0.000
ARG02A0253_003 0.000 0.000 0.000 0.000 0.000
ARG03A0253_004 0.000 0.000 0.000 0.000 0.000
ARG+1A0253_005 1.000 1.000 1.000 1.000 1.000
LEU01A0254_001 1.000 1.000 1.000 1.000 1.000
LYS01A0255_001 0.000 0.000 0.000 0.000 0.000
LYS+1A0255_002 1.000 1.000 1.000 1.000 1.000
GLU01A0256_001 0.000 0.000 0.000 0.000 0.000
GLU01A0256_002 0.000 0.000 0.000 0.000 0.000
GLU02A0256_003 0.000 0.000 0.000 0.000 0.000
GLU02A0256_004 0.000 0.000 0.000 0.000 0.000
GLU-1A0256_005 1.000 1.000 1.000 1.000 1.000
THR01A0258_001 1.000 1.000 1.000 1.000 1.000
ARG01A0259_001 0.000 0.000 0.000 0.000 0.000
ARG02A0259_002 0.000 0.000 0.000 0.000 0.000
ARG03A0259_003 0.000 0.000 0.000 0.000 0.000
ARG03A0259_004 0.000 0.000 0.000 0.000 0.000
ARG+1A0259_005 1.000 1.000 1.000 1.000 1.000
MET01A0260_001 1.000 1.000 1.000 1.000 1.000
ARG01A0261_001 0.000 0.000 0.000 0.000 0.000
ARG02A0261_002 0.000 0.000 0.000 0.000 0.000
ARG03A0261_003 0.000 0.000 0.000 0.000 0.000
ARG+1A0261_004 1.000 1.000 1.000 1.000 1.000
ALA01A0262_001 1.000 1.000 1.000 1.000 1.000
PRO01A0263_001 1.000 1.000 1.000 1.000 1.000
ASP01A0264_001 0.000 0.000 0.000 0.000 0.000
ASP01A0264_002 0.000 0.000 0.000 0.000 0.000
ASP02A0264_003 0.000 0.000 0.000 0.000 0.000
ASP02A0264_004 0.000 0.000 0.000 0.000 0.000
ASP-1A0264_005 1.000 1.000 1.000 1.000 1.000
TYR01A0265_001 0.171 0.169 0.171 0.170 0.171
TYR01A0265_002 0.829 0.831 0.829 0.830 0.829
TYR-1A0265_003 0.000 0.000 0.000 0.000 0.000
THR01A0266_001 0.972 0.972 0.972 0.972 0.972
THR01A0266_002 0.028 0.028 0.028 0.028 0.028
THR01A0267_001 0.867 0.866 0.867 0.867 0.866
THR01A0267_002 0.133 0.134 0.133 0.133 0.134
PRO01A0268_001 1.000 1.000 1.000 1.000 1.000
GLU01A0269_001 0.000 0.000 0.000 0.000 0.000
GLU01A0269_002 0.000 0.000 0.000 0.000 0.000
GLU02A0269_003 0.000 0.000 0.000 0.000 0.000
GLU02A0269_004 0.000 0.000 0.000 0.000 0.000
GLU-1A0269_005 1.000 1.000 1.000 1.000 1.000
MET01A0270_001 1.000 1.000 1.000 1.000 1.000
TYR01A0271_001 0.993 0.993 0.993 0.993 0.993
TYR01A0271_002 0.007 0.007 0.007 0.007 0.007
TYR-1A0271_003 0.000 0.000 0.000 0.000 0.000
GLN01A0272_001 1.000 1.000 1.000 1.000 1.000
THR01A0273_001 1.000 1.000 1.000 1.000 1.000
MET01A0274_001 1.000 1.000 1.000 1.000 1.000
LEU01A0275_001 1.000 1.000 1.000 1.000 1.000
ASP01A0276_001 0.000 0.000 0.000 0.000 0.000
ASP01A0276_002 0.000 0.000 0.000 0.000 0.000
ASP02A0276_003 0.000 0.000 0.000 0.000 0.000
ASP02A0276_004 0.004 0.005 0.004 0.004 0.004
ASP-1A0276_005 0.996 0.995 0.996 0.996 0.996
CYS01A0277_001 0.189 0.191 0.190 0.190 0.190
CYS01A0277_002 0.452 0.449 0.451 0.451 0.451
CYS01A0277_003 0.358 0.360 0.359 0.359 0.360
CYS-1A0277_004 0.000 0.000 0.000 0.000 0.000
TRP01A0278_001 1.000 1.000 1.000 1.000 1.000
HIS01A0279_001 0.149 0.149 0.149 0.151 0.151
HIS01A0279_002 0.073 0.073 0.072 0.073 0.072
HIS02A0279_003 0.094 0.094 0.094 0.095 0.094
HIS02A0279_004 0.666 0.665 0.666 0.663 0.665
HIS+1A0279_005 0.014 0.014 0.014 0.013 0.014
HIS+1A0279_006 0.005 0.005 0.005 0.005 0.005
GLU01A0281_001 0.000 0.000 0.000 0.000 0.000
GLU01A0281_002 0.000 0.000 0.000 0.000 0.000
GLU02A0281_003 0.000 0.000 0.000 0.000 0.000
GLU02A0281_004 0.000 0.000 0.000 0.000 0.000
GLU-1A0281_005 1.000 1.000 1.000 1.000 1.000
PRO01A0282_001 1.000 1.000 1.000 1.000 1.000
SER01A0283_001 0.121 0.120 0.119 0.119 0.119
SER01A0283_002 0.879 0.880 0.881 0.881 0.881
GLN01A0284_001 0.306 0.306 0.306 0.305 0.307
GLN01A0284_002 0.694 0.694 0.694 0.695 0.693
ARG01A0285_001 0.000 0.000 0.000 0.000 0.000
ARG02A0285_002 0.000 0.000 0.000 0.000 0.000
ARG02A0285_003 0.000 0.000 0.000 0.000 0.000
ARG03A0285_004 0.000 0.000 0.000 0.000 0.000
ARG03A0285_005 0.000 0.000 0.000 0.000 0.000
ARG+1A0285_006 1.000 1.000 1.000 1.000 1.000
PRO01A0286_001 1.000 1.000 1.000 1.000 1.000
THR01A0287_001 0.193 0.193 0.193 0.194 0.194
THR01A0287_002 0.000 0.000 0.000 0.000 0.000
THR01A0287_003 0.807 0.807 0.807 0.806 0.806
PHE01A0288_001 1.000 1.000 1.000 1.000 1.000
SER01A0289_001 0.203 0.202 0.202 0.203 0.205
SER01A0289_002 0.797 0.798 0.798 0.797 0.795
GLU01A0290_001 0.000 0.000 0.000 0.000 0.000
GLU01A0290_002 0.000 0.000 0.000 0.000 0.000
GLU02A0290_003 0.000 0.000 0.000 0.000 0.000
GLU02A0290_004 0.006 0.006 0.006 0.006 0.006
GLU-1A0290_005 0.994 0.994 0.994 0.994 0.994
LEU01A0291_001 1.000 1.000 1.000 1.000 1.000
VAL01A0292_001 1.000 1.000 1.000 1.000 1.000
GLU01A0293_001 0.000 0.000 0.000 0.000 0.000
GLU01A0293_002 0.000 0.001 0.000 0.000 0.001
GLU02A0293_003 0.000 0.000 0.000 0.000 0.000
GLU02A0293_004 0.000 0.000 0.000 0.000 0.000
GLU-1A0293_005 1.000 0.999 1.000 1.000 0.999
HIS01A0294_001 0.014 0.014 0.013 0.013 0.013
HIS01A0294_002 0.382 0.384 0.383 0.381 0.384
HIS02A0294_003 0.031 0.031 0.031 0.030 0.030
HIS02A0294_004 0.515 0.512 0.514 0.516 0.514
HIS+1A0294_005 0.003 0.003 0.003 0.003 0.003
HIS+1A0294_006 0.056 0.057 0.056 0.057 0.056
LEU01A0295_001 1.000 1.000 1.000 1.000 1.000
ASN01A0297_001 0.897 0.898 0.897 0.897 0.898
ASN01A0297_002 0.103 0.102 0.103 0.103 0.102
LEU01A0298_001 1.000 1.000 1.000 1.000 1.000
LEU01A0299_001 1.000 1.000 1.000 1.000 1.000
GLN01A0300_001 0.721 0.720 0.721 0.720 0.721
GLN01A0300_002 0.279 0.280 0.279 0.280 0.279
ALA01A0301_001 1.000 1.000 1.000 1.000 1.000
ASN01A0302_001 0.994 0.994 0.994 0.994 0.994
ASN01A0302_002 0.006 0.006 0.006 0.006 0.006
ALA01A0303_001 1.000 1.000 1.000 1.000 1.000
GLN01A0304_001 0.271 0.270 0.271 0.271 0.270
GLN01A0304_002 0.729 0.730 0.729 0.729 0.730
B49+1B0001_001 0.000 0.000 0.000 0.000 0.000
B4901B0001_002 0.000 0.000 0.000 0.000 0.000
B4902B0001_003 1.000 1.000 1.000 1.000 1.000
B4903B0001_004 0.000 0.000 0.000 0.000 0.000
B49DMB0001_005 0.000 0.000 0.000 0.000 0.000
