 ph              7.4   7.4   7.4   7.4   7.4
LEU01A0001_001 1.000 1.000 1.000 1.000 1.000
PRO01A0002_001 1.000 1.000 1.000 1.000 1.000
GLU01A0003_001 0.000 0.000 0.000 0.000 0.000
GLU01A0003_002 0.002 0.002 0.002 0.002 0.002
GLU02A0003_003 0.000 0.000 0.000 0.000 0.000
GLU02A0003_004 0.003 0.003 0.004 0.003 0.003
GLU-1A0003_005 0.995 0.994 0.994 0.994 0.995
ASP01A0004_001 0.000 0.000 0.000 0.000 0.000
ASP01A0004_002 0.000 0.000 0.000 0.000 0.000
ASP02A0004_003 0.000 0.000 0.000 0.000 0.000
ASP02A0004_004 0.000 0.000 0.000 0.000 0.000
ASP-1A0004_005 1.000 1.000 1.000 1.000 1.000
PRO01A0005_001 1.000 1.000 1.000 1.000 1.000
ARG01A0006_001 0.000 0.000 0.000 0.000 0.000
ARG02A0006_002 0.000 0.000 0.000 0.000 0.000
ARG03A0006_003 0.000 0.000 0.000 0.000 0.000
ARG03A0006_004 0.000 0.000 0.000 0.000 0.000
ARG+1A0006_005 1.000 1.000 1.000 1.000 1.000
TRP01A0007_001 1.000 1.000 1.000 1.000 1.000
GLU01A0008_001 0.000 0.000 0.000 0.000 0.000
GLU01A0008_002 0.000 0.000 0.000 0.000 0.000
GLU02A0008_003 0.000 0.000 0.000 0.000 0.000
GLU02A0008_004 0.000 0.000 0.000 0.000 0.000
GLU-1A0008_005 1.000 1.000 1.000 1.000 1.000
LEU01A0009_001 1.000 1.000 1.000 1.000 1.000
PRO01A0010_001 1.000 1.000 1.000 1.000 1.000
ARG01A0011_001 0.000 0.000 0.000 0.000 0.000
ARG02A0011_002 0.000 0.000 0.000 0.000 0.000
ARG02A0011_003 0.000 0.000 0.000 0.000 0.000
ARG03A0011_004 0.000 0.000 0.000 0.000 0.000
ARG+1A0011_005 1.000 1.000 1.000 1.000 1.000
ASP01A0012_001 0.000 0.000 0.000 0.000 0.000
ASP01A0012_002 0.000 0.000 0.000 0.000 0.000
ASP02A0012_003 0.000 0.000 0.000 0.000 0.000
ASP02A0012_004 0.000 0.000 0.000 0.000 0.000
ASP-1A0012_005 1.000 1.000 1.000 1.000 1.000
ARG01A0013_001 0.000 0.000 0.000 0.000 0.000
ARG02A0013_002 0.000 0.000 0.000 0.000 0.000
ARG03A0013_003 0.000 0.000 0.000 0.000 0.000
ARG+1A0013_004 1.000 1.000 1.000 1.000 1.000
LEU01A0014_001 1.000 1.000 1.000 1.000 1.000
VAL01A0015_001 1.000 1.000 1.000 1.000 1.000
LEU01A0016_001 1.000 1.000 1.000 1.000 1.000
LYS01A0018_001 0.001 0.000 0.000 0.001 0.000
LYS+1A0018_002 0.999 1.000 1.000 0.999 1.000
PRO01A0019_001 1.000 1.000 1.000 1.000 1.000
LEU01A0020_001 1.000 1.000 1.000 1.000 1.000
GLU01A0022_001 0.000 0.000 0.000 0.000 0.000
GLU01A0022_002 0.003 0.003 0.003 0.003 0.003
GLU02A0022_003 0.002 0.002 0.002 0.002 0.002
GLU02A0022_004 0.007 0.007 0.006 0.007 0.007
GLU-1A0022_005 0.988 0.988 0.989 0.988 0.988
ALA01A0024_001 1.000 1.000 1.000 1.000 1.000
PHE01A0025_001 1.000 1.000 1.000 1.000 1.000
GLN01A0027_001 0.612 0.611 0.612 0.612 0.612
GLN01A0027_002 0.388 0.389 0.388 0.388 0.388
VAL01A0028_001 1.000 1.000 1.000 1.000 1.000
VAL01A0029_001 1.000 1.000 1.000 1.000 1.000
LEU01A0030_001 1.000 1.000 1.000 1.000 1.000
ALA01A0031_001 1.000 1.000 1.000 1.000 1.000
GLU01A0032_001 0.000 0.000 0.000 0.000 0.000
GLU01A0032_002 0.000 0.000 0.000 0.000 0.000
GLU02A0032_003 0.000 0.000 0.000 0.000 0.000
GLU02A0032_004 0.000 0.000 0.000 0.000 0.000
GLU-1A0032_005 1.000 1.000 1.000 1.000 1.000
ALA01A0033_001 1.000 1.000 1.000 1.000 1.000
ILE01A0034_001 1.000 1.000 1.000 1.000 1.000
LEU01A0036_001 1.000 1.000 1.000 1.000 1.000
ASP01A0037_001 0.000 0.000 0.000 0.000 0.000
ASP01A0037_002 0.000 0.000 0.000 0.000 0.000
ASP02A0037_003 0.000 0.000 0.000 0.000 0.000
ASP02A0037_004 0.000 0.000 0.000 0.000 0.000
ASP-1A0037_005 1.000 1.000 1.000 1.000 1.000
LYS01A0038_001 0.000 0.000 0.000 0.000 0.000
LYS+1A0038_002 1.000 1.000 1.000 1.000 1.000
ASP01A0039_001 0.000 0.000 0.000 0.000 0.000
ASP01A0039_002 0.000 0.000 0.000 0.000 0.000
ASP02A0039_003 0.000 0.000 0.000 0.000 0.000
ASP02A0039_004 0.000 0.000 0.000 0.000 0.000
ASP-1A0039_005 1.000 1.000 1.000 1.000 1.000
LYS01A0040_001 0.019 0.018 0.019 0.018 0.019
LYS+1A0040_002 0.981 0.982 0.981 0.982 0.981
PRO01A0041_001 1.000 1.000 1.000 1.000 1.000
ASN01A0042_001 0.206 0.205 0.206 0.207 0.208
ASN01A0042_002 0.794 0.795 0.794 0.793 0.792
ARG01A0043_001 0.000 0.000 0.000 0.000 0.000
ARG02A0043_002 0.000 0.000 0.000 0.000 0.000
ARG03A0043_003 0.000 0.000 0.000 0.000 0.000
ARG+1A0043_004 1.000 1.000 1.000 1.000 1.000
VAL01A0044_001 1.000 1.000 1.000 1.000 1.000
THR01A0045_001 1.000 1.000 1.000 1.000 1.000
LYS01A0046_001 0.000 0.001 0.000 0.000 0.000
LYS+1A0046_002 1.000 0.999 1.000 1.000 1.000
VAL01A0047_001 1.000 1.000 1.000 1.000 1.000
ALA01A0048_001 1.000 1.000 1.000 1.000 1.000
VAL01A0049_001 1.000 1.000 1.000 1.000 1.000
LYS01A0050_001 1.000 1.000 1.000 1.000 1.000
LYS+1A0050_002 0.000 0.000 0.000 0.000 0.000
MET01A0051_001 1.000 1.000 1.000 1.000 1.000
LEU01A0052_001 1.000 1.000 1.000 1.000 1.000
LYS01A0053_001 0.000 0.000 0.000 0.000 0.000
LYS+1A0053_002 1.000 1.000 1.000 1.000 1.000
SER01A0054_001 0.245 0.245 0.245 0.243 0.244
SER01A0054_002 0.755 0.755 0.755 0.757 0.756
ASP01A0055_001 0.000 0.000 0.000 0.000 0.000
ASP01A0055_002 0.000 0.000 0.000 0.000 0.000
ASP02A0055_003 0.000 0.000 0.000 0.000 0.000
ASP02A0055_004 0.000 0.000 0.000 0.000 0.000
ASP-1A0055_005 1.000 1.000 1.000 1.000 1.000
ALA01A0056_001 1.000 1.000 1.000 1.000 1.000
THR01A0057_001 0.527 0.526 0.527 0.528 0.528
THR01A0057_002 0.473 0.474 0.473 0.472 0.472
GLU01A0058_001 0.000 0.000 0.000 0.000 0.000
GLU01A0058_002 0.000 0.000 0.000 0.000 0.000
GLU02A0058_003 0.000 0.000 0.000 0.000 0.000
GLU02A0058_004 0.000 0.000 0.000 0.000 0.000
GLU-1A0058_005 1.000 1.000 1.000 1.000 1.000
LYS01A0059_001 0.000 0.000 0.000 0.000 0.000
LYS+1A0059_002 1.000 1.000 1.000 1.000 1.000
ASP01A0060_001 0.000 0.000 0.000 0.000 0.000
ASP01A0060_002 0.000 0.000 0.001 0.000 0.000
ASP02A0060_003 0.000 0.000 0.000 0.000 0.000
ASP02A0060_004 0.000 0.000 0.000 0.000 0.000
ASP-1A0060_005 1.000 1.000 0.999 1.000 1.000
LEU01A0061_001 1.000 1.000 1.000 1.000 1.000
SER01A0062_001 0.167 0.167 0.167 0.167 0.167
SER01A0062_002 0.381 0.380 0.382 0.380 0.380
SER01A0062_003 0.451 0.453 0.452 0.452 0.453
ASP01A0063_001 0.000 0.000 0.000 0.000 0.000
ASP01A0063_002 0.002 0.000 0.001 0.002 0.002
ASP02A0063_003 0.000 0.000 0.000 0.000 0.000
ASP02A0063_004 0.005 0.008 0.005 0.005 0.005
ASP-1A0063_005 0.994 0.992 0.993 0.993 0.993
LEU01A0064_001 1.000 1.000 1.000 1.000 1.000
ILE01A0065_001 1.000 1.000 1.000 1.000 1.000
SER01A0066_001 0.109 0.110 0.109 0.108 0.110
SER01A0066_002 0.891 0.890 0.891 0.892 0.890
GLU01A0067_001 0.016 0.016 0.016 0.015 0.016
GLU01A0067_002 0.000 0.000 0.000 0.000 0.000
GLU02A0067_003 0.000 0.000 0.000 0.000 0.000
GLU02A0067_004 0.000 0.000 0.000 0.000 0.000
GLU-1A0067_005 0.984 0.984 0.984 0.985 0.984
MET01A0068_001 1.000 1.000 1.000 1.000 1.000
GLU01A0069_001 0.000 0.000 0.000 0.000 0.000
GLU01A0069_002 0.000 0.000 0.000 0.000 0.000
GLU02A0069_003 0.000 0.000 0.000 0.000 0.000
GLU02A0069_004 0.000 0.000 0.000 0.000 0.000
GLU-1A0069_005 1.000 1.000 1.000 1.000 1.000
MET01A0070_001 1.000 1.000 1.000 1.000 1.000
MET01A0071_001 1.000 1.000 1.000 1.000 1.000
LYS01A0072_001 0.000 0.000 0.000 0.000 0.000
LYS+1A0072_002 1.000 1.000 1.000 1.000 1.000
MET01A0073_001 1.000 1.000 1.000 1.000 1.000
ILE01A0074_001 1.000 1.000 1.000 1.000 1.000
LYS01A0076_001 0.003 0.003 0.003 0.003 0.003
LYS+1A0076_002 0.997 0.997 0.997 0.997 0.997
HIS01A0077_001 0.998 0.998 0.997 0.998 0.998
HIS01A0077_002 0.000 0.000 0.000 0.000 0.000
HIS02A0077_003 0.002 0.002 0.003 0.002 0.002
HIS02A0077_004 0.000 0.000 0.000 0.000 0.000
HIS+1A0077_005 0.000 0.000 0.000 0.000 0.000
HIS+1A0077_006 0.000 0.000 0.000 0.000 0.000
LYS01A0078_001 0.024 0.025 0.025 0.024 0.025
LYS+1A0078_002 0.976 0.975 0.975 0.976 0.975
ASN01A0079_001 0.994 0.994 0.994 0.994 0.994
ASN01A0079_002 0.006 0.006 0.006 0.006 0.006
ILE01A0080_001 1.000 1.000 1.000 1.000 1.000
ILE01A0081_001 1.000 1.000 1.000 1.000 1.000
ASN01A0082_001 1.000 1.000 1.000 1.000 1.000
ASN01A0082_002 0.000 0.000 0.000 0.000 0.000
LEU01A0083_001 1.000 1.000 1.000 1.000 1.000
LEU01A0084_001 1.000 1.000 1.000 1.000 1.000
ALA01A0086_001 1.000 1.000 1.000 1.000 1.000
CYS01A0087_001 0.834 0.836 0.835 0.836 0.835
CYS01A0087_002 0.057 0.055 0.056 0.056 0.056
CYS01A0087_003 0.109 0.109 0.109 0.108 0.109
CYS-1A0087_004 0.000 0.000 0.000 0.000 0.000
THR01A0088_001 1.000 0.999 1.000 1.000 1.000
THR01A0088_002 0.000 0.000 0.000 0.000 0.000
THR01A0088_003 0.000 0.001 0.000 0.000 0.000
GLN01A0089_001 0.949 0.950 0.950 0.949 0.950
GLN01A0089_002 0.051 0.050 0.050 0.051 0.050
ASP01A0090_001 0.000 0.000 0.000 0.000 0.000
ASP01A0090_002 0.000 0.000 0.000 0.000 0.000
ASP02A0090_003 0.000 0.000 0.000 0.000 0.000
ASP02A0090_004 0.000 0.000 0.000 0.000 0.000
ASP-1A0090_005 1.000 1.000 1.000 1.000 1.000
PRO01A0092_001 1.000 1.000 1.000 1.000 1.000
LEU01A0093_001 1.000 1.000 1.000 1.000 1.000
TYR01A0094_001 1.000 1.000 1.000 1.000 1.000
TYR-1A0094_002 0.000 0.000 0.000 0.000 0.000
VAL01A0095_001 1.000 1.000 1.000 1.000 1.000
ILE01A0096_001 1.000 1.000 1.000 1.000 1.000
VAL01A0097_001 1.000 1.000 1.000 1.000 1.000
GLU01A0098_001 0.000 0.000 0.000 0.000 0.000
GLU01A0098_002 0.000 0.000 0.000 0.000 0.000
GLU02A0098_003 0.000 0.000 0.000 0.000 0.000
GLU02A0098_004 0.000 0.000 0.000 0.000 0.000
GLU-1A0098_005 1.000 1.000 1.000 1.000 1.000
TYR01A0099_001 1.000 1.000 1.000 1.000 1.000
TYR-1A0099_002 0.000 0.000 0.000 0.000 0.000
ALA01A0100_001 1.000 1.000 1.000 1.000 1.000
SER01A0101_001 0.001 0.000 0.000 0.001 0.001
SER01A0101_002 0.011 0.011 0.010 0.011 0.011
SER01A0101_003 0.988 0.989 0.990 0.988 0.988
LYS01A0102_001 0.000 0.000 0.000 0.000 0.000
LYS+1A0102_002 1.000 1.000 1.000 1.000 1.000
ASN01A0104_001 1.000 1.000 1.000 1.000 1.000
ASN01A0104_002 0.000 0.000 0.000 0.000 0.000
LEU01A0105_001 1.000 1.000 1.000 1.000 1.000
ARG01A0106_001 0.004 0.004 0.004 0.004 0.004
ARG02A0106_002 0.000 0.000 0.000 0.000 0.000
ARG03A0106_003 0.000 0.000 0.000 0.000 0.000
ARG+1A0106_004 0.996 0.996 0.996 0.996 0.996
GLU01A0107_001 0.000 0.000 0.000 0.000 0.000
GLU01A0107_002 0.000 0.000 0.000 0.000 0.000
GLU02A0107_003 0.000 0.000 0.000 0.000 0.000
GLU02A0107_004 0.000 0.000 0.000 0.000 0.000
GLU-1A0107_005 1.000 1.000 1.000 1.000 1.000
TYR01A0108_001 1.000 1.000 1.000 1.000 1.000
TYR-1A0108_002 0.000 0.000 0.000 0.000 0.000
LEU01A0109_001 1.000 1.000 1.000 1.000 1.000
GLN01A0110_001 0.656 0.658 0.657 0.657 0.656
GLN01A0110_002 0.344 0.342 0.343 0.343 0.344
ALA01A0111_001 1.000 1.000 1.000 1.000 1.000
ARG01A0112_001 0.000 0.000 0.000 0.000 0.000
ARG02A0112_002 0.000 0.000 0.000 0.000 0.000
ARG03A0112_003 0.000 0.000 0.000 0.000 0.000
ARG+1A0112_004 1.000 1.000 1.000 1.000 1.000
ARG01A0113_001 0.000 0.000 0.000 0.000 0.000
ARG02A0113_002 0.000 0.000 0.000 0.000 0.000
ARG03A0113_003 0.000 0.000 0.000 0.000 0.000
ARG+1A0113_004 1.000 1.000 1.000 1.000 1.000
PRO01A0114_001 1.000 1.000 1.000 1.000 1.000
PRO01A0115_001 1.000 1.000 1.000 1.000 1.000
LEU01A0117_001 1.000 1.000 1.000 1.000 1.000
GLU01A0118_001 0.000 0.000 0.000 0.000 0.000
GLU01A0118_002 0.000 0.000 0.000 0.000 0.000
GLU02A0118_003 0.000 0.000 0.000 0.000 0.000
GLU02A0118_004 0.000 0.000 0.000 0.000 0.000
GLU-1A0118_005 1.000 1.000 1.000 1.000 1.000
TYR01A0119_001 0.664 0.665 0.665 0.664 0.665
TYR01A0119_002 0.336 0.335 0.335 0.336 0.335
TYR-1A0119_003 0.000 0.000 0.000 0.000 0.000
SER01A0120_001 1.000 1.000 1.000 1.000 1.000
TYR01A0121_001 0.991 0.991 0.991 0.992 0.991
TYR-1A0121_002 0.009 0.009 0.009 0.008 0.009
ASN01A0122_001 0.000 0.000 0.000 0.000 0.000
ASN01A0122_002 1.000 1.000 1.000 1.000 1.000
PRO01A0123_001 1.000 1.000 1.000 1.000 1.000
SER01A0124_001 0.014 0.014 0.014 0.014 0.014
SER01A0124_002 0.986 0.986 0.986 0.986 0.986
HIS01A0125_001 0.028 0.028 0.029 0.028 0.028
HIS01A0125_002 0.122 0.122 0.122 0.122 0.122
HIS02A0125_003 0.067 0.067 0.067 0.067 0.067
HIS02A0125_004 0.170 0.171 0.170 0.170 0.169
HIS+1A0125_005 0.163 0.163 0.163 0.162 0.161
HIS+1A0125_006 0.450 0.448 0.449 0.450 0.453
ASN01A0126_001 0.000 0.000 0.000 0.000 0.000
ASN01A0126_002 1.000 1.000 1.000 1.000 1.000
PRO01A0127_001 1.000 1.000 1.000 1.000 1.000
GLU01A0128_001 0.019 0.018 0.019 0.019 0.019
GLU01A0128_002 0.969 0.970 0.970 0.970 0.969
GLU02A0128_003 0.000 0.000 0.000 0.000 0.000
GLU02A0128_004 0.000 0.000 0.000 0.000 0.000
GLU-1A0128_005 0.012 0.012 0.012 0.012 0.012
GLU01A0129_001 0.000 0.000 0.000 0.000 0.000
GLU01A0129_002 0.012 0.012 0.012 0.012 0.012
GLU02A0129_003 0.000 0.000 0.000 0.000 0.000
GLU02A0129_004 0.003 0.003 0.003 0.003 0.003
GLU-1A0129_005 0.985 0.985 0.985 0.985 0.985
GLN01A0130_001 1.000 1.000 1.000 1.000 1.000
LEU01A0131_001 1.000 1.000 1.000 1.000 1.000
SER01A0132_001 1.000 1.000 1.000 1.000 1.000
SER01A0132_002 0.000 0.000 0.000 0.000 0.000
SER01A0133_001 1.000 1.000 1.000 1.000 1.000
LYS01A0134_001 0.000 0.000 0.000 0.000 0.000
LYS+1A0134_002 1.000 1.000 1.000 1.000 1.000
ASP01A0135_001 0.000 0.000 0.000 0.000 0.000
ASP01A0135_002 0.000 0.000 0.000 0.000 0.000
ASP02A0135_003 0.000 0.000 0.000 0.000 0.000
ASP02A0135_004 0.000 0.000 0.000 0.000 0.000
ASP-1A0135_005 1.000 1.000 1.000 1.000 1.000
LEU01A0136_001 1.000 1.000 1.000 1.000 1.000
VAL01A0137_001 1.000 1.000 1.000 1.000 1.000
SER01A0138_001 0.035 0.035 0.034 0.035 0.035
SER01A0138_002 0.965 0.965 0.966 0.965 0.965
CYS01A0139_001 0.154 0.155 0.154 0.154 0.155
CYS01A0139_002 0.754 0.752 0.754 0.754 0.753
CYS01A0139_003 0.092 0.093 0.092 0.092 0.092
CYS-1A0139_004 0.000 0.000 0.000 0.000 0.000
ALA01A0140_001 1.000 1.000 1.000 1.000 1.000
TYR01A0141_001 1.000 1.000 1.000 1.000 1.000
TYR-1A0141_002 0.000 0.000 0.000 0.000 0.000
GLN01A0142_001 1.000 1.000 1.000 1.000 1.000
GLN01A0142_002 0.000 0.000 0.000 0.000 0.000
VAL01A0143_001 1.000 1.000 1.000 1.000 1.000
ALA01A0144_001 1.000 1.000 1.000 1.000 1.000
ARG01A0145_001 0.000 0.000 0.000 0.000 0.000
ARG02A0145_002 0.000 0.000 0.000 0.000 0.000
ARG03A0145_003 0.000 0.000 0.000 0.000 0.000
ARG+1A0145_004 1.000 1.000 1.000 1.000 1.000
MET01A0147_001 1.000 1.000 1.000 1.000 1.000
GLU01A0148_001 0.000 0.000 0.000 0.000 0.000
GLU01A0148_002 0.002 0.000 0.000 0.000 0.000
GLU02A0148_003 0.000 0.000 0.000 0.000 0.000
GLU02A0148_004 0.000 0.000 0.000 0.000 0.000
GLU-1A0148_005 0.998 1.000 1.000 1.000 1.000
TYR01A0149_001 1.000 1.000 1.000 1.000 1.000
TYR-1A0149_002 0.000 0.000 0.000 0.000 0.000
LEU01A0150_001 1.000 1.000 1.000 1.000 1.000
ALA01A0151_001 1.000 1.000 1.000 1.000 1.000
SER01A0152_001 0.985 0.985 0.985 0.986 0.985
SER01A0152_002 0.015 0.015 0.015 0.014 0.015
LYS01A0153_001 0.000 0.000 0.000 0.000 0.000
LYS+1A0153_002 1.000 1.000 1.000 1.000 1.000
LYS01A0154_001 0.000 0.000 0.000 0.000 0.000
LYS+1A0154_002 1.000 1.000 1.000 1.000 1.000
CYS01A0155_001 0.205 0.203 0.203 0.204 0.204
CYS01A0155_002 0.624 0.626 0.625 0.624 0.624
CYS01A0155_003 0.171 0.171 0.172 0.172 0.172
CYS-1A0155_004 0.000 0.000 0.000 0.000 0.000
ILE01A0156_001 1.000 1.000 1.000 1.000 1.000
HIS01A0157_001 1.000 1.000 1.000 1.000 1.000
HIS02A0157_002 0.000 0.000 0.000 0.000 0.000
HIS+1A0157_003 0.000 0.000 0.000 0.000 0.000
ARG01A0158_001 0.000 0.000 0.000 0.000 0.000
ARG02A0158_002 0.000 0.000 0.000 0.000 0.000
ARG03A0158_003 0.000 0.000 0.000 0.000 0.000
ARG+1A0158_004 1.000 1.000 1.000 1.000 1.000
ASP01A0159_001 0.000 0.000 0.000 0.000 0.000
ASP01A0159_002 0.000 0.000 0.000 0.000 0.000
ASP02A0159_003 0.002 0.002 0.002 0.002 0.002
ASP02A0159_004 0.002 0.002 0.002 0.002 0.002
ASP-1A0159_005 0.996 0.996 0.996 0.996 0.996
LEU01A0160_001 1.000 1.000 1.000 1.000 1.000
ALA01A0161_001 1.000 1.000 1.000 1.000 1.000
ALA01A0162_001 1.000 1.000 1.000 1.000 1.000
ARG01A0163_001 0.000 0.000 0.000 0.000 0.000
ARG02A0163_002 0.000 0.000 0.000 0.000 0.000
ARG03A0163_003 0.000 0.000 0.000 0.000 0.000
ARG03A0163_004 0.000 0.000 0.000 0.000 0.000
ARG+1A0163_005 1.000 1.000 1.000 1.000 1.000
ASN01A0164_001 1.000 1.000 1.000 1.000 1.000
ASN01A0164_002 0.000 0.000 0.000 0.000 0.000
VAL01A0165_001 1.000 1.000 1.000 1.000 1.000
LEU01A0166_001 1.000 1.000 1.000 1.000 1.000
VAL01A0167_001 1.000 1.000 1.000 1.000 1.000
THR01A0168_001 0.731 0.732 0.730 0.731 0.732
THR01A0168_002 0.269 0.268 0.270 0.269 0.268
GLU01A0169_001 0.000 0.000 0.000 0.000 0.000
GLU01A0169_002 0.000 0.000 0.000 0.000 0.000
GLU02A0169_003 0.000 0.000 0.000 0.000 0.000
GLU02A0169_004 0.000 0.000 0.000 0.000 0.000
GLU-1A0169_005 1.000 1.000 1.000 1.000 1.000
ASP01A0170_001 0.000 0.000 0.000 0.000 0.000
ASP01A0170_002 0.000 0.000 0.000 0.000 0.000
ASP02A0170_003 0.000 0.000 0.000 0.000 0.000
ASP02A0170_004 0.000 0.000 0.000 0.000 0.000
ASP-1A0170_005 1.000 1.000 1.000 1.000 1.000
ASN01A0171_001 1.000 1.000 1.000 1.000 1.000
ASN01A0171_002 0.000 0.000 0.000 0.000 0.000
VAL01A0172_001 1.000 1.000 1.000 1.000 1.000
MET01A0173_001 1.000 1.000 1.000 1.000 1.000
LYS01A0174_001 0.000 0.000 0.000 0.000 0.000
LYS+1A0174_002 1.000 1.000 1.000 1.000 1.000
ILE01A0175_001 1.000 1.000 1.000 1.000 1.000
ALA01A0176_001 1.000 1.000 1.000 1.000 1.000
ASP01A0177_001 0.000 0.000 0.000 0.000 0.000
ASP01A0177_002 0.925 0.925 0.925 0.926 0.925
ASP02A0177_003 0.000 0.000 0.000 0.000 0.000
ASP02A0177_004 0.004 0.005 0.004 0.004 0.004
ASP-1A0177_005 0.070 0.071 0.070 0.070 0.071
PHE01A0178_001 1.000 1.000 1.000 1.000 1.000
LEU01A0180_001 1.000 1.000 1.000 1.000 1.000
ALA01A0181_001 1.000 1.000 1.000 1.000 1.000
ARG01A0182_001 0.000 0.000 0.000 0.000 0.000
ARG02A0182_002 0.000 0.000 0.000 0.000 0.000
ARG02A0182_003 0.000 0.000 0.000 0.000 0.000
ARG03A0182_004 0.000 0.000 0.000 0.000 0.000
ARG+1A0182_005 1.000 1.000 1.000 1.000 1.000
ASP01A0183_001 0.000 0.000 0.000 0.000 0.000
ASP01A0183_002 0.000 0.000 0.000 0.000 0.000
ASP02A0183_003 0.000 0.000 0.000 0.000 0.000
ASP02A0183_004 0.000 0.000 0.000 0.000 0.000
ASP-1A0183_005 1.000 1.000 1.000 1.000 1.000
ILE01A0184_001 1.000 1.000 1.000 1.000 1.000
HIS01A0185_001 0.033 0.033 0.034 0.034 0.033
HIS02A0185_002 0.933 0.934 0.933 0.934 0.934
HIS+1A0185_003 0.033 0.033 0.034 0.033 0.033
HIS01A0186_001 0.000 0.000 0.000 0.000 0.000
HIS01A0186_002 0.000 0.000 0.000 0.000 0.000
HIS02A0186_003 1.000 1.000 1.000 1.000 1.000
HIS02A0186_004 0.000 0.000 0.000 0.000 0.000
HIS+1A0186_005 0.000 0.000 0.000 0.000 0.000
HIS+1A0186_006 0.000 0.000 0.000 0.000 0.000
ILE01A0187_001 1.000 1.000 1.000 1.000 1.000
ASP01A0188_001 0.000 0.000 0.000 0.000 0.000
ASP01A0188_002 0.000 0.000 0.000 0.000 0.000
ASP02A0188_003 0.000 0.000 0.000 0.000 0.000
ASP02A0188_004 0.000 0.000 0.000 0.000 0.000
ASP-1A0188_005 1.000 1.000 1.000 1.000 1.000
TYR01A0189_001 0.111 0.111 0.111 0.111 0.111
TYR01A0189_002 0.889 0.889 0.889 0.889 0.889
TYR-1A0189_003 0.000 0.000 0.000 0.000 0.000
TYR01A0190_001 1.000 1.000 1.000 1.000 1.000
TYR-1A0190_002 0.000 0.000 0.000 0.000 0.000
LYS01A0191_001 0.000 0.000 0.000 0.000 0.000
LYS+1A0191_002 1.000 1.000 1.000 1.000 1.000
LYS01A0192_001 0.004 0.004 0.004 0.004 0.004
LYS+1A0192_002 0.996 0.996 0.996 0.996 0.996
THR01A0193_001 1.000 1.000 1.000 1.000 1.000
THR01A0194_001 1.000 1.000 1.000 1.000 1.000
ASN01A0195_001 0.969 0.969 0.969 0.969 0.968
ASN01A0195_002 0.031 0.031 0.031 0.031 0.032
ARG01A0197_001 0.000 0.000 0.001 0.000 0.000
ARG02A0197_002 0.000 0.000 0.000 0.000 0.000
ARG03A0197_003 0.000 0.000 0.000 0.000 0.000
ARG+1A0197_004 1.000 0.999 0.999 1.000 1.000
LEU01A0198_001 1.000 1.000 1.000 1.000 1.000
PRO01A0199_001 1.000 1.000 1.000 1.000 1.000
VAL01A0200_001 1.000 1.000 1.000 1.000 1.000
LYS01A0201_001 0.125 0.125 0.123 0.124 0.125
LYS+1A0201_002 0.875 0.875 0.877 0.876 0.875
TRP01A0202_001 1.000 1.000 1.000 1.000 1.000
MET01A0203_001 1.000 1.000 1.000 1.000 1.000
ALA01A0204_001 1.000 1.000 1.000 1.000 1.000
PRO01A0205_001 1.000 1.000 1.000 1.000 1.000
GLU01A0206_001 0.000 0.000 0.000 0.000 0.000
GLU01A0206_002 0.000 0.000 0.000 0.000 0.000
GLU02A0206_003 0.000 0.000 0.000 0.000 0.000
GLU02A0206_004 0.000 0.000 0.000 0.000 0.000
GLU-1A0206_005 1.000 1.000 1.000 1.000 1.000
ALA01A0207_001 1.000 1.000 1.000 1.000 1.000
LEU01A0208_001 1.000 1.000 1.000 1.000 1.000
PHE01A0209_001 1.000 1.000 1.000 1.000 1.000
ASP01A0210_001 0.000 0.000 0.000 0.000 0.000
ASP01A0210_002 0.000 0.000 0.000 0.000 0.000
ASP02A0210_003 0.000 0.000 0.000 0.000 0.000
ASP02A0210_004 0.000 0.000 0.000 0.000 0.000
ASP-1A0210_005 1.000 1.000 1.000 1.000 1.000
ARG01A0211_001 0.000 0.000 0.000 0.000 0.000
ARG02A0211_002 0.000 0.000 0.000 0.000 0.000
ARG03A0211_003 0.000 0.000 0.000 0.000 0.000
ARG+1A0211_004 1.000 1.000 1.000 1.000 1.000
ILE01A0212_001 1.000 1.000 1.000 1.000 1.000
TYR01A0213_001 1.000 1.000 1.000 1.000 1.000
TYR01A0213_002 0.000 0.000 0.000 0.000 0.000
TYR-1A0213_003 0.000 0.000 0.000 0.000 0.000
THR01A0214_001 0.135 0.135 0.135 0.134 0.135
THR01A0214_002 0.865 0.865 0.865 0.866 0.865
HIS01A0215_001 0.011 0.010 0.010 0.010 0.011
HIS01A0215_002 0.294 0.295 0.293 0.293 0.295
HIS02A0215_003 0.589 0.590 0.591 0.591 0.589
HIS02A0215_004 0.056 0.056 0.056 0.056 0.055
HIS+1A0215_005 0.037 0.037 0.037 0.037 0.037
HIS+1A0215_006 0.013 0.013 0.013 0.012 0.013
GLN01A0216_001 0.970 0.970 0.970 0.970 0.970
GLN01A0216_002 0.030 0.030 0.030 0.030 0.030
SER01A0217_001 0.001 0.002 0.001 0.001 0.002
SER01A0217_002 0.999 0.998 0.999 0.999 0.998
ASP01A0218_001 0.000 0.000 0.000 0.000 0.000
ASP01A0218_002 0.000 0.000 0.000 0.000 0.000
ASP02A0218_003 0.000 0.000 0.000 0.000 0.000
ASP02A0218_004 0.000 0.000 0.000 0.000 0.000
ASP-1A0218_005 1.000 1.000 1.000 1.000 1.000
VAL01A0219_001 1.000 1.000 1.000 1.000 1.000
TRP01A0220_001 1.000 1.000 1.000 1.000 1.000
SER01A0221_001 0.993 0.993 0.993 0.993 0.993
SER01A0221_002 0.007 0.007 0.007 0.007 0.007
PHE01A0222_001 1.000 1.000 1.000 1.000 1.000
VAL01A0224_001 1.000 1.000 1.000 1.000 1.000
LEU01A0225_001 1.000 1.000 1.000 1.000 1.000
LEU01A0226_001 1.000 1.000 1.000 1.000 1.000
TRP01A0227_001 1.000 1.000 1.000 1.000 1.000
GLU01A0228_001 0.000 0.000 0.000 0.000 0.000
GLU01A0228_002 0.000 0.000 0.000 0.000 0.000
GLU02A0228_003 0.000 0.000 0.000 0.000 0.000
GLU02A0228_004 0.000 0.000 0.000 0.000 0.000
GLU-1A0228_005 1.000 1.000 1.000 1.000 1.000
ILE01A0229_001 1.000 1.000 1.000 1.000 1.000
PHE01A0230_001 1.000 1.000 1.000 1.000 1.000
THR01A0231_001 1.000 1.000 1.000 1.000 1.000
LEU01A0232_001 1.000 1.000 1.000 1.000 1.000
SER01A0235_001 0.967 0.966 0.966 0.966 0.967
SER01A0235_002 0.033 0.034 0.034 0.034 0.033
PRO01A0236_001 1.000 1.000 1.000 1.000 1.000
TYR01A0237_001 0.480 0.478 0.483 0.470 0.476
TYR01A0237_002 0.520 0.522 0.517 0.530 0.524
TYR-1A0237_003 0.000 0.000 0.000 0.000 0.000
PRO01A0238_001 1.000 1.000 1.000 1.000 1.000
VAL01A0240_001 1.000 1.000 1.000 1.000 1.000
PRO01A0241_001 1.000 1.000 1.000 1.000 1.000
VAL01A0242_001 1.000 1.000 1.000 1.000 1.000
GLU01A0243_001 0.000 0.000 0.000 0.000 0.000
GLU01A0243_002 0.000 0.000 0.000 0.000 0.000
GLU02A0243_003 0.000 0.000 0.000 0.000 0.000
GLU02A0243_004 0.011 0.011 0.011 0.011 0.011
GLU-1A0243_005 0.989 0.989 0.989 0.989 0.989
GLU01A0244_001 0.000 0.000 0.000 0.000 0.000
GLU01A0244_002 0.002 0.002 0.002 0.002 0.002
GLU02A0244_003 0.000 0.000 0.000 0.000 0.000
GLU02A0244_004 0.000 0.000 0.000 0.000 0.000
GLU-1A0244_005 0.998 0.998 0.998 0.998 0.998
LEU01A0245_001 1.000 1.000 1.000 1.000 1.000
PHE01A0246_001 1.000 1.000 1.000 1.000 1.000
LYS01A0247_001 0.000 0.000 0.000 0.000 0.000
LYS+1A0247_002 1.000 1.000 1.000 1.000 1.000
LEU01A0248_001 1.000 1.000 1.000 1.000 1.000
LEU01A0249_001 1.000 1.000 1.000 1.000 1.000
LYS01A0250_001 0.002 0.002 0.002 0.002 0.002
LYS+1A0250_002 0.998 0.998 0.998 0.998 0.998
GLU01A0251_001 0.000 0.000 0.000 0.000 0.000
GLU01A0251_002 0.000 0.000 0.000 0.000 0.000
GLU02A0251_003 0.000 0.000 0.000 0.000 0.000
GLU02A0251_004 0.000 0.000 0.000 0.000 0.000
GLU-1A0251_005 1.000 1.000 1.000 1.000 1.000
HIS01A0253_001 0.511 0.509 0.513 0.500 0.506
HIS01A0253_002 0.011 0.011 0.011 0.011 0.011
HIS02A0253_003 0.462 0.464 0.461 0.472 0.467
HIS02A0253_004 0.003 0.003 0.003 0.003 0.003
HIS+1A0253_005 0.013 0.013 0.013 0.013 0.013
HIS+1A0253_006 0.000 0.000 0.000 0.000 0.000
ARG01A0254_001 0.000 0.000 0.000 0.000 0.000
ARG02A0254_002 0.000 0.000 0.000 0.000 0.000
ARG03A0254_003 0.000 0.000 0.000 0.000 0.000
ARG+1A0254_004 1.000 1.000 1.000 1.000 1.000
MET01A0255_001 1.000 1.000 1.000 1.000 1.000
ASP01A0256_001 0.000 0.000 0.000 0.000 0.000
ASP01A0256_002 0.000 0.000 0.000 0.000 0.000
ASP02A0256_003 0.000 0.000 0.000 0.000 0.000
ASP02A0256_004 0.000 0.000 0.000 0.000 0.000
ASP-1A0256_005 1.000 1.000 1.000 1.000 1.000
LYS01A0257_001 0.000 0.001 0.000 0.000 0.000
LYS+1A0257_002 1.000 0.999 1.000 1.000 1.000
PRO01A0258_001 1.000 1.000 1.000 1.000 1.000
SER01A0259_001 0.937 0.938 0.937 0.937 0.937
SER01A0259_002 0.063 0.062 0.063 0.063 0.063
ASN01A0260_001 0.497 0.498 0.496 0.496 0.496
ASN01A0260_002 0.503 0.502 0.504 0.504 0.504
CYS01A0261_001 0.370 0.370 0.370 0.371 0.370
CYS01A0261_002 0.288 0.287 0.287 0.288 0.286
CYS01A0261_003 0.342 0.343 0.343 0.341 0.344
CYS-1A0261_004 0.000 0.000 0.000 0.000 0.000
THR01A0262_001 0.004 0.004 0.004 0.004 0.004
THR01A0262_002 0.000 0.000 0.000 0.000 0.000
THR01A0262_003 0.996 0.996 0.996 0.996 0.996
ASN01A0263_001 0.987 0.987 0.987 0.987 0.987
ASN01A0263_002 0.013 0.013 0.013 0.013 0.013
GLU01A0264_001 0.000 0.000 0.000 0.000 0.000
GLU01A0264_002 0.000 0.000 0.000 0.000 0.000
GLU02A0264_003 0.000 0.000 0.000 0.000 0.000
GLU02A0264_004 0.000 0.000 0.000 0.000 0.000
GLU-1A0264_005 1.000 1.000 1.000 1.000 1.000
LEU01A0265_001 1.000 1.000 1.000 1.000 1.000
TYR01A0266_001 0.990 0.990 0.990 0.990 0.990
TYR01A0266_002 0.010 0.010 0.010 0.010 0.010
TYR-1A0266_003 0.000 0.000 0.000 0.000 0.000
MET01A0267_001 1.000 1.000 1.000 1.000 1.000
MET01A0268_001 1.000 1.000 1.000 1.000 1.000
MET01A0269_001 1.000 1.000 1.000 1.000 1.000
ARG01A0270_001 0.000 0.000 0.000 0.000 0.000
ARG02A0270_002 0.000 0.000 0.000 0.000 0.000
ARG02A0270_003 0.000 0.000 0.000 0.000 0.000
ARG03A0270_004 0.000 0.000 0.000 0.000 0.000
ARG+1A0270_005 1.000 1.000 1.000 1.000 1.000
ASP01A0271_001 0.000 0.000 0.000 0.000 0.000
ASP01A0271_002 0.004 0.003 0.004 0.003 0.004
ASP02A0271_003 0.000 0.000 0.000 0.000 0.000
ASP02A0271_004 0.007 0.007 0.007 0.006 0.006
ASP-1A0271_005 0.990 0.990 0.990 0.990 0.990
CYS01A0272_001 0.241 0.241 0.241 0.240 0.239
CYS01A0272_002 0.540 0.539 0.539 0.539 0.541
CYS01A0272_003 0.219 0.220 0.220 0.221 0.220
CYS-1A0272_004 0.000 0.000 0.000 0.000 0.000
TRP01A0273_001 1.000 1.000 1.000 1.000 1.000
HIS01A0274_001 0.000 0.000 0.000 0.000 0.000
HIS01A0274_002 1.000 1.000 1.000 1.000 1.000
HIS02A0274_003 0.000 0.000 0.000 0.000 0.000
HIS02A0274_004 0.000 0.000 0.000 0.000 0.000
HIS+1A0274_005 0.000 0.000 0.000 0.000 0.000
HIS+1A0274_006 0.000 0.000 0.000 0.000 0.000
ALA01A0275_001 1.000 1.000 1.000 1.000 1.000
VAL01A0276_001 1.000 1.000 1.000 1.000 1.000
PRO01A0277_001 1.000 1.000 1.000 1.000 1.000
SER01A0278_001 0.004 0.004 0.004 0.004 0.004
SER01A0278_002 0.015 0.014 0.015 0.015 0.015
SER01A0278_003 0.981 0.982 0.981 0.981 0.981
GLN01A0279_001 0.572 0.572 0.571 0.572 0.571
GLN01A0279_002 0.428 0.428 0.429 0.428 0.429
ARG01A0280_001 0.000 0.000 0.000 0.000 0.000
ARG02A0280_002 0.000 0.000 0.000 0.000 0.000
ARG02A0280_003 0.000 0.000 0.000 0.000 0.000
ARG03A0280_004 0.000 0.000 0.000 0.000 0.000
ARG03A0280_005 0.000 0.000 0.000 0.000 0.000
ARG+1A0280_006 1.000 1.000 1.000 1.000 1.000
PRO01A0281_001 1.000 1.000 1.000 1.000 1.000
THR01A0282_001 0.994 0.995 0.994 0.995 0.995
THR01A0282_002 0.006 0.005 0.006 0.005 0.005
PHE01A0283_001 1.000 1.000 1.000 1.000 1.000
LYS01A0284_001 0.000 0.000 0.000 0.000 0.000
LYS+1A0284_002 1.000 1.000 1.000 1.000 1.000
GLN01A0285_001 0.995 0.995 0.996 0.996 0.995
GLN01A0285_002 0.005 0.005 0.004 0.004 0.005
LEU01A0286_001 1.000 1.000 1.000 1.000 1.000
VAL01A0287_001 1.000 1.000 1.000 1.000 1.000
GLU01A0288_001 0.000 0.000 0.000 0.000 0.000
GLU01A0288_002 0.003 0.003 0.002 0.003 0.000
GLU02A0288_003 0.000 0.000 0.000 0.000 0.000
GLU02A0288_004 0.000 0.000 0.000 0.000 0.000
GLU-1A0288_005 0.997 0.997 0.998 0.997 1.000
ASP01A0289_001 0.000 0.000 0.000 0.000 0.000
ASP01A0289_002 0.000 0.000 0.000 0.000 0.000
ASP02A0289_003 0.000 0.000 0.000 0.000 0.000
ASP02A0289_004 0.002 0.002 0.000 0.000 0.002
ASP-1A0289_005 0.998 0.998 1.000 1.000 0.998
LEU01A0290_001 1.000 1.000 1.000 1.000 1.000
ASP01A0291_001 0.000 0.000 0.000 0.000 0.000
ASP01A0291_002 0.000 0.000 0.000 0.000 0.000
ASP02A0291_003 0.000 0.000 0.000 0.000 0.000
ASP02A0291_004 0.000 0.000 0.000 0.000 0.000
ASP-1A0291_005 1.000 1.000 1.000 1.000 1.000
ARG01A0292_001 0.000 0.000 0.000 0.000 0.000
ARG02A0292_002 0.000 0.000 0.000 0.000 0.000
ARG02A0292_003 0.000 0.000 0.000 0.000 0.000
ARG03A0292_004 0.000 0.000 0.000 0.000 0.000
ARG03A0292_005 0.000 0.000 0.000 0.000 0.000
ARG+1A0292_006 1.000 1.000 1.000 1.000 1.000
ILE01A0293_001 1.000 1.000 1.000 1.000 1.000
VAL01A0294_001 1.000 1.000 1.000 1.000 1.000
ALA01A0295_001 1.000 1.000 1.000 1.000 1.000
LEU01A0296_001 1.000 1.000 1.000 1.000 1.000
THR01A0297_001 0.148 0.148 0.148 0.148 0.148
THR01A0297_002 0.852 0.852 0.852 0.851 0.852
SER01A0298_001 0.307 0.307 0.306 0.306 0.308
SER01A0298_002 0.693 0.693 0.694 0.694 0.692
ASN01A0299_001 0.012 0.012 0.012 0.012 0.012
ASN01A0299_002 0.988 0.988 0.988 0.988 0.988
GLN01A0300_001 0.324 0.323 0.323 0.324 0.323
GLN01A0300_002 0.676 0.677 0.677 0.676 0.677
GLU01A0301_001 0.000 0.000 0.000 0.000 0.000
GLU01A0301_002 0.000 0.000 0.000 0.000 0.000
GLU02A0301_003 0.000 0.000 0.000 0.000 0.000
GLU02A0301_004 0.000 0.000 0.000 0.000 0.000
GLU-1A0301_005 1.000 1.000 1.000 1.000 1.000
ALA01B0002_001 1.000 1.000 1.000 1.000 1.000
VAL01B0004_001 1.000 1.000 1.000 1.000 1.000
SER01B0005_001 0.138 0.138 0.138 0.139 0.138
SER01B0005_002 0.862 0.862 0.862 0.861 0.862
GLU01B0006_001 0.000 0.000 0.000 0.000 0.000
GLU01B0006_002 0.000 0.000 0.000 0.000 0.000
GLU02B0006_003 0.000 0.000 0.000 0.000 0.000
GLU02B0006_004 0.003 0.003 0.003 0.003 0.003
GLU-1B0006_005 0.997 0.997 0.997 0.997 0.997
TYR01B0007_001 1.000 1.000 1.000 1.000 1.000
TYR-1B0007_002 0.000 0.000 0.000 0.000 0.000
GLU01B0008_001 0.000 0.000 0.000 0.000 0.000
GLU01B0008_002 0.003 0.003 0.003 0.003 0.003
GLU02B0008_003 0.000 0.000 0.000 0.000 0.000
GLU02B0008_004 0.002 0.002 0.002 0.002 0.002
GLU-1B0008_005 0.995 0.995 0.995 0.995 0.995
LEU01B0009_001 1.000 1.000 1.000 1.000 1.000
PRO01B0010_001 1.000 1.000 1.000 1.000 1.000
GLU01B0011_001 0.000 0.000 0.000 0.000 0.000
GLU01B0011_002 0.002 0.002 0.003 0.002 0.003
GLU02B0011_003 0.000 0.000 0.000 0.000 0.000
GLU02B0011_004 0.001 0.002 0.000 0.002 0.000
GLU-1B0011_005 0.997 0.997 0.997 0.997 0.997
ASP01B0012_001 0.000 0.000 0.000 0.000 0.000
ASP01B0012_002 0.000 0.000 0.000 0.000 0.000
ASP02B0012_003 0.000 0.000 0.000 0.000 0.000
ASP02B0012_004 0.000 0.000 0.000 0.000 0.000
ASP-1B0012_005 1.000 1.000 1.000 1.000 1.000
PRO01B0013_001 1.000 1.000 1.000 1.000 1.000
ARG01B0014_001 0.000 0.000 0.000 0.000 0.000
ARG02B0014_002 0.000 0.000 0.000 0.000 0.000
ARG03B0014_003 0.000 0.000 0.000 0.000 0.000
ARG03B0014_004 0.000 0.000 0.000 0.000 0.000
ARG+1B0014_005 1.000 1.000 1.000 1.000 1.000
TRP01B0015_001 1.000 1.000 1.000 1.000 1.000
GLU01B0016_001 0.000 0.000 0.000 0.000 0.000
GLU01B0016_002 0.000 0.000 0.000 0.000 0.000
GLU02B0016_003 0.000 0.000 0.000 0.000 0.000
GLU02B0016_004 0.000 0.000 0.000 0.000 0.000
GLU-1B0016_005 1.000 1.000 1.000 1.000 1.000
LEU01B0017_001 1.000 1.000 1.000 1.000 1.000
PRO01B0018_001 1.000 1.000 1.000 1.000 1.000
ARG01B0019_001 0.000 0.000 0.000 0.000 0.000
ARG02B0019_002 0.000 0.000 0.000 0.000 0.000
ARG03B0019_003 0.000 0.000 0.000 0.000 0.000
ARG03B0019_004 0.000 0.000 0.000 0.000 0.000
ARG+1B0019_005 1.000 1.000 1.000 1.000 1.000
ASP01B0020_001 0.000 0.000 0.000 0.000 0.000
ASP01B0020_002 0.000 0.000 0.000 0.000 0.000
ASP02B0020_003 0.000 0.000 0.000 0.000 0.000
ASP02B0020_004 0.000 0.000 0.000 0.000 0.000
ASP-1B0020_005 1.000 1.000 1.000 1.000 1.000
ARG01B0021_001 0.000 0.000 0.000 0.000 0.000
ARG02B0021_002 0.000 0.000 0.000 0.000 0.000
ARG02B0021_003 0.000 0.000 0.000 0.000 0.000
ARG03B0021_004 0.000 0.000 0.000 0.000 0.000
ARG+1B0021_005 1.000 1.000 1.000 1.000 1.000
LEU01B0022_001 1.000 1.000 1.000 1.000 1.000
VAL01B0023_001 1.000 1.000 1.000 1.000 1.000
LEU01B0024_001 1.000 1.000 1.000 1.000 1.000
LYS01B0026_001 0.000 0.000 0.000 0.000 0.001
LYS+1B0026_002 1.000 1.000 1.000 1.000 0.999
PRO01B0027_001 1.000 1.000 1.000 1.000 1.000
LEU01B0028_001 1.000 1.000 1.000 1.000 1.000
GLU01B0030_001 0.000 0.000 0.000 0.000 0.000
GLU01B0030_002 0.000 0.000 0.000 0.000 0.000
GLU02B0030_003 0.000 0.000 0.000 0.000 0.000
GLU02B0030_004 0.000 0.000 0.000 0.000 0.000
GLU-1B0030_005 1.000 1.000 1.000 1.000 1.000
ALA01B0032_001 1.000 1.000 1.000 1.000 1.000
PHE01B0033_001 1.000 1.000 1.000 1.000 1.000
GLN01B0035_001 0.473 0.474 0.474 0.475 0.474
GLN01B0035_002 0.527 0.526 0.526 0.525 0.526
VAL01B0036_001 1.000 1.000 1.000 1.000 1.000
VAL01B0037_001 1.000 1.000 1.000 1.000 1.000
LEU01B0038_001 1.000 1.000 1.000 1.000 1.000
ALA01B0039_001 1.000 1.000 1.000 1.000 1.000
GLU01B0040_001 0.000 0.000 0.000 0.000 0.000
GLU01B0040_002 0.000 0.000 0.000 0.000 0.000
GLU02B0040_003 0.000 0.000 0.000 0.000 0.000
GLU02B0040_004 0.000 0.000 0.000 0.000 0.000
GLU-1B0040_005 1.000 1.000 1.000 1.000 1.000
ALA01B0041_001 1.000 1.000 1.000 1.000 1.000
ILE01B0042_001 1.000 1.000 1.000 1.000 1.000
LEU01B0044_001 1.000 1.000 1.000 1.000 1.000
ASP01B0045_001 0.000 0.000 0.000 0.000 0.000
ASP01B0045_002 0.000 0.000 0.000 0.000 0.000
ASP02B0045_003 0.000 0.000 0.000 0.000 0.000
ASP02B0045_004 0.000 0.000 0.000 0.000 0.000
ASP-1B0045_005 1.000 1.000 1.000 1.000 1.000
LYS01B0046_001 0.000 0.000 0.000 0.000 0.000
LYS+1B0046_002 1.000 1.000 1.000 1.000 1.000
ASP01B0047_001 0.000 0.000 0.000 0.000 0.000
ASP01B0047_002 0.000 0.000 0.000 0.000 0.000
ASP02B0047_003 0.000 0.000 0.000 0.000 0.000
ASP02B0047_004 0.001 0.001 0.001 0.000 0.001
ASP-1B0047_005 0.999 0.999 0.999 1.000 0.999
LYS01B0048_001 1.000 0.999 1.000 0.999 1.000
LYS+1B0048_002 0.000 0.001 0.000 0.001 0.000
PRO01B0049_001 1.000 1.000 1.000 1.000 1.000
ASN01B0050_001 0.000 0.000 0.000 0.000 0.000
ASN01B0050_002 1.000 1.000 1.000 1.000 1.000
ARG01B0051_001 0.000 0.000 0.000 0.000 0.000
ARG02B0051_002 0.000 0.000 0.000 0.000 0.000
ARG03B0051_003 0.000 0.000 0.000 0.000 0.000
ARG03B0051_004 1.000 1.000 1.000 1.000 1.000
ARG+1B0051_005 0.000 0.000 0.000 0.000 0.000
VAL01B0052_001 1.000 1.000 1.000 1.000 1.000
THR01B0053_001 0.219 0.218 0.218 0.219 0.217
THR01B0053_002 0.781 0.782 0.782 0.781 0.783
LYS01B0054_001 0.004 0.004 0.004 0.004 0.004
LYS+1B0054_002 0.996 0.996 0.996 0.996 0.996
VAL01B0055_001 1.000 1.000 1.000 1.000 1.000
ALA01B0056_001 1.000 1.000 1.000 1.000 1.000
VAL01B0057_001 1.000 1.000 1.000 1.000 1.000
LYS01B0058_001 0.000 0.000 0.000 0.000 0.000
LYS+1B0058_002 1.000 1.000 1.000 1.000 1.000
MET01B0059_001 1.000 1.000 1.000 1.000 1.000
LEU01B0060_001 1.000 1.000 1.000 1.000 1.000
LYS01B0061_001 0.000 0.000 0.000 0.000 0.000
LYS+1B0061_002 1.000 1.000 1.000 1.000 1.000
SER01B0062_001 0.195 0.194 0.195 0.194 0.194
SER01B0062_002 0.805 0.806 0.805 0.806 0.806
ASP01B0063_001 0.000 0.000 0.000 0.000 0.000
ASP01B0063_002 0.000 0.000 0.000 0.000 0.000
ASP02B0063_003 0.000 0.000 0.000 0.000 0.000
ASP02B0063_004 0.000 0.000 0.000 0.000 0.000
ASP-1B0063_005 1.000 1.000 1.000 1.000 1.000
ALA01B0064_001 1.000 1.000 1.000 1.000 1.000
THR01B0065_001 0.411 0.411 0.411 0.411 0.412
THR01B0065_002 0.589 0.589 0.589 0.589 0.588
GLU01B0066_001 0.000 0.000 0.000 0.000 0.000
GLU01B0066_002 0.039 0.038 0.039 0.037 0.037
GLU02B0066_003 0.000 0.000 0.000 0.000 0.000
GLU02B0066_004 0.000 0.000 0.000 0.000 0.000
GLU-1B0066_005 0.961 0.962 0.961 0.963 0.963
LYS01B0067_001 0.000 0.000 0.000 0.000 0.000
LYS+1B0067_002 1.000 1.000 1.000 1.000 1.000
ASP01B0068_001 0.000 0.000 0.000 0.000 0.000
ASP01B0068_002 0.008 0.008 0.008 0.008 0.008
ASP02B0068_003 0.000 0.000 0.000 0.000 0.000
ASP02B0068_004 0.017 0.017 0.017 0.017 0.017
ASP-1B0068_005 0.974 0.975 0.975 0.974 0.974
LEU01B0069_001 1.000 1.000 1.000 1.000 1.000
SER01B0070_001 0.495 0.495 0.495 0.495 0.495
SER01B0070_002 0.505 0.505 0.505 0.505 0.505
ASP01B0071_001 0.000 0.000 0.000 0.000 0.000
ASP01B0071_002 0.007 0.007 0.007 0.007 0.007
ASP02B0071_003 0.002 0.001 0.002 0.002 0.001
ASP02B0071_004 0.014 0.014 0.015 0.015 0.015
ASP-1B0071_005 0.977 0.977 0.976 0.976 0.976
LEU01B0072_001 1.000 1.000 1.000 1.000 1.000
ILE01B0073_001 1.000 1.000 1.000 1.000 1.000
SER01B0074_001 0.382 0.384 0.383 0.383 0.381
SER01B0074_002 0.618 0.616 0.617 0.617 0.619
GLU01B0075_001 0.000 0.000 0.000 0.000 0.000
GLU01B0075_002 0.000 0.000 0.000 0.000 0.000
GLU02B0075_003 0.000 0.000 0.000 0.000 0.000
GLU02B0075_004 0.000 0.000 0.000 0.000 0.000
GLU-1B0075_005 1.000 1.000 1.000 1.000 1.000
MET01B0076_001 1.000 1.000 1.000 1.000 1.000
GLU01B0077_001 0.000 0.000 0.000 0.000 0.000
GLU01B0077_002 0.000 0.000 0.000 0.000 0.000
GLU02B0077_003 0.000 0.000 0.000 0.000 0.000
GLU02B0077_004 0.000 0.000 0.000 0.000 0.000
GLU-1B0077_005 1.000 1.000 1.000 1.000 1.000
MET01B0078_001 1.000 1.000 1.000 1.000 1.000
MET01B0079_001 1.000 1.000 1.000 1.000 1.000
LYS01B0080_001 0.000 0.000 0.000 0.000 0.000
LYS+1B0080_002 1.000 1.000 1.000 1.000 1.000
MET01B0081_001 1.000 1.000 1.000 1.000 1.000
ILE01B0082_001 1.000 1.000 1.000 1.000 1.000
LYS01B0084_001 0.023 0.023 0.023 0.024 0.024
LYS+1B0084_002 0.977 0.977 0.977 0.976 0.976
HIS01B0085_001 1.000 1.000 1.000 1.000 1.000
HIS02B0085_002 0.000 0.000 0.000 0.000 0.000
HIS+1B0085_003 0.000 0.000 0.000 0.000 0.000
LYS01B0086_001 0.004 0.004 0.004 0.004 0.004
LYS+1B0086_002 0.996 0.996 0.996 0.996 0.996
ASN01B0087_001 1.000 1.000 1.000 1.000 1.000
ASN01B0087_002 0.000 0.000 0.000 0.000 0.000
ILE01B0088_001 1.000 1.000 1.000 1.000 1.000
ILE01B0089_001 1.000 1.000 1.000 1.000 1.000
ASN01B0090_001 0.996 0.995 0.996 0.996 0.995
ASN01B0090_002 0.004 0.005 0.004 0.004 0.005
LEU01B0091_001 1.000 1.000 1.000 1.000 1.000
LEU01B0092_001 1.000 1.000 1.000 1.000 1.000
ALA01B0094_001 1.000 1.000 1.000 1.000 1.000
CYS01B0095_001 0.847 0.847 0.845 0.845 0.847
CYS01B0095_002 0.054 0.053 0.055 0.055 0.053
CYS01B0095_003 0.099 0.099 0.101 0.100 0.100
CYS-1B0095_004 0.000 0.000 0.000 0.000 0.000
THR01B0096_001 0.987 0.987 0.987 0.988 0.987
THR01B0096_002 0.000 0.000 0.000 0.000 0.000
THR01B0096_003 0.013 0.013 0.013 0.012 0.013
GLN01B0097_001 0.995 0.995 0.995 0.995 0.995
GLN01B0097_002 0.005 0.005 0.005 0.005 0.005
ASP01B0098_001 0.000 0.000 0.000 0.000 0.000
ASP01B0098_002 0.002 0.002 0.004 0.004 0.004
ASP02B0098_003 0.000 0.000 0.000 0.000 0.000
ASP02B0098_004 0.001 0.001 0.000 0.000 0.000
ASP-1B0098_005 0.997 0.997 0.996 0.996 0.996
PRO01B0100_001 1.000 1.000 1.000 1.000 1.000
LEU01B0101_001 1.000 1.000 1.000 1.000 1.000
TYR01B0102_001 0.480 0.480 0.479 0.479 0.480
TYR01B0102_002 0.520 0.520 0.521 0.521 0.520
TYR-1B0102_003 0.000 0.000 0.000 0.000 0.000
VAL01B0103_001 1.000 1.000 1.000 1.000 1.000
ILE01B0104_001 1.000 1.000 1.000 1.000 1.000
VAL01B0105_001 1.000 1.000 1.000 1.000 1.000
GLU01B0106_001 0.000 0.000 0.000 0.000 0.000
GLU01B0106_002 0.000 0.000 0.000 0.000 0.000
GLU02B0106_003 0.000 0.000 0.000 0.000 0.000
GLU02B0106_004 0.000 0.000 0.000 0.000 0.000
GLU-1B0106_005 1.000 1.000 1.000 1.000 1.000
TYR01B0107_001 1.000 1.000 1.000 1.000 1.000
TYR-1B0107_002 0.000 0.000 0.000 0.000 0.000
ALA01B0108_001 1.000 1.000 1.000 1.000 1.000
SER01B0109_001 0.007 0.008 0.007 0.007 0.008
SER01B0109_002 0.036 0.036 0.036 0.036 0.036
SER01B0109_003 0.956 0.957 0.957 0.957 0.956
LYS01B0110_001 0.000 0.000 0.000 0.000 0.000
LYS+1B0110_002 1.000 1.000 1.000 1.000 1.000
ASN01B0112_001 1.000 1.000 1.000 1.000 1.000
ASN01B0112_002 0.000 0.000 0.000 0.000 0.000
LEU01B0113_001 1.000 1.000 1.000 1.000 1.000
ARG01B0114_001 0.000 0.000 0.000 0.000 0.000
ARG02B0114_002 0.000 0.000 0.000 0.000 0.000
ARG02B0114_003 0.000 0.000 0.000 0.000 0.000
ARG03B0114_004 0.000 0.000 0.000 0.000 0.000
ARG+1B0114_005 1.000 1.000 1.000 1.000 1.000
GLU01B0115_001 0.000 0.000 0.000 0.000 0.000
GLU01B0115_002 0.000 0.000 0.000 0.000 0.000
GLU02B0115_003 0.000 0.000 0.000 0.000 0.000
GLU02B0115_004 0.000 0.000 0.000 0.000 0.000
GLU-1B0115_005 1.000 1.000 1.000 1.000 1.000
TYR01B0116_001 0.579 0.579 0.578 0.578 0.579
TYR01B0116_002 0.421 0.421 0.422 0.422 0.421
TYR-1B0116_003 0.000 0.000 0.000 0.000 0.000
LEU01B0117_001 1.000 1.000 1.000 1.000 1.000
GLN01B0118_001 0.775 0.774 0.775 0.774 0.774
GLN01B0118_002 0.225 0.226 0.225 0.226 0.226
ALA01B0119_001 1.000 1.000 1.000 1.000 1.000
ARG01B0120_001 0.000 0.000 0.000 0.000 0.000
ARG02B0120_002 0.000 0.000 0.000 0.000 0.000
ARG02B0120_003 0.000 0.000 0.000 0.000 0.000
ARG03B0120_004 0.000 0.000 0.000 0.000 0.000
ARG+1B0120_005 1.000 1.000 1.000 1.000 1.000
ARG01B0121_001 0.000 0.000 0.000 0.000 0.000
ARG02B0121_002 0.000 0.000 0.000 0.000 0.000
ARG03B0121_003 0.000 0.000 0.000 0.000 0.000
ARG+1B0121_004 1.000 1.000 1.000 1.000 1.000
PRO01B0122_001 1.000 1.000 1.000 1.000 1.000
PRO01B0123_001 1.000 1.000 1.000 1.000 1.000
LEU01B0125_001 1.000 1.000 1.000 1.000 1.000
GLU01B0126_001 0.000 0.000 0.000 0.000 0.000
GLU01B0126_002 0.003 0.003 0.000 0.003 0.003
GLU02B0126_003 0.000 0.000 0.000 0.000 0.000
GLU02B0126_004 0.000 0.000 0.000 0.000 0.000
GLU-1B0126_005 0.997 0.997 1.000 0.997 0.997
TYR01B0127_001 1.000 1.000 1.000 1.000 1.000
TYR-1B0127_002 0.000 0.000 0.000 0.000 0.000
SER01B0128_001 0.002 0.001 0.002 0.002 0.001
SER01B0128_002 0.998 0.999 0.998 0.998 0.999
TYR01B0129_001 0.998 0.998 0.998 0.998 0.998
TYR-1B0129_002 0.002 0.002 0.002 0.002 0.002
ASN01B0130_001 0.000 0.000 0.000 0.000 0.000
ASN01B0130_002 1.000 1.000 1.000 1.000 1.000
PRO01B0131_001 1.000 1.000 1.000 1.000 1.000
SER01B0132_001 1.000 1.000 1.000 1.000 1.000
HIS01B0133_001 0.634 0.634 0.635 0.636 0.633
HIS02B0133_002 0.013 0.014 0.013 0.013 0.013
HIS+1B0133_003 0.353 0.352 0.352 0.351 0.354
ASN01B0134_001 0.000 0.000 0.000 0.000 0.000
ASN01B0134_002 1.000 1.000 1.000 1.000 1.000
PRO01B0135_001 1.000 1.000 1.000 1.000 1.000
GLU01B0136_001 0.000 0.000 0.000 0.000 0.000
GLU01B0136_002 0.000 0.000 0.000 0.000 0.000
GLU02B0136_003 0.000 0.000 0.000 0.000 0.000
GLU02B0136_004 0.000 0.000 0.000 0.000 0.000
GLU-1B0136_005 1.000 1.000 1.000 1.000 1.000
GLU01B0137_001 0.000 0.000 0.000 0.000 0.000
GLU01B0137_002 0.002 0.002 0.002 0.002 0.002
GLU02B0137_003 0.000 0.000 0.000 0.000 0.000
GLU02B0137_004 0.036 0.036 0.036 0.037 0.036
GLU-1B0137_005 0.962 0.962 0.962 0.961 0.962
GLN01B0138_001 0.250 0.249 0.248 0.249 0.249
GLN01B0138_002 0.750 0.751 0.752 0.751 0.751
LEU01B0139_001 1.000 1.000 1.000 1.000 1.000
SER01B0140_001 0.825 0.824 0.824 0.825 0.824
SER01B0140_002 0.175 0.176 0.176 0.175 0.176
SER01B0141_001 1.000 1.000 1.000 1.000 1.000
LYS01B0142_001 0.000 0.000 0.000 0.000 0.000
LYS+1B0142_002 1.000 1.000 1.000 1.000 1.000
ASP01B0143_001 0.000 0.000 0.000 0.000 0.000
ASP01B0143_002 0.000 0.000 0.000 0.000 0.000
ASP02B0143_003 0.000 0.000 0.000 0.000 0.000
ASP02B0143_004 0.000 0.000 0.000 0.000 0.000
ASP-1B0143_005 1.000 1.000 1.000 1.000 1.000
LEU01B0144_001 1.000 1.000 1.000 1.000 1.000
VAL01B0145_001 1.000 1.000 1.000 1.000 1.000
SER01B0146_001 0.011 0.011 0.010 0.011 0.011
SER01B0146_002 0.989 0.989 0.990 0.989 0.989
CYS01B0147_001 0.202 0.203 0.202 0.203 0.202
CYS01B0147_002 0.694 0.693 0.694 0.693 0.693
CYS01B0147_003 0.104 0.104 0.104 0.104 0.105
CYS-1B0147_004 0.000 0.000 0.000 0.000 0.000
ALA01B0148_001 1.000 1.000 1.000 1.000 1.000
TYR01B0149_001 1.000 1.000 1.000 1.000 1.000
TYR-1B0149_002 0.000 0.000 0.000 0.000 0.000
GLN01B0150_001 1.000 1.000 1.000 1.000 1.000
GLN01B0150_002 0.000 0.000 0.000 0.000 0.000
VAL01B0151_001 1.000 1.000 1.000 1.000 1.000
ALA01B0152_001 1.000 1.000 1.000 1.000 1.000
ARG01B0153_001 0.000 0.000 0.000 0.000 0.000
ARG02B0153_002 0.000 0.000 0.000 0.000 0.000
ARG02B0153_003 0.000 0.000 0.000 0.000 0.000
ARG03B0153_004 0.000 0.000 0.000 0.000 0.000
ARG+1B0153_005 1.000 1.000 1.000 1.000 1.000
MET01B0155_001 1.000 1.000 1.000 1.000 1.000
GLU01B0156_001 0.000 0.000 0.000 0.000 0.000
GLU01B0156_002 0.007 0.007 0.007 0.006 0.007
GLU02B0156_003 0.000 0.000 0.000 0.000 0.000
GLU02B0156_004 0.000 0.000 0.000 0.000 0.000
GLU-1B0156_005 0.993 0.993 0.993 0.994 0.993
TYR01B0157_001 0.018 0.018 0.018 0.018 0.018
TYR01B0157_002 0.982 0.982 0.982 0.982 0.982
TYR-1B0157_003 0.000 0.000 0.000 0.000 0.000
LEU01B0158_001 1.000 1.000 1.000 1.000 1.000
ALA01B0159_001 1.000 1.000 1.000 1.000 1.000
SER01B0160_001 0.952 0.952 0.951 0.952 0.951
SER01B0160_002 0.048 0.048 0.049 0.048 0.049
LYS01B0161_001 0.000 0.000 0.000 0.000 0.000
LYS+1B0161_002 1.000 1.000 1.000 1.000 1.000
LYS01B0162_001 0.004 0.004 0.005 0.005 0.004
LYS+1B0162_002 0.996 0.996 0.995 0.995 0.996
CYS01B0163_001 0.473 0.473 0.472 0.474 0.471
CYS01B0163_002 0.000 0.000 0.000 0.000 0.000
CYS01B0163_003 0.527 0.527 0.528 0.526 0.529
CYS-1B0163_004 0.000 0.000 0.000 0.000 0.000
ILE01B0164_001 1.000 1.000 1.000 1.000 1.000
HIS01B0165_001 1.000 1.000 1.000 1.000 1.000
HIS02B0165_002 0.000 0.000 0.000 0.000 0.000
HIS+1B0165_003 0.000 0.000 0.000 0.000 0.000
ARG01B0166_001 0.000 0.000 0.000 0.000 0.000
ARG02B0166_002 0.000 0.000 0.000 0.000 0.000
ARG03B0166_003 0.000 0.000 0.000 0.000 0.000
ARG+1B0166_004 1.000 1.000 1.000 1.000 1.000
ASP01B0167_001 0.000 0.000 0.000 0.000 0.000
ASP01B0167_002 0.000 0.000 0.000 0.000 0.000
ASP02B0167_003 0.003 0.003 0.003 0.003 0.003
ASP02B0167_004 0.011 0.011 0.011 0.011 0.011
ASP-1B0167_005 0.987 0.986 0.987 0.986 0.986
LEU01B0168_001 1.000 1.000 1.000 1.000 1.000
ALA01B0169_001 1.000 1.000 1.000 1.000 1.000
ALA01B0170_001 1.000 1.000 1.000 1.000 1.000
ARG01B0171_001 0.000 0.000 0.000 0.000 0.000
ARG02B0171_002 0.000 0.000 0.000 0.000 0.000
ARG02B0171_003 0.000 0.000 0.000 0.000 0.000
ARG03B0171_004 0.000 0.000 0.000 0.000 0.000
ARG03B0171_005 0.000 0.000 0.000 0.000 0.000
ARG+1B0171_006 1.000 1.000 1.000 1.000 1.000
ASN01B0172_001 1.000 1.000 1.000 1.000 1.000
ASN01B0172_002 0.000 0.000 0.000 0.000 0.000
VAL01B0173_001 1.000 1.000 1.000 1.000 1.000
LEU01B0174_001 1.000 1.000 1.000 1.000 1.000
VAL01B0175_001 1.000 1.000 1.000 1.000 1.000
THR01B0176_001 1.000 1.000 1.000 1.000 1.000
GLU01B0177_001 0.000 0.000 0.000 0.000 0.000
GLU01B0177_002 0.000 0.000 0.000 0.000 0.000
GLU02B0177_003 0.000 0.000 0.000 0.000 0.000
GLU02B0177_004 0.001 0.000 0.002 0.000 0.000
GLU-1B0177_005 0.999 1.000 0.998 1.000 1.000
ASP01B0178_001 0.000 0.000 0.000 0.000 0.000
ASP01B0178_002 0.000 0.000 0.000 0.000 0.000
ASP02B0178_003 0.000 0.000 0.000 0.000 0.000
ASP02B0178_004 0.000 0.000 0.000 0.000 0.000
ASP-1B0178_005 1.000 1.000 1.000 1.000 1.000
ASN01B0179_001 1.000 1.000 1.000 1.000 1.000
ASN01B0179_002 0.000 0.000 0.000 0.000 0.000
VAL01B0180_001 1.000 1.000 1.000 1.000 1.000
MET01B0181_001 1.000 1.000 1.000 1.000 1.000
LYS01B0182_001 0.000 0.000 0.000 0.000 0.000
LYS+1B0182_002 1.000 1.000 1.000 1.000 1.000
ILE01B0183_001 1.000 1.000 1.000 1.000 1.000
ALA01B0184_001 1.000 1.000 1.000 1.000 1.000
ASP01B0185_001 0.000 0.000 0.000 0.000 0.000
ASP01B0185_002 0.945 0.944 0.945 0.945 0.944
ASP02B0185_003 0.000 0.000 0.000 0.000 0.000
ASP02B0185_004 0.021 0.021 0.021 0.021 0.021
ASP-1B0185_005 0.034 0.035 0.034 0.035 0.035
PHE01B0186_001 1.000 1.000 1.000 1.000 1.000
LEU01B0188_001 1.000 1.000 1.000 1.000 1.000
ALA01B0189_001 1.000 1.000 1.000 1.000 1.000
ARG01B0190_001 0.000 0.000 0.000 0.000 0.000
ARG02B0190_002 0.000 0.000 0.000 0.000 0.000
ARG03B0190_003 0.000 0.000 0.000 0.000 0.000
ARG03B0190_004 1.000 1.000 1.000 1.000 1.000
ARG+1B0190_005 0.000 0.000 0.000 0.000 0.000
ASP01B0191_001 0.000 0.000 0.000 0.000 0.000
ASP01B0191_002 0.000 0.000 0.000 0.000 0.000
ASP02B0191_003 0.000 0.000 0.000 0.000 0.000
ASP02B0191_004 0.002 0.002 0.002 0.002 0.002
ASP-1B0191_005 0.998 0.998 0.998 0.998 0.998
ILE01B0192_001 1.000 1.000 1.000 1.000 1.000
HIS01B0193_001 0.090 0.091 0.091 0.090 0.091
HIS01B0193_002 0.275 0.275 0.275 0.276 0.276
HIS02B0193_003 0.105 0.105 0.105 0.105 0.105
HIS02B0193_004 0.259 0.258 0.260 0.258 0.259
HIS+1B0193_005 0.128 0.129 0.128 0.129 0.128
HIS+1B0193_006 0.142 0.142 0.141 0.142 0.142
HIS01B0194_001 0.000 0.000 0.000 0.000 0.000
HIS01B0194_002 1.000 1.000 1.000 1.000 1.000
HIS02B0194_003 0.000 0.000 0.000 0.000 0.000
HIS02B0194_004 0.000 0.000 0.000 0.000 0.000
HIS+1B0194_005 0.000 0.000 0.000 0.000 0.000
HIS+1B0194_006 0.000 0.000 0.000 0.000 0.000
ILE01B0195_001 1.000 1.000 1.000 1.000 1.000
ASP01B0196_001 0.000 0.000 0.000 0.000 0.000
ASP01B0196_002 0.000 0.000 0.000 0.000 0.000
ASP02B0196_003 0.000 0.000 0.000 0.000 0.000
ASP02B0196_004 0.000 0.000 0.000 0.000 0.000
ASP-1B0196_005 1.000 1.000 1.000 1.000 1.000
TYR01B0197_001 1.000 1.000 1.000 1.000 1.000
TYR-1B0197_002 0.000 0.000 0.000 0.000 0.000
TYR01B0198_001 1.000 1.000 1.000 1.000 1.000
TYR-1B0198_002 0.000 0.000 0.000 0.000 0.000
LYS01B0199_001 1.000 1.000 1.000 1.000 1.000
LYS+1B0199_002 0.000 0.000 0.000 0.000 0.000
LYS01B0200_001 0.002 0.002 0.002 0.002 0.002
LYS+1B0200_002 0.998 0.998 0.998 0.998 0.998
THR01B0201_001 0.000 0.000 0.000 0.000 0.000
THR01B0201_002 1.000 1.000 1.000 1.000 1.000
THR01B0202_001 0.098 0.098 0.098 0.098 0.099
THR01B0202_002 0.092 0.091 0.090 0.092 0.092
THR01B0202_003 0.811 0.811 0.812 0.811 0.809
ASN01B0203_001 0.993 0.994 0.994 0.994 0.994
ASN01B0203_002 0.007 0.006 0.006 0.006 0.006
ARG01B0205_001 0.000 0.000 0.000 0.000 0.000
ARG02B0205_002 0.000 0.000 0.000 0.000 0.000
ARG02B0205_003 0.000 0.000 0.000 0.000 0.000
ARG03B0205_004 0.000 0.000 0.000 0.000 0.000
ARG+1B0205_005 1.000 1.000 1.000 1.000 1.000
LEU01B0206_001 1.000 1.000 1.000 1.000 1.000
PRO01B0207_001 1.000 1.000 1.000 1.000 1.000
VAL01B0208_001 1.000 1.000 1.000 1.000 1.000
LYS01B0209_001 0.012 0.012 0.013 0.012 0.012
LYS+1B0209_002 0.988 0.988 0.987 0.988 0.988
TRP01B0210_001 1.000 1.000 1.000 1.000 1.000
MET01B0211_001 1.000 1.000 1.000 1.000 1.000
ALA01B0212_001 1.000 1.000 1.000 1.000 1.000
PRO01B0213_001 1.000 1.000 1.000 1.000 1.000
GLU01B0214_001 0.000 0.000 0.000 0.000 0.000
GLU01B0214_002 0.000 0.000 0.000 0.000 0.000
GLU02B0214_003 0.000 0.000 0.000 0.000 0.000
GLU02B0214_004 0.000 0.000 0.000 0.000 0.000
GLU-1B0214_005 1.000 1.000 1.000 1.000 1.000
ALA01B0215_001 1.000 1.000 1.000 1.000 1.000
LEU01B0216_001 1.000 1.000 1.000 1.000 1.000
PHE01B0217_001 1.000 1.000 1.000 1.000 1.000
ASP01B0218_001 0.000 0.000 0.000 0.000 0.000
ASP01B0218_002 0.000 0.000 0.000 0.000 0.001
ASP02B0218_003 0.000 0.000 0.000 0.000 0.000
ASP02B0218_004 0.000 0.000 0.000 0.000 0.000
ASP-1B0218_005 1.000 1.000 1.000 1.000 0.999
ARG01B0219_001 0.000 0.000 0.000 0.000 0.000
ARG02B0219_002 0.000 0.000 0.000 0.000 0.000
ARG03B0219_003 0.000 0.000 0.000 0.000 0.000
ARG+1B0219_004 1.000 1.000 1.000 1.000 1.000
ILE01B0220_001 1.000 1.000 1.000 1.000 1.000
TYR01B0221_001 1.000 1.000 1.000 1.000 1.000
TYR-1B0221_002 0.000 0.000 0.000 0.000 0.000
THR01B0222_001 0.057 0.057 0.056 0.056 0.056
THR01B0222_002 0.943 0.943 0.944 0.944 0.944
HIS01B0223_001 0.000 0.000 0.000 0.000 0.000
HIS02B0223_002 1.000 1.000 1.000 1.000 1.000
HIS+1B0223_003 0.000 0.000 0.000 0.000 0.000
GLN01B0224_001 0.998 0.998 0.998 0.998 0.998
GLN01B0224_002 0.002 0.002 0.002 0.002 0.002
SER01B0225_001 0.006 0.006 0.006 0.006 0.006
SER01B0225_002 0.957 0.956 0.956 0.956 0.956
SER01B0225_003 0.037 0.038 0.038 0.038 0.038
ASP01B0226_001 0.000 0.000 0.000 0.000 0.000
ASP01B0226_002 0.000 0.000 0.000 0.000 0.000
ASP02B0226_003 0.000 0.000 0.000 0.000 0.000
ASP02B0226_004 0.000 0.000 0.000 0.000 0.000
ASP-1B0226_005 1.000 1.000 1.000 1.000 1.000
VAL01B0227_001 1.000 1.000 1.000 1.000 1.000
TRP01B0228_001 1.000 1.000 1.000 1.000 1.000
SER01B0229_001 0.970 0.971 0.970 0.971 0.970
SER01B0229_002 0.030 0.029 0.030 0.029 0.030
PHE01B0230_001 1.000 1.000 1.000 1.000 1.000
VAL01B0232_001 1.000 1.000 1.000 1.000 1.000
LEU01B0233_001 1.000 1.000 1.000 1.000 1.000
LEU01B0234_001 1.000 1.000 1.000 1.000 1.000
TRP01B0235_001 1.000 1.000 1.000 1.000 1.000
GLU01B0236_001 0.000 0.000 0.000 0.000 0.000
GLU01B0236_002 0.000 0.000 0.000 0.000 0.000
GLU02B0236_003 0.002 0.002 0.002 0.002 0.002
GLU02B0236_004 0.024 0.023 0.023 0.024 0.024
GLU-1B0236_005 0.974 0.975 0.974 0.974 0.974
ILE01B0237_001 1.000 1.000 1.000 1.000 1.000
PHE01B0238_001 1.000 1.000 1.000 1.000 1.000
THR01B0239_001 1.000 1.000 1.000 1.000 1.000
THR01B0239_002 0.000 0.000 0.000 0.000 0.000
LEU01B0240_001 1.000 1.000 1.000 1.000 1.000
SER01B0243_001 0.907 0.908 0.907 0.907 0.908
SER01B0243_002 0.093 0.092 0.093 0.093 0.092
PRO01B0244_001 1.000 1.000 1.000 1.000 1.000
TYR01B0245_001 0.603 0.592 0.584 0.589 0.590
TYR01B0245_002 0.397 0.408 0.416 0.411 0.410
TYR-1B0245_003 0.000 0.000 0.000 0.000 0.000
PRO01B0246_001 1.000 1.000 1.000 1.000 1.000
VAL01B0248_001 1.000 1.000 1.000 1.000 1.000
PRO01B0249_001 1.000 1.000 1.000 1.000 1.000
VAL01B0250_001 1.000 1.000 1.000 1.000 1.000
GLU01B0251_001 0.000 0.000 0.000 0.000 0.000
GLU01B0251_002 0.000 0.000 0.000 0.000 0.000
GLU02B0251_003 0.000 0.000 0.000 0.000 0.000
GLU02B0251_004 0.000 0.000 0.000 0.000 0.000
GLU-1B0251_005 1.000 1.000 1.000 1.000 1.000
GLU01B0252_001 0.000 0.000 0.000 0.000 0.000
GLU01B0252_002 0.000 0.000 0.000 0.000 0.000
GLU02B0252_003 0.000 0.000 0.000 0.000 0.000
GLU02B0252_004 0.000 0.000 0.000 0.000 0.000
GLU-1B0252_005 1.000 1.000 1.000 1.000 1.000
LEU01B0253_001 1.000 1.000 1.000 1.000 1.000
PHE01B0254_001 1.000 1.000 1.000 1.000 1.000
LYS01B0255_001 0.000 0.000 0.000 0.000 0.000
LYS+1B0255_002 1.000 1.000 1.000 1.000 1.000
LEU01B0256_001 1.000 1.000 1.000 1.000 1.000
LEU01B0257_001 1.000 1.000 1.000 1.000 1.000
LYS01B0258_001 0.000 0.000 0.000 0.000 0.000
LYS+1B0258_002 1.000 1.000 1.000 1.000 1.000
GLU01B0259_001 0.000 0.000 0.000 0.000 0.000
GLU01B0259_002 0.000 0.000 0.000 0.000 0.000
GLU02B0259_003 0.000 0.000 0.000 0.000 0.000
GLU02B0259_004 0.000 0.000 0.000 0.000 0.000
GLU-1B0259_005 1.000 1.000 1.000 1.000 1.000
HIS01B0261_001 0.613 0.601 0.593 0.598 0.600
HIS02B0261_002 0.377 0.388 0.396 0.392 0.390
HIS+1B0261_003 0.010 0.011 0.011 0.010 0.011
ARG01B0262_001 0.000 0.000 0.000 0.000 0.000
ARG02B0262_002 0.000 0.000 0.000 0.000 0.000
ARG03B0262_003 0.000 0.000 0.000 0.000 0.000
ARG+1B0262_004 1.000 1.000 1.000 1.000 1.000
MET01B0263_001 1.000 1.000 1.000 1.000 1.000
ASP01B0264_001 0.000 0.000 0.000 0.000 0.000
ASP01B0264_002 0.000 0.000 0.000 0.000 0.000
ASP02B0264_003 0.000 0.000 0.000 0.000 0.000
ASP02B0264_004 0.000 0.000 0.000 0.000 0.000
ASP-1B0264_005 1.000 1.000 1.000 1.000 1.000
LYS01B0265_001 0.000 0.000 0.000 0.000 0.000
LYS+1B0265_002 1.000 1.000 1.000 1.000 1.000
PRO01B0266_001 1.000 1.000 1.000 1.000 1.000
SER01B0267_001 1.000 1.000 1.000 1.000 1.000
ASN01B0268_001 0.019 0.018 0.018 0.018 0.018
ASN01B0268_002 0.981 0.982 0.982 0.982 0.982
CYS01B0269_001 0.406 0.407 0.407 0.406 0.405
CYS01B0269_002 0.249 0.248 0.247 0.248 0.248
CYS01B0269_003 0.345 0.345 0.346 0.346 0.346
CYS-1B0269_004 0.000 0.000 0.000 0.000 0.000
THR01B0270_001 0.006 0.006 0.006 0.006 0.006
THR01B0270_002 0.000 0.000 0.000 0.000 0.000
THR01B0270_003 0.994 0.994 0.994 0.994 0.994
ASN01B0271_001 1.000 1.000 1.000 1.000 1.000
GLU01B0272_001 0.000 0.000 0.000 0.000 0.000
GLU01B0272_002 0.000 0.000 0.000 0.000 0.000
GLU02B0272_003 0.000 0.000 0.000 0.000 0.000
GLU02B0272_004 0.000 0.000 0.000 0.000 0.000
GLU-1B0272_005 1.000 1.000 1.000 1.000 1.000
LEU01B0273_001 1.000 1.000 1.000 1.000 1.000
TYR01B0274_001 0.990 0.990 0.990 0.990 0.990
TYR01B0274_002 0.010 0.010 0.010 0.010 0.010
TYR-1B0274_003 0.000 0.000 0.000 0.000 0.000
MET01B0275_001 1.000 1.000 1.000 1.000 1.000
MET01B0276_001 1.000 1.000 1.000 1.000 1.000
MET01B0277_001 1.000 1.000 1.000 1.000 1.000
ARG01B0278_001 0.000 0.000 0.000 0.000 0.000
ARG02B0278_002 0.000 0.000 0.000 0.000 0.000
ARG02B0278_003 0.000 0.000 0.000 0.000 0.000
ARG03B0278_004 0.000 0.000 0.000 0.000 0.000
ARG+1B0278_005 1.000 1.000 1.000 1.000 1.000
ASP01B0279_001 0.000 0.000 0.000 0.000 0.000
ASP01B0279_002 0.005 0.005 0.005 0.005 0.005
ASP02B0279_003 0.000 0.000 0.000 0.000 0.000
ASP02B0279_004 0.014 0.014 0.014 0.014 0.015
ASP-1B0279_005 0.980 0.980 0.980 0.980 0.980
CYS01B0280_001 0.185 0.184 0.185 0.184 0.185
CYS01B0280_002 0.573 0.575 0.573 0.573 0.573
CYS01B0280_003 0.242 0.240 0.242 0.243 0.242
CYS-1B0280_004 0.000 0.000 0.000 0.000 0.000
TRP01B0281_001 1.000 1.000 1.000 1.000 1.000
HIS01B0282_001 0.139 0.137 0.139 0.139 0.140
HIS01B0282_002 0.005 0.005 0.005 0.005 0.005
HIS02B0282_003 0.033 0.033 0.034 0.034 0.034
HIS02B0282_004 0.759 0.761 0.757 0.758 0.756
HIS+1B0282_005 0.036 0.035 0.037 0.036 0.036
HIS+1B0282_006 0.029 0.028 0.029 0.028 0.028
ALA01B0283_001 1.000 1.000 1.000 1.000 1.000
VAL01B0284_001 1.000 1.000 1.000 1.000 1.000
PRO01B0285_001 1.000 1.000 1.000 1.000 1.000
SER01B0286_001 1.000 1.000 1.000 1.000 1.000
GLN01B0287_001 0.242 0.243 0.242 0.242 0.242
GLN01B0287_002 0.758 0.757 0.758 0.758 0.758
ARG01B0288_001 0.000 0.000 0.000 0.000 0.000
ARG02B0288_002 0.000 0.000 0.000 0.000 0.000
ARG02B0288_003 0.000 0.000 0.000 0.000 0.000
ARG03B0288_004 0.000 0.000 0.000 0.000 0.000
ARG03B0288_005 0.000 0.000 0.000 0.000 0.000
ARG+1B0288_006 1.000 1.000 1.000 1.000 1.000
PRO01B0289_001 1.000 1.000 1.000 1.000 1.000
THR01B0290_001 1.000 1.000 1.000 1.000 1.000
PHE01B0291_001 1.000 1.000 1.000 1.000 1.000
LYS01B0292_001 0.000 0.000 0.000 0.000 0.000
LYS+1B0292_002 1.000 1.000 1.000 1.000 1.000
GLN01B0293_001 1.000 1.000 1.000 1.000 1.000
GLN01B0293_002 0.000 0.000 0.000 0.000 0.000
LEU01B0294_001 1.000 1.000 1.000 1.000 1.000
VAL01B0295_001 1.000 1.000 1.000 1.000 1.000
GLU01B0296_001 0.000 0.000 0.000 0.000 0.000
GLU01B0296_002 0.003 0.003 0.000 0.003 0.003
GLU02B0296_003 0.000 0.000 0.000 0.000 0.000
GLU02B0296_004 0.000 0.000 0.000 0.000 0.000
GLU-1B0296_005 0.997 0.997 1.000 0.997 0.997
ASP01B0297_001 0.000 0.000 0.000 0.000 0.000
ASP01B0297_002 0.000 0.000 0.000 0.000 0.000
ASP02B0297_003 0.000 0.000 0.000 0.000 0.000
ASP02B0297_004 0.000 0.000 0.002 0.002 0.000
ASP-1B0297_005 1.000 1.000 0.998 0.998 1.000
LEU01B0298_001 1.000 1.000 1.000 1.000 1.000
ASP01B0299_001 0.000 0.000 0.000 0.000 0.000
ASP01B0299_002 0.000 0.000 0.000 0.000 0.000
ASP02B0299_003 0.000 0.000 0.000 0.000 0.000
ASP02B0299_004 0.000 0.000 0.000 0.000 0.000
ASP-1B0299_005 1.000 1.000 1.000 1.000 1.000
ARG01B0300_001 0.000 0.000 0.000 0.000 0.000
ARG02B0300_002 0.000 0.000 0.000 0.000 0.000
ARG02B0300_003 0.000 0.000 0.000 0.000 0.000
ARG03B0300_004 0.000 0.000 0.000 0.000 0.000
ARG03B0300_005 0.000 0.000 0.000 0.000 0.000
ARG+1B0300_006 1.000 1.000 1.000 1.000 1.000
ILE01B0301_001 1.000 1.000 1.000 1.000 1.000
VAL01B0302_001 1.000 1.000 1.000 1.000 1.000
ALA01B0303_001 1.000 1.000 1.000 1.000 1.000
LEU01B0304_001 1.000 1.000 1.000 1.000 1.000
THR01B0305_001 0.112 0.112 0.112 0.112 0.111
THR01B0305_002 0.888 0.888 0.888 0.888 0.889
SER01B0306_001 1.000 1.000 1.000 1.000 1.000
ASN01B0307_001 1.000 1.000 1.000 1.000 1.000
0LI+1C0011_001 0.044 0.044 0.044 0.044 0.045
0LI+2C0011_002 0.956 0.956 0.956 0.956 0.955
0LI01C0011_003 0.000 0.000 0.000 0.000 0.000
0LIDMC0011_004 0.000 0.000 0.000 0.000 0.000
SO4-2D0001_001 1.000 1.000 1.000 1.000 1.000
SO4DMD0001_002 0.000 0.000 0.000 0.000 0.000
0LI+1D0007_001 0.314 0.315 0.315 0.314 0.316
0LI+2D0007_002 0.683 0.683 0.683 0.683 0.681
0LI01D0007_003 0.002 0.002 0.002 0.002 0.002
0LIDMD0007_004 0.000 0.000 0.000 0.000 0.000
