 ph              7.4   7.4   7.4   7.4   7.4
ASN01A0002_001 0.000 0.000 0.000 0.000 0.000
ASN01A0002_002 1.000 1.000 1.000 1.000 1.000
ASN01A0003_001 0.746 0.741 0.745 0.744 0.737
ASN01A0003_002 0.254 0.259 0.255 0.256 0.263
TYR01A0004_001 0.432 0.430 0.420 0.433 0.430
TYR01A0004_002 0.563 0.566 0.576 0.567 0.565
TYR-1A0004_003 0.006 0.004 0.004 0.000 0.006
VAL01A0005_001 1.000 1.000 1.000 1.000 1.000
TYR01A0006_001 1.000 1.000 0.999 0.999 1.000
TYR-1A0006_002 0.000 0.000 0.001 0.001 0.000
ILE01A0007_001 1.000 1.000 1.000 1.000 1.000
ASP01A0008_001 0.000 0.000 0.000 0.000 0.000
ASP01A0008_002 0.000 0.000 0.000 0.000 0.000
ASP02A0008_003 0.000 0.000 0.000 0.000 0.000
ASP02A0008_004 0.000 0.000 0.000 0.000 0.000
ASP-1A0008_005 1.000 1.000 1.000 1.000 1.000
PRO01A0009_001 1.000 1.000 1.000 1.000 1.000
THR01A0010_001 0.011 0.010 0.013 0.012 0.012
THR01A0010_002 0.989 0.990 0.987 0.988 0.988
GLN01A0011_001 0.611 0.614 0.618 0.614 0.618
GLN01A0011_002 0.389 0.386 0.382 0.386 0.382
LEU01A0012_001 1.000 1.000 1.000 1.000 1.000
PRO01A0013_001 1.000 1.000 1.000 1.000 1.000
TYR01A0014_001 0.923 0.919 0.917 0.922 0.921
TYR01A0014_002 0.077 0.081 0.083 0.078 0.079
TYR-1A0014_003 0.000 0.000 0.000 0.000 0.000
ASP01A0015_001 0.000 0.000 0.000 0.000 0.000
ASP01A0015_002 0.000 0.000 0.000 0.000 0.000
ASP02A0015_003 0.000 0.000 0.000 0.000 0.000
ASP02A0015_004 0.000 0.000 0.000 0.000 0.000
ASP-1A0015_005 1.000 1.000 1.000 1.000 1.000
HIS01A0016_001 0.102 0.103 0.102 0.103 0.101
HIS01A0016_002 0.000 0.000 0.000 0.000 0.000
HIS02A0016_003 0.759 0.757 0.764 0.756 0.761
HIS02A0016_004 0.000 0.000 0.000 0.000 0.000
HIS+1A0016_005 0.139 0.141 0.134 0.141 0.138
HIS+1A0016_006 0.000 0.000 0.000 0.000 0.000
LYS01A0017_001 0.013 0.014 0.014 0.013 0.014
LYS+1A0017_002 0.987 0.986 0.986 0.987 0.986
TRP01A0018_001 1.000 1.000 1.000 1.000 1.000
GLU01A0019_001 0.000 0.000 0.000 0.000 0.000
GLU01A0019_002 0.000 0.000 0.000 0.000 0.000
GLU02A0019_003 0.000 0.000 0.000 0.000 0.000
GLU02A0019_004 0.000 0.000 0.000 0.000 0.000
GLU-1A0019_005 1.000 1.000 1.000 1.000 1.000
PHE01A0020_001 1.000 1.000 1.000 1.000 1.000
PRO01A0021_001 1.000 1.000 1.000 1.000 1.000
ARG01A0022_001 0.000 0.000 0.000 0.000 0.000
ARG02A0022_002 0.000 0.000 0.000 0.000 0.000
ARG02A0022_003 0.000 0.000 0.000 0.000 0.000
ARG03A0022_004 0.000 0.000 0.000 0.000 0.000
ARG03A0022_005 0.000 0.000 0.000 0.000 0.000
ARG+1A0022_006 1.000 1.000 1.000 1.000 1.000
ASN01A0023_001 0.031 0.032 0.033 0.030 0.031
ASN01A0023_002 0.969 0.968 0.967 0.970 0.969
ARG01A0024_001 0.000 0.000 0.000 0.000 0.000
ARG02A0024_002 0.000 0.000 0.000 0.000 0.000
ARG03A0024_003 0.000 0.000 0.000 0.000 0.000
ARG+1A0024_004 1.000 1.000 1.000 1.000 1.000
LEU01A0025_001 1.000 1.000 1.000 1.000 1.000
SER01A0026_001 1.000 1.000 1.000 1.000 1.000
PHE01A0027_001 1.000 1.000 1.000 1.000 1.000
LYS01A0029_001 0.000 0.000 0.000 0.000 0.001
LYS+1A0029_002 1.000 1.000 1.000 1.000 0.999
THR01A0030_001 0.136 0.133 0.134 0.132 0.132
THR01A0030_002 0.864 0.867 0.866 0.868 0.868
LEU01A0031_001 1.000 1.000 1.000 1.000 1.000
ALA01A0033_001 1.000 1.000 1.000 1.000 1.000
ALA01A0035_001 1.000 1.000 1.000 1.000 1.000
PHE01A0036_001 1.000 1.000 1.000 1.000 1.000
LYS01A0038_001 0.007 0.007 0.007 0.008 0.007
LYS+1A0038_002 0.993 0.993 0.993 0.992 0.993
VAL01A0039_001 1.000 1.000 1.000 1.000 1.000
VAL01A0040_001 1.000 1.000 1.000 1.000 1.000
GLU01A0041_001 0.000 0.000 0.000 0.000 0.000
GLU01A0041_002 0.000 0.000 0.000 0.001 0.000
GLU02A0041_003 0.000 0.000 0.000 0.000 0.000
GLU02A0041_004 0.005 0.006 0.004 0.004 0.000
GLU-1A0041_005 0.995 0.994 0.996 0.996 1.000
ALA01A0042_001 1.000 1.000 1.000 1.000 1.000
THR01A0043_001 1.000 1.000 1.000 1.000 1.000
ALA01A0044_001 1.000 1.000 1.000 1.000 1.000
TYR01A0045_001 0.574 0.573 0.575 0.571 0.580
TYR01A0045_002 0.426 0.426 0.425 0.429 0.420
TYR-1A0045_003 0.000 0.001 0.000 0.000 0.000
LEU01A0047_001 1.000 1.000 1.000 1.000 1.000
ILE01A0048_001 1.000 1.000 1.000 1.000 1.000
ALA01A0049_001 1.000 1.000 1.000 1.000 1.000
ALA01A0050_001 1.000 1.000 1.000 1.000 1.000
MET01A0051_001 1.000 1.000 1.000 1.000 1.000
THR01A0052_001 0.198 0.196 0.197 0.193 0.199
THR01A0052_002 0.802 0.804 0.803 0.807 0.801
VAL01A0053_001 1.000 1.000 1.000 1.000 1.000
ALA01A0054_001 1.000 1.000 1.000 1.000 1.000
VAL01A0055_001 1.000 1.000 1.000 1.000 1.000
LYS01A0056_001 0.219 0.212 0.226 0.216 0.208
LYS+1A0056_002 0.781 0.788 0.774 0.784 0.792
MET01A0057_001 1.000 1.000 1.000 1.000 1.000
LEU01A0058_001 1.000 1.000 1.000 1.000 1.000
LYS01A0059_001 0.000 0.000 0.000 0.000 0.000
LYS+1A0059_002 1.000 1.000 1.000 1.000 1.000
PRO01A0060_001 1.000 1.000 1.000 1.000 1.000
SER01A0061_001 1.000 1.000 1.000 1.000 1.000
ALA01A0062_001 1.000 1.000 1.000 1.000 1.000
HIS01A0063_001 0.017 0.016 0.016 0.017 0.015
HIS01A0063_002 0.004 0.005 0.006 0.005 0.004
HIS02A0063_003 0.028 0.029 0.026 0.027 0.024
HIS02A0063_004 0.091 0.095 0.099 0.093 0.079
HIS+1A0063_005 0.195 0.182 0.192 0.193 0.196
HIS+1A0063_006 0.665 0.674 0.661 0.665 0.680
LEU01A0064_001 1.000 1.000 1.000 1.000 1.000
THR01A0065_001 0.270 0.276 0.276 0.272 0.269
THR01A0065_002 0.730 0.724 0.724 0.728 0.731
GLU01A0066_001 0.000 0.000 0.000 0.000 0.000
GLU01A0066_002 0.000 0.000 0.000 0.000 0.001
GLU02A0066_003 0.000 0.000 0.000 0.000 0.000
GLU02A0066_004 0.000 0.000 0.000 0.000 0.000
GLU-1A0066_005 1.000 1.000 1.000 1.000 0.999
ARG01A0067_001 0.000 0.000 0.000 0.000 0.000
ARG02A0067_002 0.000 0.000 0.000 0.000 0.000
ARG03A0067_003 0.000 0.000 0.000 0.000 0.000
ARG+1A0067_004 1.000 1.000 1.000 1.000 1.000
GLU01A0068_001 0.000 0.000 0.000 0.000 0.000
GLU01A0068_002 0.000 0.000 0.000 0.000 0.000
GLU02A0068_003 0.000 0.000 0.000 0.000 0.000
GLU02A0068_004 0.000 0.000 0.004 0.000 0.004
GLU-1A0068_005 1.000 1.000 0.996 1.000 0.996
ALA01A0069_001 1.000 1.000 1.000 1.000 1.000
LEU01A0070_001 1.000 1.000 1.000 1.000 1.000
MET01A0071_001 1.000 1.000 1.000 1.000 1.000
SER01A0072_001 1.000 1.000 1.000 1.000 1.000
GLU01A0073_001 0.001 0.000 0.000 0.000 0.001
GLU01A0073_002 0.083 0.079 0.089 0.083 0.082
GLU02A0073_003 0.003 0.000 0.000 0.000 0.003
GLU02A0073_004 0.138 0.139 0.146 0.137 0.131
GLU-1A0073_005 0.775 0.782 0.764 0.780 0.783
LEU01A0074_001 1.000 1.000 1.000 1.000 1.000
LYS01A0075_001 0.001 0.000 0.000 0.001 0.000
LYS+1A0075_002 0.999 1.000 1.000 0.999 1.000
VAL01A0076_001 1.000 1.000 1.000 1.000 1.000
LEU01A0077_001 1.000 1.000 1.000 1.000 1.000
SER01A0078_001 1.000 1.000 1.000 1.000 1.000
TYR01A0079_001 0.972 0.969 0.967 0.973 0.971
TYR01A0079_002 0.028 0.031 0.033 0.027 0.029
TYR-1A0079_003 0.000 0.000 0.000 0.000 0.000
LEU01A0080_001 1.000 1.000 1.000 1.000 1.000
ASN01A0082_001 0.988 0.989 0.990 0.987 0.988
ASN01A0082_002 0.012 0.011 0.010 0.013 0.012
HIS01A0083_001 0.000 0.000 0.000 0.000 0.000
HIS01A0083_002 0.863 0.861 0.860 0.866 0.857
HIS02A0083_003 0.005 0.005 0.004 0.000 0.004
HIS02A0083_004 0.060 0.063 0.065 0.063 0.061
HIS+1A0083_005 0.000 0.000 0.000 0.000 0.000
HIS+1A0083_006 0.072 0.071 0.070 0.071 0.078
MET01A0084_001 1.000 1.000 1.000 1.000 1.000
ASN01A0085_001 0.032 0.032 0.033 0.034 0.033
ASN01A0085_002 0.968 0.968 0.967 0.966 0.967
ILE01A0086_001 1.000 1.000 1.000 1.000 1.000
VAL01A0087_001 1.000 1.000 1.000 1.000 1.000
ASN01A0088_001 0.958 0.958 0.957 0.959 0.957
ASN01A0088_002 0.042 0.042 0.043 0.041 0.043
LEU01A0089_001 1.000 1.000 1.000 1.000 1.000
LEU01A0090_001 1.000 1.000 1.000 1.000 1.000
ALA01A0092_001 1.000 1.000 1.000 1.000 1.000
CYS01A0093_001 0.827 0.822 0.821 0.815 0.822
CYS01A0093_002 0.086 0.090 0.090 0.092 0.088
CYS01A0093_003 0.086 0.088 0.089 0.093 0.090
CYS-1A0093_004 0.000 0.000 0.000 0.000 0.000
THR01A0094_001 0.020 0.022 0.020 0.019 0.018
THR01A0094_002 0.017 0.020 0.020 0.020 0.019
THR01A0094_003 0.963 0.959 0.960 0.961 0.962
ILE01A0095_001 1.000 1.000 1.000 1.000 1.000
PRO01A0098_001 1.000 1.000 1.000 1.000 1.000
THR01A0099_001 0.357 0.362 0.358 0.356 0.359
THR01A0099_002 0.450 0.440 0.444 0.449 0.444
THR01A0099_003 0.193 0.197 0.198 0.195 0.197
LEU01A0100_001 1.000 1.000 1.000 1.000 1.000
VAL01A0101_001 1.000 1.000 1.000 1.000 1.000
ILE01A0102_001 1.000 1.000 1.000 1.000 1.000
THR01A0103_001 0.066 0.070 0.067 0.067 0.065
THR01A0103_002 0.934 0.930 0.933 0.933 0.935
GLU01A0104_001 0.000 0.000 0.000 0.000 0.000
GLU01A0104_002 0.000 0.000 0.000 0.000 0.000
GLU02A0104_003 0.000 0.000 0.000 0.000 0.000
GLU02A0104_004 0.004 0.000 0.003 0.002 0.000
GLU-1A0104_005 0.996 1.000 0.997 0.997 1.000
TYR01A0105_001 1.000 1.000 1.000 1.000 1.000
TYR-1A0105_002 0.000 0.000 0.000 0.000 0.000
CYS01A0106_001 0.376 0.376 0.381 0.375 0.380
CYS01A0106_002 0.352 0.357 0.349 0.356 0.356
CYS01A0106_003 0.271 0.268 0.270 0.269 0.264
CYS-1A0106_004 0.000 0.000 0.000 0.000 0.000
CYS01A0107_001 0.023 0.024 0.022 0.022 0.023
CYS01A0107_002 0.226 0.226 0.224 0.222 0.224
CYS01A0107_003 0.751 0.750 0.754 0.756 0.753
CYS-1A0107_004 0.000 0.000 0.000 0.000 0.000
TYR01A0108_001 0.915 0.913 0.910 0.911 0.913
TYR01A0108_002 0.074 0.075 0.077 0.077 0.076
TYR-1A0108_003 0.012 0.012 0.013 0.012 0.012
ASP01A0110_001 0.000 0.000 0.000 0.000 0.000
ASP01A0110_002 0.000 0.000 0.000 0.000 0.000
ASP02A0110_003 0.000 0.000 0.000 0.000 0.000
ASP02A0110_004 0.000 0.000 0.000 0.000 0.000
ASP-1A0110_005 1.000 1.000 1.000 1.000 1.000
LEU01A0111_001 1.000 1.000 1.000 1.000 1.000
LEU01A0112_001 1.000 1.000 1.000 1.000 1.000
ASN01A0113_001 0.003 0.004 0.000 0.003 0.003
ASN01A0113_002 0.997 0.996 1.000 0.997 0.997
PHE01A0114_001 1.000 1.000 1.000 1.000 1.000
LEU01A0115_001 1.000 1.000 1.000 1.000 1.000
ARG01A0116_001 0.000 0.000 0.000 0.000 0.000
ARG02A0116_002 0.000 0.000 0.000 0.000 0.000
ARG03A0116_003 0.000 0.000 0.000 0.000 0.000
ARG+1A0116_004 1.000 1.000 1.000 1.000 1.000
ARG01A0117_001 0.000 0.000 0.000 0.000 0.000
ARG02A0117_002 0.000 0.000 0.000 0.000 0.000
ARG03A0117_003 0.000 0.000 0.000 0.000 0.000
ARG+1A0117_004 1.000 1.000 1.000 1.000 1.000
LYS01A0118_001 0.030 0.029 0.029 0.031 0.031
LYS+1A0118_002 0.970 0.971 0.971 0.969 0.969
ARG01A0119_001 0.000 0.000 0.000 0.000 0.000
ARG02A0119_002 0.000 0.000 0.000 0.000 0.000
ARG03A0119_003 0.000 0.000 0.000 0.000 0.000
ARG+1A0119_004 1.000 1.000 1.000 1.000 1.000
ASP01A0120_001 0.000 0.000 0.000 0.000 0.000
ASP01A0120_002 0.000 0.000 0.000 0.000 0.000
ASP02A0120_003 0.000 0.000 0.000 0.000 0.000
ASP02A0120_004 0.000 0.000 0.000 0.000 0.000
ASP-1A0120_005 1.000 1.000 1.000 1.000 1.000
SER01A0121_001 0.877 0.874 0.877 0.878 0.883
SER01A0121_002 0.123 0.126 0.123 0.122 0.117
PHE01A0122_001 1.000 1.000 1.000 1.000 1.000
ILE01A0123_001 1.000 1.000 1.000 1.000 1.000
CYS01A0124_001 0.222 0.229 0.221 0.220 0.223
CYS01A0124_002 0.359 0.361 0.360 0.367 0.359
CYS01A0124_003 0.418 0.410 0.413 0.412 0.412
CYS-1A0124_004 0.000 0.000 0.006 0.000 0.007
SER01A0125_001 1.000 1.000 1.000 1.000 1.000
LEU01A0126_001 1.000 1.000 1.000 1.000 1.000
ALA01A0127_001 1.000 1.000 1.000 1.000 1.000
LEU01A0128_001 1.000 1.000 1.000 1.000 1.000
ASP01A0129_001 0.000 0.000 0.000 0.000 0.000
ASP01A0129_002 0.000 0.000 0.000 0.000 0.000
ASP02A0129_003 0.000 0.000 0.000 0.000 0.000
ASP02A0129_004 0.000 0.000 0.000 0.000 0.000
ASP-1A0129_005 1.000 1.000 1.000 1.000 1.000
LEU01A0130_001 1.000 1.000 1.000 1.000 1.000
GLU01A0131_001 0.000 0.000 0.000 0.000 0.000
GLU01A0131_002 0.009 0.009 0.011 0.010 0.010
GLU02A0131_003 0.002 0.000 0.000 0.000 0.000
GLU02A0131_004 0.989 0.991 0.989 0.990 0.990
GLU-1A0131_005 0.000 0.000 0.000 0.000 0.000
ASP01A0132_001 0.000 0.000 0.000 0.000 0.000
ASP01A0132_002 0.000 0.000 0.000 0.000 0.000
ASP02A0132_003 0.000 0.000 0.000 0.000 0.000
ASP02A0132_004 0.000 0.000 0.000 0.000 0.000
ASP-1A0132_005 1.000 1.000 1.000 1.000 1.000
LEU01A0133_001 1.000 1.000 1.000 1.000 1.000
LEU01A0134_001 1.000 1.000 1.000 1.000 1.000
SER01A0135_001 0.019 0.019 0.018 0.017 0.019
SER01A0135_002 0.981 0.981 0.982 0.983 0.981
PHE01A0136_001 1.000 1.000 1.000 1.000 1.000
SER01A0137_001 1.000 1.000 1.000 1.000 1.000
TYR01A0138_001 0.395 0.392 0.390 0.396 0.393
TYR01A0138_002 0.605 0.608 0.610 0.604 0.607
TYR-1A0138_003 0.000 0.000 0.000 0.000 0.000
GLN01A0139_001 1.000 1.000 1.000 1.000 1.000
GLN01A0139_002 0.000 0.000 0.000 0.000 0.000
VAL01A0140_001 1.000 1.000 1.000 1.000 1.000
ALA01A0141_001 1.000 1.000 1.000 1.000 1.000
LYS01A0142_001 0.000 0.000 0.000 0.000 0.000
LYS+1A0142_002 1.000 1.000 1.000 1.000 1.000
MET01A0144_001 1.000 1.000 1.000 1.000 1.000
ALA01A0145_001 1.000 1.000 1.000 1.000 1.000
PHE01A0146_001 1.000 1.000 1.000 1.000 1.000
LEU01A0147_001 1.000 1.000 1.000 1.000 1.000
ALA01A0148_001 1.000 1.000 1.000 1.000 1.000
SER01A0149_001 0.885 0.883 0.888 0.891 0.887
SER01A0149_002 0.115 0.117 0.112 0.109 0.113
LYS01A0150_001 0.002 0.000 0.000 0.000 0.002
LYS+1A0150_002 0.998 1.000 1.000 1.000 0.998
ASN01A0151_001 1.000 1.000 1.000 1.000 1.000
CYS01A0152_001 0.316 0.311 0.318 0.310 0.316
CYS01A0152_002 0.441 0.441 0.440 0.445 0.437
CYS01A0152_003 0.243 0.248 0.242 0.245 0.247
CYS-1A0152_004 0.000 0.000 0.000 0.000 0.000
ILE01A0153_001 1.000 1.000 1.000 1.000 1.000
HIS01A0154_001 1.000 1.000 1.000 1.000 1.000
HIS02A0154_002 0.000 0.000 0.000 0.000 0.000
HIS+1A0154_003 0.000 0.000 0.000 0.000 0.000
ARG01A0155_001 0.000 0.000 0.000 0.000 0.000
ARG02A0155_002 0.000 0.000 0.000 0.000 0.000
ARG03A0155_003 0.000 0.000 0.000 0.000 0.000
ARG+1A0155_004 1.000 1.000 1.000 1.000 1.000
ASP01A0156_001 0.019 0.018 0.019 0.019 0.019
ASP01A0156_002 0.007 0.006 0.007 0.007 0.006
ASP02A0156_003 0.004 0.003 0.003 0.004 0.003
ASP02A0156_004 0.068 0.064 0.071 0.074 0.066
ASP-1A0156_005 0.902 0.909 0.899 0.896 0.906
LEU01A0157_001 1.000 1.000 1.000 1.000 1.000
ALA01A0158_001 1.000 1.000 1.000 1.000 1.000
ALA01A0159_001 1.000 1.000 1.000 1.000 1.000
ARG01A0160_001 0.001 0.000 0.002 0.001 0.000
ARG02A0160_002 0.000 0.000 0.000 0.000 0.000
ARG02A0160_003 0.000 0.000 0.000 0.000 0.000
ARG03A0160_004 0.000 0.000 0.000 0.000 0.000
ARG+1A0160_005 0.999 1.000 0.998 0.999 1.000
ASN01A0161_001 1.000 1.000 1.000 1.000 1.000
ASN01A0161_002 0.000 0.000 0.000 0.000 0.000
ILE01A0162_001 1.000 1.000 1.000 1.000 1.000
LEU01A0163_001 1.000 1.000 1.000 1.000 1.000
LEU01A0164_001 1.000 1.000 1.000 1.000 1.000
THR01A0165_001 0.000 0.000 0.000 0.000 0.000
THR01A0165_002 0.000 0.000 0.000 0.000 0.000
THR01A0165_003 1.000 1.000 1.000 1.000 1.000
HIS01A0166_001 0.273 0.270 0.263 0.270 0.274
HIS02A0166_002 0.727 0.730 0.737 0.730 0.726
HIS+1A0166_003 0.000 0.000 0.000 0.000 0.000
ARG01A0168_001 0.000 0.000 0.000 0.000 0.000
ARG02A0168_002 0.000 0.000 0.000 0.000 0.000
ARG03A0168_003 0.000 0.000 0.000 0.000 0.000
ARG03A0168_004 0.000 0.000 0.000 0.000 0.000
ARG+1A0168_005 1.000 1.000 1.000 1.000 1.000
ILE01A0169_001 1.000 1.000 1.000 1.000 1.000
THR01A0170_001 1.000 1.000 1.000 1.000 1.000
LYS01A0171_001 0.000 0.000 0.000 0.000 0.000
LYS+1A0171_002 1.000 1.000 1.000 1.000 1.000
ILE01A0172_001 1.000 1.000 1.000 1.000 1.000
CYS01A0173_001 0.410 0.411 0.413 0.416 0.412
CYS01A0173_002 0.194 0.193 0.194 0.195 0.188
CYS01A0173_003 0.396 0.397 0.394 0.389 0.400
CYS-1A0173_004 0.000 0.000 0.000 0.000 0.000
ASP01A0174_001 0.000 0.000 0.000 0.000 0.000
ASP01A0174_002 0.034 0.033 0.035 0.037 0.032
ASP02A0174_003 0.003 0.003 0.004 0.003 0.003
ASP02A0174_004 0.098 0.089 0.085 0.090 0.093
ASP-1A0174_005 0.864 0.875 0.877 0.870 0.872
PHE01A0175_001 1.000 1.000 1.000 1.000 1.000
LEU01A0177_001 1.000 1.000 1.000 1.000 1.000
ALA01A0178_001 1.000 1.000 1.000 1.000 1.000
ARG01A0179_001 0.000 0.000 0.000 0.000 0.000
ARG02A0179_002 0.000 0.000 0.000 0.000 0.000
ARG03A0179_003 0.000 0.000 0.000 0.000 0.000
ARG03A0179_004 0.000 0.000 0.000 0.000 0.000
ARG+1A0179_005 1.000 1.000 1.000 1.000 1.000
ASP01A0180_001 0.000 0.000 0.000 0.000 0.000
ASP01A0180_002 0.000 0.000 0.000 0.000 0.000
ASP02A0180_003 0.000 0.000 0.000 0.000 0.000
ASP02A0180_004 0.000 0.000 0.000 0.000 0.000
ASP-1A0180_005 1.000 1.000 1.000 1.000 1.000
ILE01A0181_001 1.000 1.000 1.000 1.000 1.000
LYS01A0182_001 0.122 0.123 0.122 0.120 0.121
LYS+1A0182_002 0.878 0.877 0.878 0.880 0.879
ASN01A0183_001 0.010 0.012 0.011 0.011 0.011
ASN01A0183_002 0.990 0.988 0.989 0.989 0.989
ASP01A0184_001 0.000 0.000 0.000 0.000 0.000
ASP01A0184_002 0.000 0.000 0.000 0.000 0.000
ASP02A0184_003 0.000 0.000 0.000 0.000 0.000
ASP02A0184_004 0.000 0.000 0.000 0.000 0.000
ASP-1A0184_005 1.000 1.000 1.000 1.000 1.000
SER01A0185_001 0.153 0.153 0.153 0.153 0.152
SER01A0185_002 0.847 0.847 0.847 0.847 0.848
ASN01A0186_001 0.644 0.647 0.647 0.648 0.648
ASN01A0186_002 0.356 0.353 0.353 0.352 0.352
TYR01A0187_001 0.942 0.948 0.946 0.949 0.945
TYR01A0187_002 0.058 0.052 0.053 0.051 0.055
TYR-1A0187_003 0.000 0.000 0.001 0.000 0.000
VAL01A0188_001 1.000 1.000 1.000 1.000 1.000
VAL01A0189_001 1.000 1.000 1.000 1.000 1.000
LYS01A0190_001 0.001 0.001 0.000 0.001 0.001
LYS+1A0190_002 0.999 0.999 1.000 0.999 0.999
ASN01A0192_001 1.000 1.000 1.000 1.000 1.000
ALA01A0193_001 1.000 1.000 1.000 1.000 1.000
ARG01A0194_001 0.000 0.000 0.000 0.000 0.000
ARG02A0194_002 0.000 0.000 0.000 0.000 0.000
ARG03A0194_003 0.000 0.000 0.000 0.000 0.000
ARG+1A0194_004 1.000 1.000 1.000 1.000 1.000
LEU01A0195_001 1.000 1.000 1.000 1.000 1.000
PRO01A0196_001 1.000 1.000 1.000 1.000 1.000
VAL01A0197_001 1.000 1.000 1.000 1.000 1.000
LYS01A0198_001 0.000 0.000 0.000 0.000 0.000
LYS+1A0198_002 1.000 1.000 1.000 1.000 1.000
TRP01A0199_001 1.000 1.000 1.000 1.000 1.000
MET01A0200_001 1.000 1.000 1.000 1.000 1.000
ALA01A0201_001 1.000 1.000 1.000 1.000 1.000
PRO01A0202_001 1.000 1.000 1.000 1.000 1.000
GLU01A0203_001 0.000 0.000 0.000 0.000 0.000
GLU01A0203_002 0.000 0.000 0.000 0.000 0.000
GLU02A0203_003 0.000 0.000 0.000 0.000 0.000
GLU02A0203_004 0.000 0.000 0.000 0.000 0.000
GLU-1A0203_005 1.000 1.000 1.000 1.000 1.000
SER01A0204_001 0.955 0.954 0.951 0.952 0.953
SER01A0204_002 0.045 0.046 0.049 0.048 0.047
ILE01A0205_001 1.000 1.000 1.000 1.000 1.000
PHE01A0206_001 1.000 1.000 1.000 1.000 1.000
ASN01A0207_001 0.007 0.006 0.007 0.006 0.007
ASN01A0207_002 0.993 0.994 0.993 0.994 0.993
CYS01A0208_001 0.336 0.340 0.343 0.335 0.341
CYS01A0208_002 0.270 0.265 0.261 0.272 0.264
CYS01A0208_003 0.360 0.363 0.363 0.359 0.362
CYS-1A0208_004 0.034 0.032 0.034 0.034 0.033
VAL01A0209_001 1.000 1.000 1.000 1.000 1.000
TYR01A0210_001 1.000 1.000 1.000 1.000 1.000
TYR-1A0210_002 0.000 0.000 0.000 0.000 0.000
THR01A0211_001 1.000 0.995 0.995 0.996 0.994
THR01A0211_002 0.000 0.005 0.005 0.004 0.006
PHE01A0212_001 1.000 1.000 1.000 1.000 1.000
GLU01A0213_001 0.000 0.000 0.000 0.000 0.000
GLU01A0213_002 0.000 0.000 0.000 0.002 0.002
GLU02A0213_003 0.000 0.000 0.000 0.000 0.000
GLU02A0213_004 0.000 0.000 0.000 0.000 0.000
GLU-1A0213_005 1.000 1.000 1.000 0.998 0.998
SER01A0214_001 0.000 0.000 0.000 0.000 0.000
SER01A0214_002 0.979 0.980 0.980 0.978 0.980
SER01A0214_003 0.021 0.020 0.020 0.022 0.020
ASP01A0215_001 0.000 0.000 0.000 0.000 0.000
ASP01A0215_002 0.000 0.000 0.000 0.000 0.000
ASP02A0215_003 0.000 0.000 0.000 0.000 0.000
ASP02A0215_004 0.000 0.000 0.000 0.000 0.000
ASP-1A0215_005 1.000 1.000 1.000 1.000 1.000
VAL01A0216_001 1.000 1.000 1.000 1.000 1.000
TRP01A0217_001 1.000 1.000 1.000 1.000 1.000
SER01A0218_001 0.977 0.975 0.975 0.976 0.976
SER01A0218_002 0.023 0.025 0.025 0.024 0.024
TYR01A0219_001 0.951 0.952 0.953 0.950 0.953
TYR01A0219_002 0.049 0.048 0.047 0.050 0.047
TYR-1A0219_003 0.000 0.000 0.000 0.000 0.000
ILE01A0221_001 1.000 1.000 1.000 1.000 1.000
PHE01A0222_001 1.000 1.000 1.000 1.000 1.000
LEU01A0223_001 1.000 1.000 1.000 1.000 1.000
TRP01A0224_001 1.000 1.000 1.000 1.000 1.000
GLU01A0225_001 0.000 0.000 0.000 0.001 0.002
GLU01A0225_002 0.004 0.005 0.004 0.002 0.000
GLU02A0225_003 0.000 0.000 0.000 0.000 0.000
GLU02A0225_004 0.000 0.000 0.000 0.000 0.000
GLU-1A0225_005 0.996 0.995 0.996 0.997 0.998
LEU01A0226_001 1.000 1.000 1.000 1.000 1.000
PHE01A0227_001 1.000 1.000 1.000 1.000 1.000
SER01A0228_001 1.000 1.000 1.000 1.000 1.000
LEU01A0229_001 1.000 1.000 1.000 1.000 1.000
SER01A0231_001 0.521 0.517 0.520 0.521 0.519
SER01A0231_002 0.479 0.483 0.480 0.479 0.481
SER01A0232_001 0.283 0.284 0.286 0.282 0.286
SER01A0232_002 0.717 0.716 0.714 0.718 0.714
PRO01A0233_001 1.000 1.000 1.000 1.000 1.000
TYR01A0234_001 0.857 0.855 0.856 0.861 0.854
TYR01A0234_002 0.143 0.145 0.144 0.139 0.146
TYR-1A0234_003 0.000 0.000 0.000 0.000 0.000
PRO01A0235_001 1.000 1.000 1.000 1.000 1.000
MET01A0237_001 1.000 1.000 1.000 1.000 1.000
PRO01A0238_001 1.000 1.000 1.000 1.000 1.000
VAL01A0239_001 1.000 1.000 1.000 1.000 1.000
ASP01A0240_001 0.000 0.000 0.000 0.000 0.000
ASP01A0240_002 0.000 0.001 0.002 0.000 0.000
ASP02A0240_003 0.000 0.000 0.000 0.000 0.000
ASP02A0240_004 0.000 0.000 0.000 0.000 0.000
ASP-1A0240_005 1.000 0.999 0.998 1.000 1.000
SER01A0241_001 0.238 0.237 0.242 0.244 0.240
SER01A0241_002 0.762 0.763 0.758 0.756 0.760
LYS01A0242_001 0.000 0.000 0.000 0.000 0.001
LYS+1A0242_002 1.000 1.000 1.000 1.000 0.999
PHE01A0243_001 1.000 1.000 1.000 1.000 1.000
TYR01A0244_001 1.000 1.000 1.000 1.000 1.000
TYR-1A0244_002 0.000 0.000 0.000 0.000 0.000
LYS01A0245_001 0.000 0.001 0.000 0.000 0.000
LYS+1A0245_002 1.000 0.999 1.000 1.000 1.000
MET01A0246_001 1.000 1.000 1.000 1.000 1.000
ILE01A0247_001 1.000 1.000 1.000 1.000 1.000
LYS01A0248_001 0.001 0.000 0.000 0.000 0.001
LYS+1A0248_002 0.999 1.000 1.000 1.000 0.999
GLU01A0249_001 0.000 0.000 0.000 0.000 0.000
GLU01A0249_002 0.001 0.000 0.000 0.001 0.001
GLU02A0249_003 0.000 0.000 0.000 0.000 0.000
GLU02A0249_004 0.001 0.003 0.000 0.001 0.001
GLU-1A0249_005 0.998 0.997 1.000 0.998 0.998
PHE01A0251_001 1.000 1.000 1.000 1.000 1.000
ARG01A0252_001 0.000 0.000 0.000 0.000 0.000
ARG02A0252_002 0.000 0.000 0.000 0.000 0.000
ARG02A0252_003 0.000 0.000 0.000 0.000 0.000
ARG03A0252_004 0.000 0.000 0.000 0.000 0.000
ARG+1A0252_005 1.000 1.000 1.000 1.000 1.000
MET01A0253_001 1.000 1.000 1.000 1.000 1.000
LEU01A0254_001 1.000 1.000 1.000 1.000 1.000
SER01A0255_001 0.982 0.981 0.979 0.982 0.982
SER01A0255_002 0.018 0.019 0.021 0.018 0.018
PRO01A0256_001 1.000 1.000 1.000 1.000 1.000
GLU01A0257_001 0.000 0.000 0.000 0.000 0.000
GLU01A0257_002 0.001 0.001 0.000 0.000 0.000
GLU02A0257_003 0.000 0.000 0.000 0.000 0.000
GLU02A0257_004 0.000 0.000 0.000 0.000 0.000
GLU-1A0257_005 0.999 0.999 1.000 1.000 1.000
HIS01A0258_001 0.013 0.011 0.011 0.010 0.009
HIS01A0258_002 0.307 0.298 0.305 0.293 0.304
HIS02A0258_003 0.030 0.030 0.028 0.028 0.031
HIS02A0258_004 0.305 0.316 0.298 0.314 0.310
HIS+1A0258_005 0.033 0.032 0.034 0.032 0.034
HIS+1A0258_006 0.313 0.312 0.325 0.322 0.312
ALA01A0259_001 1.000 1.000 1.000 1.000 1.000
PRO01A0260_001 1.000 1.000 1.000 1.000 1.000
ALA01A0261_001 1.000 1.000 1.000 1.000 1.000
GLU01A0262_001 0.000 0.002 0.000 0.000 0.002
GLU01A0262_002 0.088 0.094 0.096 0.083 0.094
GLU02A0262_003 0.000 0.000 0.000 0.000 0.001
GLU02A0262_004 0.046 0.045 0.048 0.046 0.046
GLU-1A0262_005 0.866 0.859 0.856 0.872 0.858
MET01A0263_001 1.000 1.000 1.000 1.000 1.000
TYR01A0264_001 0.976 0.976 0.979 0.977 0.979
TYR01A0264_002 0.024 0.024 0.021 0.023 0.021
TYR-1A0264_003 0.000 0.000 0.000 0.000 0.000
ASP01A0265_001 0.000 0.000 0.000 0.000 0.000
ASP01A0265_002 0.000 0.002 0.002 0.002 0.000
ASP02A0265_003 0.000 0.000 0.000 0.000 0.000
ASP02A0265_004 0.015 0.009 0.007 0.010 0.014
ASP-1A0265_005 0.985 0.989 0.991 0.988 0.986
ILE01A0266_001 1.000 1.000 1.000 1.000 1.000
MET01A0267_001 1.000 1.000 1.000 1.000 1.000
LYS01A0268_001 0.000 0.000 0.000 0.000 0.000
LYS+1A0268_002 1.000 1.000 1.000 1.000 1.000
THR01A0269_001 0.460 0.457 0.455 0.452 0.458
THR01A0269_002 0.540 0.543 0.545 0.548 0.542
CYS01A0270_001 0.251 0.251 0.257 0.257 0.248
CYS01A0270_002 0.519 0.511 0.505 0.515 0.519
CYS01A0270_003 0.230 0.238 0.238 0.228 0.234
CYS-1A0270_004 0.000 0.000 0.000 0.000 0.000
TRP01A0271_001 1.000 1.000 1.000 1.000 1.000
ASP01A0272_001 0.000 0.000 0.000 0.000 0.000
ASP01A0272_002 0.000 0.000 0.002 0.000 0.000
ASP02A0272_003 0.000 0.000 0.000 0.000 0.000
ASP02A0272_004 0.000 0.000 0.000 0.000 0.000
ASP-1A0272_005 1.000 1.000 0.998 1.000 1.000
ALA01A0273_001 1.000 1.000 1.000 1.000 1.000
ASP01A0274_001 0.000 0.000 0.000 0.000 0.000
ASP01A0274_002 0.000 0.000 0.000 0.000 0.000
ASP02A0274_003 0.000 0.000 0.000 0.000 0.000
ASP02A0274_004 0.000 0.000 0.000 0.000 0.000
ASP-1A0274_005 1.000 1.000 1.000 1.000 1.000
PRO01A0275_001 1.000 1.000 1.000 1.000 1.000
LEU01A0276_001 1.000 1.000 1.000 1.000 1.000
LYS01A0277_001 0.001 0.001 0.000 0.001 0.001
LYS+1A0277_002 0.999 0.999 1.000 0.999 0.999
ARG01A0278_001 0.000 0.000 0.000 0.000 0.000
ARG02A0278_002 0.000 0.000 0.000 0.000 0.000
ARG02A0278_003 0.000 0.000 0.000 0.000 0.000
ARG03A0278_004 0.000 0.000 0.000 0.000 0.000
ARG03A0278_005 0.000 0.000 0.000 0.000 0.000
ARG+1A0278_006 1.000 1.000 1.000 1.000 1.000
PRO01A0279_001 1.000 1.000 1.000 1.000 1.000
THR01A0280_001 0.011 0.010 0.010 0.011 0.010
THR01A0280_002 0.989 0.990 0.990 0.989 0.990
PHE01A0281_001 1.000 1.000 1.000 1.000 1.000
LYS01A0282_001 0.003 0.003 0.000 0.002 0.000
LYS+1A0282_002 0.997 0.997 1.000 0.998 1.000
GLN01A0283_001 1.000 1.000 1.000 1.000 1.000
GLN01A0283_002 0.000 0.000 0.000 0.000 0.000
ILE01A0284_001 1.000 1.000 1.000 1.000 1.000
VAL01A0285_001 1.000 1.000 1.000 1.000 1.000
GLN01A0286_001 0.676 0.683 0.676 0.676 0.681
GLN01A0286_002 0.324 0.317 0.324 0.324 0.319
LEU01A0287_001 1.000 1.000 1.000 1.000 1.000
ILE01A0288_001 1.000 1.000 1.000 1.000 1.000
GLU01A0289_001 0.000 0.000 0.000 0.000 0.000
GLU01A0289_002 0.000 0.000 0.000 0.000 0.000
GLU02A0289_003 0.000 0.000 0.000 0.000 0.000
GLU02A0289_004 0.000 0.000 0.000 0.000 0.000
GLU-1A0289_005 1.000 1.000 1.000 1.000 1.000
LYS01A0290_001 0.000 0.000 0.000 0.000 0.000
LYS+1A0290_002 1.000 1.000 1.000 1.000 1.000
GLN01A0291_001 0.360 0.367 0.368 0.370 0.367
GLN01A0291_002 0.640 0.633 0.632 0.630 0.633
ILE01A0292_001 1.000 1.000 1.000 1.000 1.000
SER01A0293_001 0.198 0.197 0.192 0.201 0.198
SER01A0293_002 0.802 0.803 0.808 0.799 0.802
GLU01A0294_001 0.000 0.000 0.000 0.000 0.000
GLU01A0294_002 0.000 0.000 0.000 0.000 0.000
GLU02A0294_003 0.000 0.003 0.000 0.003 0.000
GLU02A0294_004 0.076 0.058 0.075 0.062 0.076
GLU-1A0294_005 0.924 0.938 0.925 0.936 0.924
SER01A0295_001 1.000 1.000 1.000 1.000 1.000
THR01A0296_001 0.066 0.066 0.064 0.068 0.064
THR01A0296_002 0.777 0.776 0.783 0.776 0.786
THR01A0296_003 0.157 0.158 0.153 0.156 0.150
ASN01A0297_001 0.552 0.551 0.551 0.555 0.550
ASN01A0297_002 0.448 0.449 0.449 0.445 0.450
0LI11B0001_001 0.000 0.000 0.000 0.000 0.000
0LI11B0001_002 0.000 0.000 0.000 0.000 0.000
0LI12B0001_003 0.000 0.000 0.000 0.000 0.000
0LI12B0001_004 0.000 0.000 0.000 0.000 0.000
0LI01B0001_005 0.000 0.000 0.000 0.000 0.000
0LI01B0001_006 0.000 0.000 0.000 0.000 0.000
0LIDMB0001_007 1.000 1.000 1.000 1.000 1.000
