 ph              7.4   7.4   7.4   7.4   7.4
ASN01A0001_001 0.252 0.256 0.259 0.260 0.259
ASN01A0001_002 0.748 0.744 0.741 0.740 0.741
PRO01A0002_001 1.000 1.000 1.000 1.000 1.000
ASN01A0003_001 0.479 0.479 0.483 0.481 0.480
ASN01A0003_002 0.521 0.521 0.517 0.519 0.520
TYR01A0004_001 1.000 1.000 1.000 1.000 1.000
TYR-1A0004_002 0.000 0.000 0.000 0.000 0.000
CYS01A0005_001 0.239 0.233 0.236 0.236 0.237
CYS01A0005_002 0.249 0.243 0.245 0.239 0.248
CYS01A0005_003 0.505 0.516 0.513 0.518 0.507
CYS-1A0005_004 0.007 0.008 0.007 0.007 0.007
PHE01A0006_001 1.000 1.000 1.000 1.000 1.000
ALA01A0007_001 1.000 1.000 1.000 1.000 1.000
LYS01A0009_001 0.000 0.000 0.000 0.000 0.000
LYS+1A0009_002 1.000 1.000 1.000 1.000 1.000
THR01A0010_001 0.812 0.811 0.813 0.811 0.810
THR01A0010_002 0.188 0.189 0.187 0.189 0.190
SER01A0011_001 1.000 1.000 1.000 1.000 1.000
SER01A0012_001 0.172 0.172 0.176 0.174 0.170
SER01A0012_002 0.828 0.828 0.824 0.826 0.830
ILE01A0013_001 1.000 1.000 1.000 1.000 1.000
SER01A0014_001 1.000 1.000 1.000 1.000 1.000
ASP01A0015_001 0.000 0.000 0.000 0.000 0.000
ASP01A0015_002 0.000 0.000 0.000 0.000 0.000
ASP02A0015_003 0.000 0.000 0.000 0.000 0.000
ASP02A0015_004 0.000 0.000 0.000 0.000 0.000
ASP-1A0015_005 1.000 1.000 1.000 1.000 1.000
LEU01A0016_001 1.000 1.000 1.000 1.000 1.000
LYS01A0017_001 0.001 0.000 0.000 0.002 0.000
LYS+1A0017_002 0.999 1.000 1.000 0.998 1.000
GLU01A0018_001 0.000 0.000 0.000 0.000 0.000
GLU01A0018_002 0.000 0.000 0.000 0.000 0.000
GLU02A0018_003 0.000 0.000 0.000 0.000 0.000
GLU02A0018_004 0.000 0.000 0.000 0.000 0.000
GLU-1A0018_005 1.000 1.000 1.000 1.000 1.000
VAL01A0019_001 1.000 1.000 1.000 1.000 1.000
PRO01A0020_001 1.000 1.000 1.000 1.000 1.000
ARG01A0021_001 0.000 0.000 0.000 0.000 0.000
ARG02A0021_002 0.000 0.000 0.000 0.000 0.000
ARG03A0021_003 0.000 0.000 0.000 0.000 0.000
ARG+1A0021_004 1.000 1.000 1.000 1.000 1.000
LYS01A0022_001 0.019 0.017 0.020 0.018 0.018
LYS+1A0022_002 0.981 0.983 0.980 0.982 0.982
ASN01A0023_001 0.012 0.015 0.015 0.015 0.014
ASN01A0023_002 0.988 0.985 0.985 0.985 0.986
ILE01A0024_001 1.000 1.000 1.000 1.000 1.000
THR01A0025_001 1.000 1.000 1.000 1.000 1.000
LEU01A0026_001 1.000 1.000 1.000 1.000 1.000
ILE01A0027_001 1.000 1.000 1.000 1.000 1.000
ARG01A0028_001 0.000 0.000 0.000 0.000 0.000
ARG02A0028_002 0.000 0.000 0.000 0.000 0.000
ARG02A0028_003 0.000 0.000 0.000 0.000 0.000
ARG03A0028_004 0.000 0.000 0.000 0.000 0.000
ARG+1A0028_005 1.000 1.000 1.000 1.000 1.000
LEU01A0030_001 1.000 1.000 1.000 1.000 1.000
HIS01A0032_001 0.063 0.061 0.061 0.065 0.062
HIS01A0032_002 0.071 0.071 0.075 0.070 0.072
HIS02A0032_003 0.094 0.094 0.095 0.102 0.094
HIS02A0032_004 0.225 0.214 0.228 0.210 0.210
HIS+1A0032_005 0.101 0.104 0.107 0.102 0.099
HIS+1A0032_006 0.446 0.456 0.435 0.452 0.462
ALA01A0034_001 1.000 1.000 1.000 1.000 1.000
PHE01A0035_001 1.000 1.000 1.000 1.000 1.000
GLU01A0037_001 0.000 0.000 0.000 0.000 0.000
GLU01A0037_002 0.000 0.000 0.000 0.000 0.000
GLU02A0037_003 0.000 0.000 0.000 0.000 0.000
GLU02A0037_004 0.000 0.000 0.000 0.000 0.000
GLU-1A0037_005 1.000 1.000 1.000 1.000 1.000
VAL01A0038_001 1.000 1.000 1.000 1.000 1.000
TYR01A0039_001 0.639 0.641 0.644 0.637 0.636
TYR01A0039_002 0.361 0.359 0.356 0.363 0.364
TYR-1A0039_003 0.000 0.000 0.000 0.000 0.000
GLU01A0040_001 0.000 0.000 0.000 0.000 0.000
GLU01A0040_002 0.002 0.003 0.000 0.000 0.000
GLU02A0040_003 0.000 0.000 0.000 0.000 0.000
GLU02A0040_004 0.006 0.000 0.012 0.013 0.011
GLU-1A0040_005 0.992 0.997 0.988 0.987 0.989
GLN01A0042_001 0.784 0.789 0.784 0.781 0.787
GLN01A0042_002 0.216 0.211 0.216 0.219 0.213
VAL01A0043_001 1.000 1.000 1.000 1.000 1.000
SER01A0044_001 1.000 1.000 1.000 1.000 1.000
MET01A0046_001 1.000 1.000 1.000 1.000 1.000
PRO01A0047_001 1.000 1.000 1.000 1.000 1.000
ASN01A0048_001 1.000 1.000 1.000 1.000 1.000
ASP01A0049_001 0.000 0.000 0.000 0.000 0.000
ASP01A0049_002 0.000 0.001 0.000 0.001 0.001
ASP02A0049_003 0.000 0.000 0.000 0.000 0.000
ASP02A0049_004 0.000 0.000 0.000 0.000 0.000
ASP-1A0049_005 1.000 0.999 1.000 0.999 0.999
PRO01A0050_001 1.000 1.000 1.000 1.000 1.000
SER01A0051_001 1.000 1.000 1.000 1.000 1.000
PRO01A0052_001 1.000 1.000 1.000 1.000 1.000
LEU01A0053_001 1.000 1.000 1.000 1.000 1.000
GLN01A0054_001 0.727 0.724 0.726 0.730 0.723
GLN01A0054_002 0.273 0.276 0.274 0.270 0.277
VAL01A0055_001 1.000 1.000 1.000 1.000 1.000
ALA01A0056_001 1.000 1.000 1.000 1.000 1.000
VAL01A0057_001 1.000 1.000 1.000 1.000 1.000
LYS01A0058_001 0.000 0.000 0.000 0.000 0.000
LYS+1A0058_002 1.000 1.000 1.000 1.000 1.000
THR01A0059_001 0.027 0.028 0.027 0.028 0.027
THR01A0059_002 0.028 0.028 0.029 0.027 0.026
THR01A0059_003 0.945 0.944 0.943 0.944 0.947
LEU01A0060_001 1.000 1.000 1.000 1.000 1.000
PRO01A0061_001 1.000 1.000 1.000 1.000 1.000
GLU01A0062_001 0.000 0.000 0.000 0.000 0.000
GLU01A0062_002 0.001 0.000 0.000 0.000 0.000
GLU02A0062_003 0.000 0.000 0.000 0.000 0.000
GLU02A0062_004 0.001 0.002 0.000 0.001 0.002
GLU-1A0062_005 0.998 0.998 1.000 0.999 0.998
VAL01A0063_001 1.000 1.000 1.000 1.000 1.000
CYS01A0064_001 0.356 0.358 0.356 0.356 0.360
CYS01A0064_002 0.406 0.404 0.407 0.408 0.407
CYS01A0064_003 0.238 0.238 0.237 0.236 0.233
CYS-1A0064_004 0.000 0.000 0.000 0.000 0.000
SER01A0065_001 0.010 0.010 0.010 0.008 0.009
SER01A0065_002 0.990 0.990 0.990 0.992 0.991
GLU01A0066_001 0.000 0.000 0.000 0.000 0.000
GLU01A0066_002 0.000 0.000 0.000 0.000 0.000
GLU02A0066_003 0.000 0.000 0.000 0.000 0.000
GLU02A0066_004 0.000 0.000 0.000 0.000 0.000
GLU-1A0066_005 1.000 1.000 1.000 1.000 1.000
GLN01A0067_001 0.077 0.081 0.087 0.076 0.088
GLN01A0067_002 0.923 0.919 0.913 0.924 0.912
ASP01A0068_001 0.000 0.000 0.000 0.000 0.000
ASP01A0068_002 0.000 0.000 0.000 0.000 0.000
ASP02A0068_003 0.000 0.000 0.000 0.000 0.000
ASP02A0068_004 0.000 0.000 0.000 0.000 0.000
ASP-1A0068_005 1.000 1.000 1.000 1.000 1.000
GLU01A0069_001 0.000 0.000 0.000 0.000 0.000
GLU01A0069_002 0.000 0.000 0.000 0.000 0.000
GLU02A0069_003 0.000 0.000 0.001 0.000 0.000
GLU02A0069_004 0.000 0.000 0.000 0.000 0.000
GLU-1A0069_005 1.000 1.000 0.999 1.000 1.000
LEU01A0070_001 1.000 1.000 1.000 1.000 1.000
ASP01A0071_001 0.000 0.000 0.000 0.000 0.000
ASP01A0071_002 0.016 0.012 0.018 0.014 0.017
ASP02A0071_003 0.003 0.003 0.002 0.003 0.003
ASP02A0071_004 0.055 0.066 0.070 0.056 0.067
ASP-1A0071_005 0.926 0.918 0.910 0.927 0.913
PHE01A0072_001 1.000 1.000 1.000 1.000 1.000
LEU01A0073_001 1.000 1.000 1.000 1.000 1.000
MET01A0074_001 1.000 1.000 1.000 1.000 1.000
GLU01A0075_001 0.001 0.001 0.000 0.000 0.002
GLU01A0075_002 0.027 0.024 0.023 0.023 0.024
GLU02A0075_003 0.000 0.000 0.000 0.000 0.000
GLU02A0075_004 0.006 0.005 0.006 0.005 0.005
GLU-1A0075_005 0.966 0.970 0.972 0.971 0.970
ALA01A0076_001 1.000 1.000 1.000 1.000 1.000
LEU01A0077_001 1.000 1.000 1.000 1.000 1.000
ILE01A0078_001 1.000 1.000 1.000 1.000 1.000
ILE01A0079_001 1.000 1.000 1.000 1.000 1.000
SER01A0080_001 0.470 0.477 0.484 0.475 0.473
SER01A0080_002 0.530 0.523 0.516 0.525 0.527
LYS01A0081_001 0.000 0.000 0.000 0.000 0.000
LYS+1A0081_002 1.000 1.000 1.000 1.000 1.000
PHE01A0082_001 1.000 1.000 1.000 1.000 1.000
ASN01A0083_001 1.000 1.000 1.000 1.000 1.000
HIS01A0084_001 1.000 1.000 1.000 1.000 1.000
HIS02A0084_002 0.000 0.000 0.000 0.000 0.000
HIS+1A0084_003 0.000 0.000 0.000 0.000 0.000
GLN01A0085_001 0.021 0.020 0.018 0.019 0.019
GLN01A0085_002 0.979 0.980 0.982 0.981 0.981
ASN01A0086_001 1.000 1.000 1.000 1.000 1.000
ASN01A0086_002 0.000 0.000 0.000 0.000 0.000
ILE01A0087_001 1.000 1.000 1.000 1.000 1.000
VAL01A0088_001 1.000 1.000 1.000 1.000 1.000
ARG01A0089_001 0.000 0.000 0.000 0.000 0.000
ARG02A0089_002 0.000 0.000 0.000 0.000 0.000
ARG02A0089_003 0.000 0.000 0.000 0.000 0.000
ARG03A0089_004 0.000 0.000 0.000 0.000 0.000
ARG+1A0089_005 1.000 1.000 1.000 1.000 1.000
CYS01A0090_001 0.219 0.220 0.218 0.221 0.213
CYS01A0090_002 0.415 0.413 0.418 0.414 0.415
CYS01A0090_003 0.366 0.367 0.363 0.365 0.372
CYS-1A0090_004 0.000 0.000 0.000 0.000 0.000
ILE01A0091_001 1.000 1.000 1.000 1.000 1.000
VAL01A0093_001 1.000 1.000 1.000 1.000 1.000
SER01A0094_001 0.139 0.136 0.138 0.135 0.144
SER01A0094_002 0.780 0.785 0.781 0.785 0.775
SER01A0094_003 0.080 0.079 0.081 0.080 0.081
LEU01A0095_001 1.000 1.000 1.000 1.000 1.000
GLN01A0096_001 0.041 0.041 0.042 0.043 0.044
GLN01A0096_002 0.959 0.959 0.958 0.957 0.956
SER01A0097_001 1.000 1.000 1.000 1.000 1.000
LEU01A0098_001 1.000 1.000 1.000 1.000 1.000
PRO01A0099_001 1.000 1.000 1.000 1.000 1.000
ARG01A0100_001 0.000 0.000 0.000 0.000 0.000
ARG02A0100_002 0.000 0.000 0.000 0.000 0.000
ARG03A0100_003 0.000 0.000 0.000 0.000 0.000
ARG03A0100_004 0.000 0.000 0.000 0.000 0.000
ARG+1A0100_005 1.000 1.000 1.000 1.000 1.000
PHE01A0101_001 1.000 1.000 1.000 1.000 1.000
ILE01A0102_001 1.000 1.000 1.000 1.000 1.000
LEU01A0103_001 1.000 1.000 1.000 1.000 1.000
MET01A0104_001 1.000 1.000 1.000 1.000 1.000
GLU01A0105_001 0.000 0.000 0.000 0.000 0.000
GLU01A0105_002 0.000 0.000 0.000 0.000 0.000
GLU02A0105_003 0.000 0.000 0.000 0.000 0.000
GLU02A0105_004 0.000 0.000 0.000 0.000 0.000
GLU-1A0105_005 1.000 1.000 1.000 1.000 1.000
LEU01A0106_001 1.000 1.000 1.000 1.000 1.000
MET01A0107_001 1.000 1.000 1.000 1.000 1.000
ALA01A0108_001 1.000 1.000 1.000 1.000 1.000
ASP01A0111_001 0.000 0.000 0.000 0.000 0.000
ASP01A0111_002 0.000 0.000 0.000 0.000 0.000
ASP02A0111_003 0.000 0.000 0.000 0.000 0.000
ASP02A0111_004 0.000 0.000 0.000 0.000 0.000
ASP-1A0111_005 1.000 1.000 1.000 1.000 1.000
LEU01A0112_001 1.000 1.000 1.000 1.000 1.000
LYS01A0113_001 0.637 0.645 0.646 0.637 0.639
LYS+1A0113_002 0.363 0.355 0.354 0.363 0.361
SER01A0114_001 0.210 0.207 0.208 0.209 0.210
SER01A0114_002 0.103 0.107 0.109 0.105 0.105
SER01A0114_003 0.687 0.685 0.683 0.686 0.684
PHE01A0115_001 1.000 1.000 1.000 1.000 1.000
LEU01A0116_001 1.000 1.000 1.000 1.000 1.000
ARG01A0117_001 0.000 0.000 0.000 0.000 0.000
ARG02A0117_002 0.000 0.000 0.000 0.000 0.000
ARG03A0117_003 0.000 0.000 0.000 0.000 0.000
ARG+1A0117_004 1.000 1.000 1.000 1.000 1.000
GLU01A0118_001 0.000 0.000 0.000 0.000 0.000
GLU01A0118_002 0.000 0.000 0.003 0.002 0.002
GLU02A0118_003 0.000 0.000 0.000 0.000 0.000
GLU02A0118_004 0.006 0.000 0.000 0.004 0.003
GLU-1A0118_005 0.994 1.000 0.997 0.994 0.995
THR01A0119_001 0.172 0.170 0.169 0.173 0.172
THR01A0119_002 0.828 0.830 0.831 0.827 0.828
ARG01A0120_001 0.000 0.000 0.000 0.000 0.000
ARG02A0120_002 0.000 0.000 0.000 0.000 0.000
ARG02A0120_003 0.000 0.000 0.000 0.000 0.000
ARG03A0120_004 0.000 0.000 0.000 0.000 0.000
ARG+1A0120_005 1.000 1.000 1.000 1.000 1.000
PRO01A0121_001 1.000 1.000 1.000 1.000 1.000
ARG01A0122_001 0.000 0.000 0.000 0.000 0.000
ARG02A0122_002 0.000 0.000 0.000 0.000 0.000
ARG03A0122_003 0.000 0.000 0.000 0.000 0.000
ARG+1A0122_004 1.000 1.000 1.000 1.000 1.000
PRO01A0123_001 1.000 1.000 1.000 1.000 1.000
SER01A0124_001 1.000 1.000 1.000 1.000 1.000
GLN01A0125_001 1.000 1.000 1.000 1.000 1.000
PRO01A0126_001 1.000 1.000 1.000 1.000 1.000
SER01A0127_001 0.834 0.846 0.837 0.843 0.837
SER01A0127_002 0.166 0.154 0.163 0.157 0.163
SER01A0128_001 1.000 1.000 1.000 1.000 1.000
LEU01A0129_001 1.000 1.000 1.000 1.000 1.000
ALA01A0130_001 1.000 1.000 1.000 1.000 1.000
MET01A0131_001 1.000 1.000 1.000 1.000 1.000
LEU01A0132_001 1.000 1.000 1.000 1.000 1.000
ASP01A0133_001 0.000 0.000 0.000 0.000 0.000
ASP01A0133_002 0.000 0.000 0.000 0.000 0.000
ASP02A0133_003 0.000 0.000 0.000 0.000 0.000
ASP02A0133_004 0.000 0.000 0.000 0.000 0.000
ASP-1A0133_005 1.000 1.000 1.000 1.000 1.000
LEU01A0134_001 1.000 1.000 1.000 1.000 1.000
LEU01A0135_001 1.000 1.000 1.000 1.000 1.000
HIS01A0136_001 0.198 0.195 0.201 0.203 0.195
HIS01A0136_002 0.086 0.086 0.088 0.085 0.088
HIS02A0136_003 0.470 0.475 0.467 0.481 0.475
HIS02A0136_004 0.161 0.164 0.162 0.163 0.160
HIS+1A0136_005 0.084 0.080 0.082 0.063 0.081
HIS+1A0136_006 0.000 0.000 0.000 0.005 0.000
VAL01A0137_001 1.000 1.000 1.000 1.000 1.000
ALA01A0138_001 1.000 1.000 1.000 1.000 1.000
ARG01A0139_001 0.000 0.000 0.000 0.000 0.000
ARG02A0139_002 0.000 0.000 0.000 0.000 0.000
ARG02A0139_003 0.000 0.000 0.000 0.000 0.000
ARG03A0139_004 0.000 0.000 0.000 0.000 0.000
ARG03A0139_005 0.000 0.000 0.000 0.000 0.000
ARG+1A0139_006 1.000 1.000 1.000 1.000 1.000
ASP01A0140_001 0.000 0.000 0.000 0.000 0.000
ASP01A0140_002 0.001 0.001 0.000 0.000 0.000
ASP02A0140_003 0.000 0.000 0.000 0.000 0.000
ASP02A0140_004 0.011 0.009 0.013 0.015 0.013
ASP-1A0140_005 0.988 0.990 0.987 0.985 0.987
ILE01A0141_001 1.000 1.000 1.000 1.000 1.000
ALA01A0142_001 1.000 1.000 1.000 1.000 1.000
CYS01A0143_001 0.347 0.345 0.350 0.348 0.348
CYS01A0143_002 0.306 0.307 0.307 0.305 0.302
CYS01A0143_003 0.347 0.346 0.343 0.347 0.351
CYS-1A0143_004 0.000 0.001 0.000 0.000 0.000
CYS01A0145_001 0.453 0.452 0.449 0.445 0.448
CYS01A0145_002 0.289 0.287 0.291 0.293 0.296
CYS01A0145_003 0.258 0.260 0.259 0.262 0.257
CYS-1A0145_004 0.000 0.000 0.000 0.000 0.000
GLN01A0146_001 0.343 0.335 0.337 0.341 0.340
GLN01A0146_002 0.657 0.665 0.663 0.659 0.660
TYR01A0147_001 1.000 1.000 1.000 1.000 1.000
TYR-1A0147_002 0.000 0.000 0.000 0.000 0.000
LEU01A0148_001 1.000 1.000 1.000 1.000 1.000
GLU01A0149_001 0.000 0.000 0.000 0.000 0.000
GLU01A0149_002 0.000 0.000 0.000 0.000 0.000
GLU02A0149_003 0.000 0.000 0.000 0.000 0.000
GLU02A0149_004 0.000 0.000 0.000 0.000 0.000
GLU-1A0149_005 1.000 1.000 1.000 1.000 1.000
GLU01A0150_001 0.000 0.000 0.000 0.000 0.000
GLU01A0150_002 0.000 0.000 0.000 0.000 0.000
GLU02A0150_003 0.000 0.000 0.000 0.000 0.000
GLU02A0150_004 0.002 0.000 0.003 0.000 0.000
GLU-1A0150_005 0.998 1.000 0.997 1.000 1.000
ASN01A0151_001 0.012 0.011 0.012 0.013 0.012
ASN01A0151_002 0.988 0.989 0.988 0.987 0.988
HIS01A0152_001 0.087 0.077 0.079 0.087 0.080
HIS01A0152_002 0.054 0.045 0.046 0.053 0.047
HIS02A0152_003 0.165 0.152 0.154 0.166 0.152
HIS02A0152_004 0.065 0.057 0.059 0.066 0.061
HIS+1A0152_005 0.471 0.509 0.505 0.476 0.489
HIS+1A0152_006 0.158 0.160 0.157 0.152 0.170
PHE01A0153_001 1.000 1.000 1.000 1.000 1.000
ILE01A0154_001 1.000 1.000 1.000 1.000 1.000
HIS01A0155_001 1.000 1.000 1.000 1.000 1.000
HIS02A0155_002 0.000 0.000 0.000 0.000 0.000
HIS+1A0155_003 0.000 0.000 0.000 0.000 0.000
ARG01A0156_001 0.000 0.000 0.000 0.000 0.000
ARG02A0156_002 0.000 0.000 0.000 0.000 0.000
ARG03A0156_003 0.000 0.000 0.000 0.000 0.000
ARG+1A0156_004 1.000 1.000 1.000 1.000 1.000
ASP01A0157_001 0.000 0.000 0.000 0.000 0.000
ASP01A0157_002 0.012 0.014 0.015 0.013 0.015
ASP02A0157_003 0.022 0.023 0.022 0.024 0.026
ASP02A0157_004 0.218 0.237 0.238 0.212 0.234
ASP-1A0157_005 0.747 0.726 0.726 0.750 0.725
ILE01A0158_001 1.000 1.000 1.000 1.000 1.000
ALA01A0159_001 1.000 1.000 1.000 1.000 1.000
ALA01A0160_001 1.000 1.000 1.000 1.000 1.000
ARG01A0161_001 0.000 0.000 0.000 0.000 0.000
ARG02A0161_002 0.000 0.000 0.000 0.000 0.000
ARG03A0161_003 0.000 0.000 0.000 0.000 0.000
ARG03A0161_004 0.000 0.000 0.000 0.000 0.000
ARG+1A0161_005 1.000 1.000 1.000 1.000 1.000
ASN01A0162_001 0.976 0.973 0.974 0.977 0.974
ASN01A0162_002 0.024 0.027 0.026 0.023 0.026
CYS01A0163_001 0.208 0.204 0.207 0.205 0.201
CYS01A0163_002 0.591 0.602 0.596 0.599 0.599
CYS01A0163_003 0.202 0.195 0.196 0.196 0.200
CYS-1A0163_004 0.000 0.000 0.000 0.000 0.000
LEU01A0164_001 1.000 1.000 1.000 1.000 1.000
LEU01A0165_001 1.000 1.000 1.000 1.000 1.000
THR01A0166_001 0.005 0.004 0.004 0.004 0.004
THR01A0166_002 0.995 0.996 0.996 0.996 0.996
CYS01A0167_001 0.173 0.165 0.174 0.174 0.176
CYS01A0167_002 0.125 0.119 0.124 0.122 0.128
CYS01A0167_003 0.675 0.688 0.674 0.675 0.668
CYS-1A0167_004 0.028 0.028 0.027 0.029 0.028
PRO01A0168_001 1.000 1.000 1.000 1.000 1.000
PRO01A0170_001 1.000 1.000 1.000 1.000 1.000
ARG01A0172_001 0.000 0.000 0.000 0.000 0.000
ARG02A0172_002 0.000 0.000 0.000 0.000 0.000
ARG02A0172_003 0.000 0.000 0.000 0.000 0.000
ARG03A0172_004 0.000 0.000 0.000 0.000 0.000
ARG03A0172_005 0.000 0.000 0.000 0.000 0.000
ARG+1A0172_006 1.000 1.000 1.000 1.000 1.000
VAL01A0173_001 1.000 1.000 1.000 1.000 1.000
ALA01A0174_001 1.000 1.000 1.000 1.000 1.000
LYS01A0175_001 0.001 0.000 0.001 0.001 0.000
LYS+1A0175_002 0.999 1.000 0.999 0.999 1.000
ILE01A0176_001 1.000 1.000 1.000 1.000 1.000
ALA01A0177_001 1.000 1.000 1.000 1.000 1.000
ASP01A0178_001 0.000 0.000 0.000 0.000 0.000
ASP01A0178_002 0.000 0.000 0.000 0.000 0.000
ASP02A0178_003 0.000 0.000 0.000 0.000 0.000
ASP02A0178_004 0.000 0.000 0.000 0.000 0.000
ASP-1A0178_005 1.000 1.000 1.000 1.000 1.000
PHE01A0179_001 1.000 1.000 1.000 1.000 1.000
MET01A0181_001 1.000 1.000 1.000 1.000 1.000
ALA01A0182_001 1.000 1.000 1.000 1.000 1.000
ARG01A0183_001 0.000 0.000 0.000 0.000 0.000
ARG02A0183_002 0.000 0.000 0.000 0.000 0.000
ARG02A0183_003 0.000 0.000 0.000 0.000 0.000
ARG03A0183_004 0.000 0.000 0.000 0.000 0.000
ARG03A0183_005 0.000 0.000 0.000 0.000 0.000
ARG+1A0183_006 1.000 1.000 1.000 1.000 1.000
ASP01A0184_001 0.000 0.000 0.000 0.000 0.000
ASP01A0184_002 0.000 0.000 0.000 0.000 0.000
ASP02A0184_003 0.000 0.000 0.000 0.000 0.000
ASP02A0184_004 0.000 0.000 0.000 0.001 0.000
ASP-1A0184_005 1.000 1.000 1.000 0.999 1.000
ILE01A0185_001 1.000 1.000 1.000 1.000 1.000
TYR01A0186_001 1.000 1.000 1.000 1.000 1.000
TYR-1A0186_002 0.000 0.000 0.000 0.000 0.000
ARG01A0187_001 0.000 0.000 0.000 0.000 0.000
ARG02A0187_002 0.000 0.000 0.000 0.000 0.000
ARG02A0187_003 0.493 0.498 0.497 0.490 0.496
ARG03A0187_004 0.000 0.000 0.000 0.000 0.000
ARG+1A0187_005 0.507 0.502 0.503 0.510 0.504
ALA01A0188_001 1.000 1.000 1.000 1.000 1.000
SER01A0189_001 0.316 0.322 0.321 0.324 0.321
SER01A0189_002 0.684 0.678 0.679 0.676 0.679
TYR01A0190_001 0.995 0.995 0.996 0.996 0.996
TYR-1A0190_002 0.005 0.005 0.004 0.004 0.004
TYR01A0191_001 0.962 0.960 0.959 0.964 0.960
TYR-1A0191_002 0.038 0.040 0.041 0.036 0.040
ARG01A0192_001 0.000 0.000 0.000 0.000 0.000
ARG02A0192_002 0.000 0.000 0.000 0.000 0.000
ARG03A0192_003 0.000 0.000 0.000 0.000 0.000
ARG+1A0192_004 1.000 1.000 1.000 1.000 1.000
LYS01A0193_001 0.000 0.000 0.000 0.000 0.000
LYS+1A0193_002 1.000 1.000 1.000 1.000 1.000
CYS01A0196_001 0.286 0.289 0.281 0.290 0.287
CYS01A0196_002 0.292 0.300 0.302 0.295 0.299
CYS01A0196_003 0.345 0.331 0.337 0.335 0.340
CYS-1A0196_004 0.077 0.080 0.079 0.080 0.074
ALA01A0197_001 1.000 1.000 1.000 1.000 1.000
MET01A0198_001 1.000 1.000 1.000 1.000 1.000
LEU01A0199_001 1.000 1.000 1.000 1.000 1.000
PRO01A0200_001 1.000 1.000 1.000 1.000 1.000
VAL01A0201_001 1.000 1.000 1.000 1.000 1.000
LYS01A0202_001 0.004 0.004 0.004 0.003 0.004
LYS+1A0202_002 0.996 0.996 0.996 0.997 0.996
TRP01A0203_001 1.000 1.000 1.000 1.000 1.000
MET01A0204_001 1.000 1.000 1.000 1.000 1.000
PRO01A0205_001 1.000 1.000 1.000 1.000 1.000
PRO01A0206_001 1.000 1.000 1.000 1.000 1.000
GLU01A0207_001 0.000 0.000 0.000 0.000 0.000
GLU01A0207_002 0.000 0.000 0.000 0.000 0.000
GLU02A0207_003 0.000 0.000 0.000 0.000 0.000
GLU02A0207_004 0.000 0.000 0.000 0.000 0.000
GLU-1A0207_005 1.000 1.000 1.000 1.000 1.000
ALA01A0208_001 1.000 1.000 1.000 1.000 1.000
PHE01A0209_001 1.000 1.000 1.000 1.000 1.000
MET01A0210_001 1.000 1.000 1.000 1.000 1.000
GLU01A0211_001 0.000 0.000 0.000 0.000 0.000
GLU01A0211_002 0.000 0.000 0.000 0.000 0.000
GLU02A0211_003 0.000 0.000 0.000 0.000 0.000
GLU02A0211_004 0.000 0.000 0.000 0.002 0.002
GLU-1A0211_005 1.000 1.000 1.000 0.998 0.998
ILE01A0213_001 1.000 1.000 1.000 1.000 1.000
PHE01A0214_001 1.000 1.000 1.000 1.000 1.000
THR01A0215_001 1.000 1.000 1.000 1.000 1.000
THR01A0215_002 0.000 0.000 0.000 0.000 0.000
SER01A0216_001 0.117 0.118 0.116 0.118 0.116
SER01A0216_002 0.883 0.882 0.884 0.882 0.884
LYS01A0217_001 0.000 0.000 0.000 0.000 0.000
LYS+1A0217_002 1.000 1.000 1.000 1.000 1.000
THR01A0218_001 0.822 0.823 0.819 0.820 0.821
THR01A0218_002 0.178 0.177 0.181 0.180 0.179
ASP01A0219_001 0.000 0.000 0.000 0.000 0.000
ASP01A0219_002 0.000 0.000 0.000 0.000 0.000
ASP02A0219_003 0.000 0.000 0.000 0.000 0.000
ASP02A0219_004 0.000 0.000 0.000 0.000 0.000
ASP-1A0219_005 1.000 1.000 1.000 1.000 1.000
THR01A0220_001 0.151 0.151 0.148 0.150 0.154
THR01A0220_002 0.061 0.053 0.056 0.061 0.057
THR01A0220_003 0.788 0.796 0.796 0.788 0.788
TRP01A0221_001 1.000 1.000 1.000 1.000 1.000
SER01A0222_001 0.978 0.978 0.977 0.977 0.977
SER01A0222_002 0.022 0.022 0.023 0.023 0.023
PHE01A0223_001 1.000 1.000 1.000 1.000 1.000
VAL01A0225_001 1.000 1.000 1.000 1.000 1.000
LEU01A0226_001 1.000 1.000 1.000 1.000 1.000
LEU01A0227_001 1.000 1.000 1.000 1.000 1.000
TRP01A0228_001 1.000 1.000 1.000 1.000 1.000
GLU01A0229_001 0.000 0.000 0.000 0.000 0.000
GLU01A0229_002 0.000 0.000 0.000 0.000 0.000
GLU02A0229_003 0.000 0.000 0.000 0.000 0.000
GLU02A0229_004 0.000 0.000 0.000 0.001 0.000
GLU-1A0229_005 1.000 1.000 1.000 0.999 1.000
ILE01A0230_001 1.000 1.000 1.000 1.000 1.000
PHE01A0231_001 1.000 1.000 1.000 1.000 1.000
SER01A0232_001 1.000 1.000 1.000 1.000 1.000
LEU01A0233_001 1.000 1.000 1.000 1.000 1.000
TYR01A0235_001 0.480 0.483 0.478 0.467 0.473
TYR01A0235_002 0.494 0.492 0.497 0.506 0.505
TYR-1A0235_003 0.025 0.025 0.025 0.026 0.022
MET01A0236_001 1.000 1.000 1.000 1.000 1.000
PRO01A0237_001 1.000 1.000 1.000 1.000 1.000
TYR01A0238_001 1.000 1.000 1.000 1.000 1.000
TYR-1A0238_002 0.000 0.000 0.000 0.000 0.000
PRO01A0239_001 1.000 1.000 1.000 1.000 1.000
SER01A0240_001 0.990 0.986 0.987 0.988 0.989
SER01A0240_002 0.010 0.014 0.013 0.012 0.011
LYS01A0241_001 0.009 0.010 0.010 0.009 0.012
LYS+1A0241_002 0.991 0.990 0.990 0.991 0.988
SER01A0242_001 0.986 0.987 0.985 0.986 0.986
SER01A0242_002 0.014 0.013 0.015 0.014 0.014
ASN01A0243_001 1.000 0.998 0.998 1.000 0.997
ASN01A0243_002 0.000 0.002 0.002 0.000 0.003
GLN01A0244_001 0.580 0.584 0.580 0.584 0.581
GLN01A0244_002 0.420 0.416 0.420 0.416 0.419
GLU01A0245_001 0.000 0.000 0.000 0.000 0.000
GLU01A0245_002 0.000 0.000 0.000 0.000 0.000
GLU02A0245_003 0.000 0.000 0.000 0.000 0.000
GLU02A0245_004 0.000 0.000 0.000 0.000 0.000
GLU-1A0245_005 1.000 1.000 1.000 1.000 1.000
VAL01A0246_001 1.000 1.000 1.000 1.000 1.000
LEU01A0247_001 1.000 1.000 1.000 1.000 1.000
GLU01A0248_001 0.000 0.000 0.000 0.000 0.000
GLU01A0248_002 0.000 0.000 0.001 0.000 0.001
GLU02A0248_003 0.000 0.000 0.000 0.000 0.000
GLU02A0248_004 0.000 0.000 0.001 0.000 0.002
GLU-1A0248_005 1.000 1.000 0.998 1.000 0.997
PHE01A0249_001 1.000 1.000 1.000 1.000 1.000
VAL01A0250_001 1.000 1.000 1.000 1.000 1.000
THR01A0251_001 0.033 0.034 0.034 0.034 0.034
THR01A0251_002 0.967 0.965 0.966 0.966 0.966
SER01A0252_001 0.471 0.473 0.473 0.468 0.467
SER01A0252_002 0.529 0.527 0.527 0.532 0.533
ARG01A0255_001 0.000 0.000 0.000 0.000 0.000
ARG02A0255_002 0.000 0.000 0.000 0.000 0.000
ARG02A0255_003 0.000 0.000 0.000 0.000 0.000
ARG03A0255_004 0.000 0.000 0.000 0.000 0.000
ARG+1A0255_005 1.000 1.000 1.000 1.000 1.000
MET01A0256_001 1.000 1.000 1.000 1.000 1.000
ASP01A0257_001 0.000 0.000 0.000 0.000 0.000
ASP01A0257_002 0.000 0.000 0.000 0.000 0.000
ASP02A0257_003 0.000 0.000 0.000 0.000 0.000
ASP02A0257_004 0.000 0.000 0.000 0.000 0.000
ASP-1A0257_005 1.000 1.000 1.000 1.000 1.000
PRO01A0258_001 1.000 1.000 1.000 1.000 1.000
PRO01A0259_001 1.000 1.000 1.000 1.000 1.000
LYS01A0260_001 0.001 0.000 0.000 0.001 0.000
LYS+1A0260_002 0.999 1.000 1.000 0.999 1.000
ASN01A0261_001 0.953 0.953 0.952 0.954 0.954
ASN01A0261_002 0.047 0.047 0.048 0.046 0.046
CYS01A0262_001 0.440 0.437 0.439 0.445 0.443
CYS01A0262_002 0.285 0.289 0.287 0.286 0.286
CYS01A0262_003 0.275 0.274 0.274 0.269 0.271
CYS-1A0262_004 0.000 0.000 0.000 0.000 0.000
PRO01A0263_001 1.000 1.000 1.000 1.000 1.000
PRO01A0265_001 1.000 1.000 1.000 1.000 1.000
VAL01A0266_001 1.000 1.000 1.000 1.000 1.000
TYR01A0267_001 0.987 0.987 0.986 0.988 0.987
TYR01A0267_002 0.013 0.013 0.014 0.012 0.013
TYR-1A0267_003 0.000 0.000 0.000 0.000 0.000
ARG01A0268_001 0.000 0.000 0.000 0.000 0.000
ARG02A0268_002 0.000 0.000 0.000 0.000 0.000
ARG03A0268_003 0.000 0.000 0.000 0.000 0.000
ARG+1A0268_004 1.000 1.000 1.000 1.000 1.000
ILE01A0269_001 1.000 1.000 1.000 1.000 1.000
MET01A0270_001 1.000 1.000 1.000 1.000 1.000
THR01A0271_001 0.017 0.017 0.016 0.016 0.018
THR01A0271_002 0.983 0.983 0.984 0.984 0.982
GLN01A0272_001 0.967 0.968 0.968 0.966 0.968
GLN01A0272_002 0.033 0.032 0.032 0.034 0.032
CYS01A0273_001 0.341 0.340 0.336 0.344 0.342
CYS01A0273_002 0.364 0.364 0.368 0.361 0.362
CYS01A0273_003 0.295 0.295 0.296 0.295 0.296
CYS-1A0273_004 0.000 0.000 0.000 0.000 0.000
TRP01A0274_001 1.000 1.000 1.000 1.000 1.000
GLN01A0275_001 0.690 0.684 0.687 0.688 0.692
GLN01A0275_002 0.310 0.316 0.313 0.312 0.308
HIS01A0276_001 0.390 0.400 0.387 0.403 0.392
HIS01A0276_002 0.123 0.128 0.126 0.120 0.126
HIS02A0276_003 0.399 0.386 0.401 0.395 0.401
HIS02A0276_004 0.059 0.059 0.057 0.056 0.054
HIS+1A0276_005 0.015 0.014 0.016 0.013 0.014
HIS+1A0276_006 0.013 0.014 0.013 0.014 0.013
GLN01A0277_001 0.016 0.015 0.012 0.014 0.016
GLN01A0277_002 0.984 0.985 0.988 0.986 0.984
PRO01A0278_001 1.000 1.000 1.000 1.000 1.000
GLU01A0279_001 0.000 0.000 0.000 0.000 0.000
GLU01A0279_002 0.000 0.000 0.000 0.000 0.000
GLU02A0279_003 0.000 0.000 0.000 0.000 0.000
GLU02A0279_004 0.001 0.000 0.000 0.000 0.000
GLU-1A0279_005 0.999 1.000 1.000 1.000 1.000
ASP01A0280_001 0.000 0.000 0.000 0.000 0.000
ASP01A0280_002 0.000 0.000 0.000 0.001 0.001
ASP02A0280_003 0.000 0.000 0.000 0.000 0.000
ASP02A0280_004 0.001 0.000 0.000 0.000 0.000
ASP-1A0280_005 0.999 1.000 1.000 0.999 0.999
ARG01A0281_001 0.000 0.000 0.000 0.000 0.000
ARG02A0281_002 0.000 0.000 0.000 0.000 0.000
ARG02A0281_003 0.000 0.000 0.000 0.000 0.000
ARG03A0281_004 0.000 0.000 0.000 0.000 0.000
ARG03A0281_005 0.000 0.000 0.000 0.000 0.000
ARG+1A0281_006 1.000 1.000 1.000 1.000 1.000
PRO01A0282_001 1.000 1.000 1.000 1.000 1.000
ASN01A0283_001 1.000 1.000 1.000 1.000 1.000
PHE01A0284_001 1.000 1.000 1.000 1.000 1.000
ALA01A0285_001 1.000 1.000 1.000 1.000 1.000
ILE01A0286_001 1.000 1.000 1.000 1.000 1.000
ILE01A0287_001 1.000 1.000 1.000 1.000 1.000
LEU01A0288_001 1.000 1.000 1.000 1.000 1.000
GLU01A0289_001 0.000 0.000 0.000 0.000 0.000
GLU01A0289_002 0.000 0.000 0.000 0.000 0.000
GLU02A0289_003 0.000 0.000 0.000 0.000 0.000
GLU02A0289_004 0.000 0.000 0.000 0.000 0.000
GLU-1A0289_005 1.000 1.000 1.000 1.000 1.000
ARG01A0290_001 0.000 0.000 0.000 0.000 0.000
ARG02A0290_002 0.000 0.000 0.000 0.000 0.000
ARG03A0290_003 0.000 0.000 0.000 0.000 0.000
ARG+1A0290_004 1.000 1.000 1.000 1.000 1.000
ILE01A0291_001 1.000 1.000 1.000 1.000 1.000
GLU01A0292_001 0.000 0.000 0.000 0.000 0.000
GLU01A0292_002 0.001 0.000 0.000 0.000 0.002
GLU02A0292_003 0.000 0.000 0.000 0.000 0.000
GLU02A0292_004 0.001 0.000 0.000 0.002 0.000
GLU-1A0292_005 0.998 1.000 1.000 0.998 0.998
TYR01A0293_001 0.468 0.474 0.463 0.467 0.465
TYR01A0293_002 0.526 0.526 0.532 0.528 0.529
TYR-1A0293_003 0.006 0.000 0.005 0.005 0.006
CYS01A0294_001 0.068 0.064 0.068 0.067 0.063
CYS01A0294_002 0.791 0.796 0.791 0.791 0.804
CYS01A0294_003 0.141 0.140 0.142 0.142 0.133
CYS-1A0294_004 0.000 0.000 0.000 0.000 0.000
THR01A0295_001 0.541 0.532 0.530 0.528 0.529
THR01A0295_002 0.069 0.070 0.067 0.072 0.069
THR01A0295_003 0.390 0.398 0.402 0.399 0.401
GLN01A0296_001 0.596 0.598 0.598 0.596 0.596
GLN01A0296_002 0.404 0.402 0.402 0.404 0.404
ASP01A0297_001 0.000 0.000 0.000 0.000 0.000
ASP01A0297_002 0.000 0.000 0.000 0.000 0.000
ASP02A0297_003 0.000 0.000 0.000 0.000 0.000
ASP02A0297_004 0.000 0.000 0.000 0.000 0.000
ASP-1A0297_005 1.000 1.000 1.000 1.000 1.000
PRO01A0298_001 1.000 1.000 1.000 1.000 1.000
ASP01A0299_001 0.000 0.000 0.000 0.000 0.000
ASP01A0299_002 0.000 0.000 0.000 0.000 0.000
ASP02A0299_003 0.000 0.000 0.000 0.000 0.000
ASP02A0299_004 0.000 0.000 0.000 0.000 0.000
ASP-1A0299_005 1.000 1.000 1.000 1.000 1.000
VAL01A0300_001 1.000 1.000 1.000 1.000 1.000
ILE01A0301_001 1.000 1.000 1.000 1.000 1.000
ASN01A0302_001 0.870 0.867 0.872 0.867 0.873
ASN01A0302_002 0.130 0.133 0.128 0.133 0.127
THR01A0303_001 1.000 1.000 1.000 1.000 1.000
ALA01A0304_001 1.000 1.000 1.000 1.000 1.000
LEU01A0305_001 1.000 1.000 1.000 1.000 1.000
PRO01A0306_001 1.000 1.000 1.000 1.000 1.000
ILE01A0307_001 1.000 1.000 1.000 1.000 1.000
GLU01A0308_001 0.000 0.000 0.000 0.000 0.000
GLU01A0308_002 0.000 0.000 0.000 0.000 0.000
GLU02A0308_003 0.000 0.000 0.000 0.000 0.000
GLU02A0308_004 0.000 0.000 0.000 0.000 0.000
GLU-1A0308_005 1.000 1.000 1.000 1.000 1.000
TYR01A0309_001 0.984 0.986 0.983 0.986 0.985
TYR-1A0309_002 0.016 0.014 0.017 0.014 0.015
