 ph              7.4   7.4   7.4   7.4   7.4   7.4   7.4   7.4   7.4   7.4
27601B0001_001 0.294 0.295 0.294 0.294 0.294 0.294 0.294 0.294 0.295 0.294
27601B0001_002 0.387 0.388 0.387 0.387 0.387 0.387 0.387 0.387 0.388 0.387
27602B0001_003 0.185 0.185 0.185 0.185 0.185 0.185 0.185 0.185 0.185 0.185
27602B0001_004 0.048 0.048 0.048 0.048 0.048 0.048 0.048 0.048 0.048 0.048
276+1B0001_005 0.021 0.021 0.021 0.021 0.021 0.021 0.021 0.021 0.021 0.021
276+1B0001_006 0.006 0.006 0.006 0.006 0.006 0.006 0.006 0.006 0.006 0.006
276+1B0001_007 0.009 0.009 0.009 0.009 0.009 0.009 0.009 0.009 0.009 0.009
276+1B0001_008 0.006 0.006 0.006 0.006 0.006 0.006 0.006 0.006 0.006 0.006
276+2B0001_009 0.002 0.002 0.002 0.002 0.002 0.002 0.002 0.002 0.002 0.002
276+2B0001_010 0.002 0.002 0.002 0.002 0.002 0.002 0.002 0.002 0.002 0.002
276+2B0001_011 0.003 0.003 0.003 0.003 0.003 0.003 0.003 0.003 0.003 0.003
276+2B0001_012 0.003 0.003 0.003 0.003 0.003 0.003 0.003 0.003 0.003 0.003
27603B0001_013 0.002 0.002 0.002 0.002 0.002 0.002 0.002 0.002 0.002 0.002
27603B0001_014 0.002 0.002 0.002 0.002 0.002 0.002 0.002 0.002 0.002 0.002
276+3B0001_015 0.006 0.006 0.006 0.006 0.006 0.006 0.006 0.006 0.006 0.006
276+3B0001_016 0.008 0.008 0.008 0.008 0.008 0.008 0.008 0.008 0.008 0.008
276+3B0001_017 0.002 0.000 0.002 0.002 0.002 0.002 0.002 0.002 0.002 0.002
276+3B0001_018 0.002 0.002 0.002 0.002 0.002 0.002 0.002 0.002 0.002 0.002
27604B0001_019 0.002 0.002 0.002 0.002 0.002 0.002 0.002 0.002 0.002 0.002
27604B0001_020 0.005 0.005 0.005 0.005 0.005 0.005 0.005 0.005 0.005 0.005
27604B0001_021 0.001 0.001 0.001 0.001 0.001 0.001 0.001 0.001 0.000 0.001
27604B0001_022 0.003 0.003 0.003 0.003 0.003 0.003 0.003 0.003 0.003 0.003
276+aB0001_023 0.000 0.000 0.000 0.000 0.000 0.000 0.000 0.000 0.000 0.000
276+aB0001_024 0.000 0.000 0.000 0.000 0.000 0.000 0.000 0.000 0.000 0.000
276+aB0001_025 0.000 0.000 0.000 0.000 0.000 0.000 0.000 0.000 0.000 0.000
276+aB0001_026 0.000 0.000 0.000 0.000 0.000 0.000 0.000 0.000 0.000 0.000
276+aB0001_027 0.000 0.000 0.000 0.000 0.000 0.000 0.000 0.000 0.000 0.000
276+aB0001_028 0.000 0.000 0.000 0.000 0.000 0.000 0.000 0.000 0.000 0.000
276+aB0001_029 0.000 0.000 0.000 0.000 0.000 0.000 0.000 0.000 0.000 0.000
276+aB0001_030 0.000 0.000 0.000 0.000 0.000 0.000 0.000 0.000 0.000 0.000
276+4B0001_031 0.000 0.000 0.000 0.000 0.000 0.000 0.000 0.000 0.000 0.000
276+4B0001_032 0.000 0.000 0.000 0.000 0.000 0.000 0.000 0.000 0.000 0.000
276+4B0001_033 0.000 0.000 0.000 0.000 0.000 0.000 0.000 0.000 0.000 0.000
276+4B0001_034 0.000 0.000 0.000 0.000 0.000 0.000 0.000 0.000 0.000 0.000
276+4B0001_035 0.000 0.000 0.000 0.000 0.000 0.000 0.000 0.000 0.000 0.000
276+4B0001_036 0.000 0.000 0.000 0.000 0.000 0.000 0.000 0.000 0.000 0.000
276DMB0001_037 0.000 0.000 0.000 0.000 0.000 0.000 0.000 0.000 0.000 0.000
