 ph              7.4   7.4   7.4   7.4   7.4
IRE01B0002_001 0.390 0.394 0.392 0.392 0.389
IRE01B0002_002 0.500 0.493 0.496 0.496 0.496
IRE+1B0002_003 0.042 0.041 0.042 0.042 0.042
IRE+1B0002_004 0.062 0.063 0.062 0.062 0.065
IRE+2B0002_005 0.000 0.001 0.000 0.000 0.000
IRE+2B0002_006 0.002 0.002 0.002 0.002 0.002
IRE+2B0002_007 0.000 0.001 0.000 0.000 0.000
IRE+2B0002_008 0.000 0.001 0.001 0.001 0.001
IRE+3B0002_009 0.000 0.000 0.000 0.000 0.000
IRE+3B0002_010 0.000 0.000 0.000 0.000 0.000
IRE+3B0002_011 0.000 0.000 0.000 0.000 0.000
IRE+3B0002_012 0.000 0.000 0.000 0.000 0.000
IRE+aB0002_013 0.002 0.002 0.002 0.002 0.002
IRE+aB0002_014 0.002 0.002 0.002 0.002 0.002
IREDMB0002_015 0.000 0.000 0.000 0.000 0.000
