 ph              7.4   7.4   7.4   7.4   7.4
MET01A0001_001 1.000 1.000 1.000 1.000 1.000
ALA01A0002_001 1.000 1.000 1.000 1.000 1.000
LEU01A0003_001 1.000 1.000 1.000 1.000 1.000
GLU01A0005_001 0.000 0.000 0.000 0.000 0.000
GLU01A0005_002 0.000 0.000 0.000 0.000 0.000
GLU02A0005_003 0.000 0.000 0.000 0.000 0.000
GLU02A0005_004 0.000 0.000 0.000 0.000 0.000
GLU-1A0005_005 1.000 1.000 1.000 1.000 1.000
LEU01A0006_001 1.000 1.000 1.000 1.000 1.000
LYS01A0007_001 0.002 0.000 0.000 0.002 0.000
LYS+1A0007_002 0.998 1.000 1.000 0.998 1.000
ASP01A0008_001 0.000 0.000 0.000 0.000 0.000
ASP01A0008_002 0.000 0.000 0.000 0.000 0.000
ASP02A0008_003 0.000 0.000 0.000 0.000 0.000
ASP02A0008_004 0.000 0.000 0.000 0.000 0.000
ASP-1A0008_005 1.000 1.000 1.000 1.000 1.000
ASP01A0009_001 0.000 0.000 0.000 0.000 0.000
ASP01A0009_002 0.000 0.000 0.000 0.000 0.000
ASP02A0009_003 0.000 0.000 0.000 0.000 0.000
ASP02A0009_004 0.000 0.000 0.000 0.000 0.000
ASP-1A0009_005 1.000 1.000 1.000 1.000 1.000
ASP01A0010_001 0.000 0.000 0.000 0.000 0.000
ASP01A0010_002 0.000 0.000 0.000 0.000 0.000
ASP02A0010_003 0.000 0.000 0.000 0.000 0.000
ASP02A0010_004 0.000 0.000 0.000 0.000 0.000
ASP-1A0010_005 1.000 1.000 1.000 1.000 1.000
PHE01A0011_001 1.000 1.000 1.000 1.000 1.000
GLU01A0012_001 0.000 0.000 0.000 0.000 0.000
GLU01A0012_002 0.000 0.000 0.000 0.000 0.000
GLU02A0012_003 0.000 0.000 0.000 0.000 0.000
GLU02A0012_004 0.002 0.002 0.000 0.002 0.002
GLU-1A0012_005 0.998 0.998 1.000 0.998 0.997
LYS01A0013_001 0.000 0.000 0.001 0.000 0.000
LYS+1A0013_002 1.000 1.000 0.999 1.000 1.000
ILE01A0014_001 1.000 1.000 1.000 1.000 1.000
SER01A0015_001 0.558 0.564 0.561 0.557 0.558
SER01A0015_002 0.442 0.436 0.439 0.443 0.442
GLU01A0016_001 0.000 0.000 0.000 0.000 0.000
GLU01A0016_002 0.000 0.000 0.000 0.000 0.000
GLU02A0016_003 0.000 0.000 0.000 0.000 0.000
GLU02A0016_004 0.000 0.000 0.000 0.000 0.000
GLU-1A0016_005 1.000 1.000 1.000 1.000 1.000
LEU01A0017_001 1.000 1.000 1.000 1.000 1.000
ALA01A0019_001 1.000 1.000 1.000 1.000 1.000
ASN01A0021_001 0.697 0.690 0.693 0.693 0.691
ASN01A0021_002 0.303 0.310 0.307 0.307 0.309
VAL01A0024_001 1.000 1.000 1.000 1.000 1.000
VAL01A0025_001 1.000 1.000 1.000 1.000 1.000
PHE01A0026_001 1.000 1.000 1.000 1.000 1.000
LYS01A0027_001 0.000 0.000 0.000 0.002 0.002
LYS+1A0027_002 1.000 1.000 1.000 0.998 0.998
VAL01A0028_001 1.000 1.000 1.000 1.000 1.000
SER01A0029_001 1.000 1.000 1.000 1.000 1.000
HIS01A0030_001 0.839 0.835 0.831 0.835 0.835
HIS02A0030_002 0.161 0.165 0.169 0.165 0.165
HIS+1A0030_003 0.000 0.000 0.000 0.000 0.000
LYS01A0031_001 0.000 0.000 0.000 0.000 0.000
LYS+1A0031_002 1.000 1.000 1.000 1.000 1.000
PRO01A0032_001 1.000 1.000 1.000 1.000 1.000
SER01A0033_001 0.056 0.055 0.055 0.056 0.055
SER01A0033_002 0.944 0.945 0.945 0.944 0.945
LEU01A0035_001 1.000 1.000 1.000 1.000 1.000
VAL01A0036_001 1.000 1.000 1.000 1.000 1.000
MET01A0037_001 1.000 1.000 1.000 1.000 1.000
ALA01A0038_001 1.000 1.000 1.000 1.000 1.000
ARG01A0039_001 0.000 0.000 0.000 0.000 0.000
ARG02A0039_002 0.000 0.000 0.000 0.000 0.000
ARG03A0039_003 0.000 0.000 0.000 0.000 0.000
ARG03A0039_004 0.000 0.000 0.000 0.000 0.000
ARG+1A0039_005 1.000 1.000 1.000 1.000 1.000
LYS01A0040_001 1.000 1.000 1.000 1.000 1.000
LYS+1A0040_002 0.000 0.000 0.000 0.000 0.000
LEU01A0041_001 1.000 1.000 1.000 1.000 1.000
ILE01A0042_001 1.000 1.000 1.000 1.000 1.000
HIS01A0043_001 1.000 0.998 0.998 1.000 0.997
HIS02A0043_002 0.000 0.002 0.002 0.000 0.003
HIS+1A0043_003 0.000 0.000 0.000 0.000 0.000
LEU01A0044_001 1.000 1.000 1.000 1.000 1.000
GLU01A0045_001 0.000 0.000 0.000 0.000 0.000
GLU01A0045_002 0.000 0.000 0.000 0.000 0.000
GLU02A0045_003 0.000 0.000 0.000 0.000 0.000
GLU02A0045_004 0.002 0.003 0.000 0.003 0.002
GLU-1A0045_005 0.998 0.997 1.000 0.997 0.998
ILE01A0046_001 1.000 1.000 1.000 1.000 1.000
LYS01A0047_001 0.000 0.000 0.000 0.000 0.000
LYS+1A0047_002 1.000 1.000 1.000 1.000 1.000
PRO01A0048_001 1.000 1.000 1.000 1.000 1.000
ALA01A0049_001 1.000 1.000 1.000 1.000 1.000
ILE01A0050_001 1.000 1.000 1.000 1.000 1.000
ARG01A0051_001 0.000 0.000 0.000 0.000 0.000
ARG02A0051_002 0.000 0.000 0.000 0.000 0.000
ARG02A0051_003 0.031 0.029 0.032 0.029 0.026
ARG03A0051_004 0.000 0.000 0.000 0.000 0.000
ARG03A0051_005 0.000 0.000 0.000 0.000 0.000
ARG+1A0051_006 0.969 0.971 0.968 0.971 0.973
ASN01A0052_001 0.934 0.936 0.932 0.935 0.934
ASN01A0052_002 0.066 0.064 0.068 0.065 0.066
GLN01A0053_001 0.663 0.663 0.655 0.657 0.662
GLN01A0053_002 0.337 0.337 0.345 0.343 0.338
ILE01A0054_001 1.000 1.000 1.000 1.000 1.000
ILE01A0055_001 1.000 1.000 1.000 1.000 1.000
ARG01A0056_001 0.000 0.000 0.000 0.000 0.000
ARG02A0056_002 0.000 0.000 0.000 0.000 0.000
ARG03A0056_003 0.000 0.000 0.000 0.000 0.000
ARG+1A0056_004 1.000 1.000 1.000 1.000 1.000
GLU01A0057_001 0.000 0.000 0.000 0.000 0.000
GLU01A0057_002 0.000 0.000 0.000 0.000 0.000
GLU02A0057_003 0.000 0.000 0.000 0.000 0.000
GLU02A0057_004 0.000 0.005 0.003 0.004 0.000
GLU-1A0057_005 1.000 0.995 0.997 0.996 1.000
LEU01A0058_001 1.000 1.000 1.000 1.000 1.000
GLN01A0059_001 0.987 0.987 0.987 0.987 0.988
GLN01A0059_002 0.013 0.013 0.013 0.013 0.012
VAL01A0060_001 1.000 1.000 1.000 1.000 1.000
LEU01A0061_001 1.000 1.000 1.000 1.000 1.000
HIS01A0062_001 0.167 0.164 0.168 0.160 0.162
HIS01A0062_002 0.001 0.000 0.000 0.001 0.000
HIS02A0062_003 0.183 0.184 0.190 0.185 0.182
HIS02A0062_004 0.002 0.001 0.002 0.002 0.002
HIS+1A0062_005 0.646 0.651 0.640 0.653 0.655
HIS+1A0062_006 0.001 0.000 0.000 0.000 0.000
GLU01A0063_001 0.000 0.000 0.000 0.000 0.000
GLU01A0063_002 0.000 0.000 0.001 0.001 0.000
GLU02A0063_003 0.000 0.000 0.000 0.000 0.000
GLU02A0063_004 0.000 0.000 0.001 0.001 0.001
GLU-1A0063_005 1.000 1.000 0.998 0.998 0.999
CYS01A0064_001 0.262 0.270 0.268 0.270 0.263
CYS01A0064_002 0.537 0.525 0.524 0.525 0.527
CYS01A0064_003 0.201 0.205 0.208 0.206 0.210
CYS-1A0064_004 0.000 0.000 0.000 0.000 0.000
ASN01A0065_001 0.027 0.029 0.030 0.031 0.030
ASN01A0065_002 0.973 0.971 0.970 0.969 0.970
SER01A0066_001 0.000 0.000 0.000 0.000 0.000
SER01A0066_002 1.000 1.000 1.000 1.000 1.000
PRO01A0067_001 1.000 1.000 1.000 1.000 1.000
TYR01A0068_001 0.998 1.000 1.000 0.997 0.998
TYR-1A0068_002 0.002 0.000 0.000 0.003 0.002
ILE01A0069_001 1.000 1.000 1.000 1.000 1.000
VAL01A0070_001 1.000 1.000 1.000 1.000 1.000
PHE01A0072_001 1.000 1.000 1.000 1.000 1.000
TYR01A0073_001 1.000 1.000 1.000 1.000 1.000
TYR-1A0073_002 0.000 0.000 0.000 0.000 0.000
ALA01A0075_001 1.000 1.000 1.000 1.000 1.000
PHE01A0076_001 1.000 1.000 1.000 1.000 1.000
TYR01A0077_001 0.350 0.349 0.359 0.352 0.350
TYR01A0077_002 0.650 0.647 0.636 0.643 0.646
TYR-1A0077_003 0.000 0.004 0.005 0.004 0.004
SER01A0078_001 0.784 0.777 0.782 0.783 0.781
SER01A0078_002 0.216 0.223 0.218 0.217 0.219
ASP01A0079_001 0.000 0.000 0.000 0.000 0.000
ASP01A0079_002 0.000 0.000 0.000 0.000 0.000
ASP02A0079_003 0.000 0.000 0.000 0.000 0.000
ASP02A0079_004 0.000 0.000 0.000 0.000 0.000
ASP-1A0079_005 1.000 1.000 1.000 1.000 1.000
GLU01A0081_001 0.001 0.000 0.000 0.000 0.000
GLU01A0081_002 0.007 0.007 0.007 0.006 0.006
GLU02A0081_003 0.000 0.000 0.001 0.001 0.000
GLU02A0081_004 0.060 0.060 0.060 0.056 0.058
GLU-1A0081_005 0.931 0.932 0.931 0.937 0.936
ILE01A0082_001 1.000 1.000 1.000 1.000 1.000
SER01A0083_001 0.006 0.006 0.005 0.005 0.004
SER01A0083_002 0.994 0.994 0.995 0.995 0.996
ILE01A0084_001 1.000 1.000 1.000 1.000 1.000
CYS01A0085_001 0.246 0.248 0.247 0.245 0.239
CYS01A0085_002 0.309 0.307 0.300 0.303 0.314
CYS01A0085_003 0.444 0.446 0.453 0.452 0.447
CYS-1A0085_004 0.000 0.000 0.000 0.000 0.000
MET01A0086_001 1.000 1.000 1.000 1.000 1.000
GLU01A0087_001 0.000 0.000 0.000 0.000 0.000
GLU01A0087_002 0.000 0.000 0.000 0.001 0.000
GLU02A0087_003 0.000 0.000 0.000 0.000 0.000
GLU02A0087_004 0.001 0.002 0.000 0.001 0.000
GLU-1A0087_005 0.998 0.998 1.000 0.998 1.000
HIS01A0088_001 0.222 0.222 0.217 0.228 0.228
HIS01A0088_002 0.406 0.401 0.404 0.398 0.398
HIS02A0088_003 0.310 0.313 0.320 0.315 0.312
HIS02A0088_004 0.062 0.064 0.059 0.059 0.061
HIS+1A0088_005 0.000 0.000 0.000 0.000 0.000
HIS+1A0088_006 0.000 0.000 0.000 0.000 0.000
MET01A0089_001 1.000 1.000 1.000 1.000 1.000
ASP01A0090_001 0.000 0.000 0.000 0.000 0.000
ASP01A0090_002 0.000 0.000 0.000 0.000 0.000
ASP02A0090_003 0.000 0.000 0.000 0.000 0.000
ASP02A0090_004 0.000 0.000 0.000 0.000 0.000
ASP-1A0090_005 1.000 1.000 1.000 1.000 1.000
SER01A0093_001 0.987 0.988 0.986 0.987 0.987
SER01A0093_002 0.013 0.012 0.014 0.013 0.013
LEU01A0094_001 1.000 1.000 1.000 1.000 1.000
ASP01A0095_001 0.000 0.000 0.000 0.000 0.000
ASP01A0095_002 0.003 0.000 0.000 0.003 0.000
ASP02A0095_003 0.000 0.000 0.000 0.000 0.000
ASP02A0095_004 0.000 0.000 0.000 0.000 0.000
ASP-1A0095_005 0.997 1.000 1.000 0.997 1.000
GLN01A0096_001 0.983 0.984 0.985 0.984 0.984
GLN01A0096_002 0.017 0.016 0.015 0.016 0.016
VAL01A0097_001 1.000 1.000 1.000 1.000 1.000
LEU01A0098_001 1.000 1.000 1.000 1.000 1.000
LYS01A0099_001 0.000 0.000 0.000 0.000 0.001
LYS+1A0099_002 1.000 1.000 1.000 1.000 0.999
LYS01A0100_001 0.000 0.001 0.000 0.000 0.000
LYS+1A0100_002 1.000 0.999 1.000 1.000 1.000
ALA01A0101_001 1.000 1.000 1.000 1.000 1.000
ARG01A0103_001 0.000 0.000 0.000 0.000 0.000
ARG02A0103_002 0.000 0.000 0.000 0.000 0.000
ARG03A0103_003 0.000 0.000 0.000 0.000 0.000
ARG+1A0103_004 1.000 1.000 1.000 1.000 1.000
ILE01A0104_001 1.000 1.000 1.000 1.000 1.000
PRO01A0105_001 1.000 1.000 1.000 1.000 1.000
GLU01A0106_001 0.000 0.000 0.000 0.000 0.001
GLU01A0106_002 0.000 0.000 0.000 0.000 0.000
GLU02A0106_003 0.000 0.000 0.000 0.000 0.000
GLU02A0106_004 0.000 0.000 0.000 0.000 0.000
GLU-1A0106_005 1.000 1.000 1.000 1.000 0.999
GLN01A0107_001 0.004 0.005 0.004 0.004 0.005
GLN01A0107_002 0.996 0.995 0.996 0.996 0.995
ILE01A0108_001 1.000 1.000 1.000 1.000 1.000
LEU01A0109_001 1.000 1.000 1.000 1.000 1.000
LYS01A0111_001 0.000 0.000 0.001 0.000 0.000
LYS+1A0111_002 1.000 1.000 0.999 1.000 1.000
VAL01A0112_001 1.000 1.000 1.000 1.000 1.000
SER01A0113_001 0.046 0.045 0.043 0.041 0.044
SER01A0113_002 0.954 0.955 0.957 0.959 0.956
ILE01A0114_001 1.000 1.000 1.000 1.000 1.000
ALA01A0115_001 1.000 1.000 1.000 1.000 1.000
VAL01A0116_001 1.000 1.000 1.000 1.000 1.000
ILE01A0117_001 1.000 1.000 1.000 1.000 1.000
LYS01A0118_001 0.002 0.003 0.002 0.002 0.000
LYS+1A0118_002 0.998 0.997 0.998 0.998 1.000
LEU01A0120_001 1.000 1.000 1.000 1.000 1.000
THR01A0121_001 0.136 0.137 0.136 0.133 0.137
THR01A0121_002 0.864 0.863 0.864 0.867 0.863
TYR01A0122_001 0.985 0.983 0.984 0.985 0.984
TYR01A0122_002 0.015 0.017 0.016 0.015 0.016
TYR-1A0122_003 0.000 0.000 0.000 0.000 0.000
LEU01A0123_001 1.000 1.000 1.000 1.000 1.000
ARG01A0124_001 0.000 0.000 0.000 0.000 0.000
ARG02A0124_002 0.000 0.000 0.000 0.000 0.000
ARG03A0124_003 0.000 0.000 0.000 0.000 0.000
ARG+1A0124_004 1.000 1.000 1.000 1.000 1.000
GLU01A0125_001 0.000 0.000 0.000 0.000 0.000
GLU01A0125_002 0.000 0.000 0.000 0.000 0.000
GLU02A0125_003 0.000 0.000 0.000 0.000 0.000
GLU02A0125_004 0.000 0.000 0.000 0.000 0.000
GLU-1A0125_005 1.000 1.000 1.000 1.000 1.000
LYS01A0126_001 0.000 0.000 0.001 0.000 0.000
LYS+1A0126_002 1.000 1.000 0.999 1.000 1.000
HIS01A0127_001 0.594 0.590 0.583 0.589 0.586
HIS02A0127_002 0.394 0.399 0.406 0.399 0.404
HIS+1A0127_003 0.012 0.011 0.011 0.012 0.010
LYS01A0128_001 0.000 0.001 0.000 0.001 0.000
LYS+1A0128_002 1.000 0.999 1.000 0.999 1.000
ILE01A0129_001 1.000 1.000 1.000 1.000 1.000
MET01A0130_001 1.000 1.000 1.000 1.000 1.000
HIS01A0131_001 1.000 1.000 1.000 1.000 1.000
HIS02A0131_002 0.000 0.000 0.000 0.000 0.000
HIS+1A0131_003 0.000 0.000 0.000 0.000 0.000
ARG01A0132_001 0.000 0.000 0.000 0.000 0.000
ARG02A0132_002 0.000 0.000 0.000 0.000 0.000
ARG03A0132_003 0.000 0.000 0.000 0.000 0.000
ARG+1A0132_004 1.000 1.000 1.000 1.000 1.000
ASP01A0133_001 0.000 0.000 0.000 0.000 0.000
ASP01A0133_002 0.000 0.000 0.000 0.000 0.000
ASP02A0133_003 0.000 0.000 0.000 0.000 0.000
ASP02A0133_004 0.000 0.000 0.000 0.000 0.000
ASP-1A0133_005 1.000 1.000 1.000 1.000 1.000
VAL01A0134_001 1.000 1.000 1.000 1.000 1.000
LYS01A0135_001 0.846 0.846 0.847 0.866 0.865
LYS+1A0135_002 0.154 0.154 0.153 0.134 0.135
PRO01A0136_001 1.000 1.000 1.000 1.000 1.000
SER01A0137_001 0.521 0.519 0.518 0.517 0.511
SER01A0137_002 0.479 0.481 0.482 0.483 0.489
ASN01A0138_001 1.000 1.000 1.000 1.000 1.000
ILE01A0139_001 1.000 1.000 1.000 1.000 1.000
LEU01A0140_001 1.000 1.000 1.000 1.000 1.000
VAL01A0141_001 1.000 1.000 1.000 1.000 1.000
ASN01A0142_001 1.000 1.000 1.000 1.000 1.000
SER01A0143_001 0.030 0.031 0.032 0.031 0.033
SER01A0143_002 0.030 0.030 0.032 0.030 0.032
SER01A0143_003 0.940 0.939 0.937 0.939 0.935
ARG01A0144_001 0.000 0.000 0.000 0.000 0.000
ARG02A0144_002 0.000 0.000 0.000 0.000 0.000
ARG03A0144_003 0.000 0.000 0.000 0.000 0.000
ARG03A0144_004 0.000 0.000 0.000 0.000 0.000
ARG+1A0144_005 1.000 1.000 1.000 1.000 1.000
GLU01A0146_001 0.000 0.000 0.000 0.000 0.000
GLU01A0146_002 0.000 0.000 0.000 0.000 0.000
GLU02A0146_003 0.000 0.000 0.000 0.000 0.000
GLU02A0146_004 0.000 0.000 0.000 0.000 0.000
GLU-1A0146_005 1.000 1.000 1.000 1.000 1.000
ILE01A0147_001 1.000 1.000 1.000 1.000 1.000
LYS01A0148_001 0.001 0.000 0.000 0.000 0.000
LYS+1A0148_002 0.999 1.000 1.000 1.000 1.000
LEU01A0149_001 1.000 1.000 1.000 1.000 1.000
CYS01A0150_001 0.194 0.192 0.191 0.188 0.189
CYS01A0150_002 0.348 0.348 0.343 0.359 0.351
CYS01A0150_003 0.459 0.460 0.466 0.453 0.461
CYS-1A0150_004 0.000 0.000 0.000 0.000 0.000
ASP01A0151_001 0.000 0.000 0.000 0.000 0.000
ASP01A0151_002 1.000 1.000 1.000 1.000 1.000
ASP02A0151_003 0.000 0.000 0.000 0.000 0.000
ASP02A0151_004 0.000 0.000 0.000 0.000 0.000
ASP-1A0151_005 0.000 0.000 0.000 0.000 0.000
PHE01A0152_001 1.000 1.000 1.000 1.000 1.000
VAL01A0154_001 1.000 1.000 1.000 1.000 1.000
SER01A0155_001 0.002 0.000 0.000 0.002 0.002
SER01A0155_002 0.323 0.329 0.332 0.320 0.324
SER01A0155_003 0.675 0.671 0.668 0.678 0.673
GLN01A0157_001 0.111 0.112 0.110 0.114 0.117
GLN01A0157_002 0.889 0.888 0.890 0.886 0.883
LEU01A0158_001 1.000 1.000 1.000 1.000 1.000
ILE01A0159_001 1.000 1.000 1.000 1.000 1.000
ASP01A0160_001 0.000 0.000 0.000 0.000 0.000
ASP01A0160_002 0.000 0.000 0.000 0.000 0.000
ASP02A0160_003 0.000 0.000 0.000 0.000 0.000
ASP02A0160_004 0.000 0.000 0.000 0.000 0.000
ASP-1A0160_005 1.000 1.000 1.000 1.000 1.000
GLU01A0161_001 0.000 0.000 0.000 0.000 0.000
GLU01A0161_002 0.011 0.010 0.012 0.013 0.013
GLU02A0161_003 0.000 0.000 0.000 0.000 0.000
GLU02A0161_004 0.007 0.010 0.010 0.010 0.011
GLU-1A0161_005 0.982 0.981 0.978 0.977 0.976
MET01A0162_001 1.000 1.000 1.000 1.000 1.000
ALA01A0163_001 1.000 1.000 1.000 1.000 1.000
ASN01A0164_001 0.453 0.459 0.461 0.457 0.463
ASN01A0164_002 0.547 0.541 0.539 0.543 0.537
GLU01A0165_001 0.000 0.000 0.000 0.000 0.000
GLU01A0165_002 0.000 0.001 0.000 0.001 0.000
GLU02A0165_003 0.000 0.000 0.000 0.000 0.000
GLU02A0165_004 0.000 0.001 0.003 0.001 0.002
GLU-1A0165_005 1.000 0.998 0.997 0.998 0.998
PHE01A0166_001 1.000 1.000 1.000 1.000 1.000
VAL01A0167_001 1.000 1.000 1.000 1.000 1.000
THR01A0169_001 0.018 0.018 0.017 0.018 0.017
THR01A0169_002 0.245 0.237 0.242 0.231 0.230
THR01A0169_003 0.738 0.745 0.741 0.751 0.753
ARG01A0170_001 0.000 0.000 0.000 0.000 0.000
ARG02A0170_002 1.000 1.000 1.000 1.000 1.000
ARG02A0170_003 0.000 0.000 0.000 0.000 0.000
ARG03A0170_004 0.000 0.000 0.000 0.000 0.000
ARG+1A0170_005 0.000 0.000 0.000 0.000 0.000
SER01A0171_001 0.646 0.648 0.651 0.656 0.657
SER01A0171_002 0.354 0.352 0.349 0.344 0.343
TYR01A0172_001 0.810 0.814 0.807 0.808 0.812
TYR01A0172_002 0.190 0.186 0.193 0.192 0.188
TYR-1A0172_003 0.000 0.000 0.000 0.000 0.000
MET01A0173_001 1.000 1.000 1.000 1.000 1.000
SER01A0174_001 0.015 0.014 0.013 0.015 0.016
SER01A0174_002 0.000 0.000 0.000 0.000 0.000
SER01A0174_003 0.985 0.986 0.986 0.985 0.984
PRO01A0175_001 1.000 1.000 1.000 1.000 1.000
GLU01A0176_001 0.000 0.000 0.000 0.000 0.000
GLU01A0176_002 0.000 0.000 0.000 0.000 0.000
GLU02A0176_003 0.000 0.000 0.000 0.000 0.000
GLU02A0176_004 0.000 0.000 0.000 0.000 0.000
GLU-1A0176_005 1.000 1.000 1.000 1.000 1.000
ARG01A0177_001 0.000 0.000 0.000 0.000 0.000
ARG02A0177_002 0.000 0.000 0.000 0.000 0.000
ARG03A0177_003 0.000 0.000 0.000 0.000 0.000
ARG+1A0177_004 1.000 1.000 1.000 1.000 1.000
LEU01A0178_001 1.000 1.000 1.000 1.000 1.000
GLN01A0179_001 0.578 0.579 0.577 0.576 0.578
GLN01A0179_002 0.422 0.421 0.423 0.424 0.422
THR01A0181_001 1.000 1.000 1.000 1.000 1.000
HIS01A0182_001 0.112 0.114 0.113 0.112 0.112
HIS01A0182_002 0.218 0.214 0.219 0.218 0.221
HIS02A0182_003 0.172 0.170 0.170 0.172 0.172
HIS02A0182_004 0.224 0.230 0.228 0.233 0.222
HIS+1A0182_005 0.102 0.101 0.103 0.100 0.106
HIS+1A0182_006 0.172 0.171 0.167 0.165 0.166
TYR01A0183_001 0.230 0.233 0.234 0.229 0.233
TYR01A0183_002 0.770 0.767 0.766 0.771 0.767
TYR-1A0183_003 0.000 0.000 0.000 0.000 0.000
SER01A0184_001 0.370 0.365 0.367 0.362 0.366
SER01A0184_002 0.000 0.000 0.000 0.000 0.000
SER01A0184_003 0.630 0.635 0.633 0.638 0.634
VAL01A0185_001 1.000 1.000 1.000 1.000 1.000
GLN01A0186_001 0.236 0.237 0.239 0.235 0.233
GLN01A0186_002 0.764 0.763 0.761 0.765 0.767
SER01A0187_001 0.413 0.413 0.406 0.407 0.406
SER01A0187_002 0.121 0.123 0.125 0.125 0.128
SER01A0187_003 0.466 0.464 0.469 0.468 0.466
ASP01A0188_001 0.000 0.000 0.000 0.000 0.000
ASP01A0188_002 0.000 0.000 0.000 0.000 0.000
ASP02A0188_003 0.000 0.000 0.000 0.000 0.000
ASP02A0188_004 0.000 0.000 0.000 0.000 0.000
ASP-1A0188_005 1.000 1.000 1.000 1.000 1.000
ILE01A0189_001 1.000 1.000 1.000 1.000 1.000
TRP01A0190_001 1.000 1.000 1.000 1.000 1.000
SER01A0191_001 0.888 0.885 0.888 0.888 0.888
SER01A0191_002 0.112 0.115 0.112 0.112 0.112
MET01A0192_001 1.000 1.000 1.000 1.000 1.000
LEU01A0194_001 1.000 1.000 1.000 1.000 1.000
SER01A0195_001 0.041 0.042 0.041 0.042 0.038
SER01A0195_002 0.952 0.950 0.952 0.951 0.953
SER01A0195_003 0.007 0.008 0.007 0.008 0.009
LEU01A0196_001 1.000 1.000 1.000 1.000 1.000
VAL01A0197_001 1.000 1.000 1.000 1.000 1.000
GLU01A0198_001 0.000 0.000 0.000 0.000 0.000
GLU01A0198_002 0.000 0.000 0.000 0.000 0.000
GLU02A0198_003 0.000 0.000 0.001 0.001 0.000
GLU02A0198_004 0.063 0.062 0.062 0.069 0.066
GLU-1A0198_005 0.937 0.938 0.937 0.931 0.934
MET01A0199_001 1.000 1.000 1.000 1.000 1.000
ALA01A0200_001 1.000 1.000 1.000 1.000 1.000
VAL01A0201_001 1.000 1.000 1.000 1.000 1.000
ARG01A0203_001 0.000 0.000 0.000 0.000 0.000
ARG02A0203_002 0.000 0.000 0.000 0.000 0.000
ARG03A0203_003 0.000 0.000 0.000 0.000 0.000
ARG+1A0203_004 1.000 1.000 1.000 1.000 1.000
TYR01A0204_001 0.990 0.991 0.990 0.990 0.988
TYR01A0204_002 0.010 0.009 0.010 0.010 0.012
TYR-1A0204_003 0.000 0.000 0.000 0.000 0.000
PRO01A0205_001 1.000 1.000 1.000 1.000 1.000
ARG01A0206_001 0.000 0.000 0.000 0.000 0.000
ARG02A0206_002 0.000 0.000 0.000 0.000 0.000
ARG03A0206_003 0.000 0.000 0.000 0.000 0.000
ARG+1A0206_004 1.000 1.000 1.000 1.000 1.000
PRO01A0207_001 1.000 1.000 1.000 1.000 1.000
PRO01A0208_001 1.000 1.000 1.000 1.000 1.000
MET01A0209_001 1.000 1.000 1.000 1.000 1.000
ALA01A0210_001 1.000 1.000 1.000 1.000 1.000
ILE01A0211_001 1.000 1.000 1.000 1.000 1.000
PHE01A0212_001 1.000 1.000 1.000 1.000 1.000
GLU01A0213_001 0.000 0.000 0.000 0.000 0.000
GLU01A0213_002 0.000 0.000 0.000 0.000 0.000
GLU02A0213_003 0.000 0.000 0.000 0.000 0.000
GLU02A0213_004 0.001 0.000 0.000 0.000 0.000
GLU-1A0213_005 0.999 1.000 1.000 1.000 1.000
LEU01A0214_001 1.000 1.000 1.000 1.000 1.000
LEU01A0215_001 1.000 1.000 1.000 1.000 1.000
ASP01A0216_001 0.000 0.000 0.000 0.000 0.000
ASP01A0216_002 0.000 0.000 0.000 0.000 0.000
ASP02A0216_003 0.000 0.000 0.000 0.000 0.000
ASP02A0216_004 0.000 0.000 0.002 0.000 0.002
ASP-1A0216_005 1.000 1.000 0.998 1.000 0.998
TYR01A0217_001 0.346 0.339 0.339 0.337 0.346
TYR01A0217_002 0.654 0.661 0.661 0.663 0.654
TYR-1A0217_003 0.000 0.000 0.000 0.000 0.000
ILE01A0218_001 1.000 1.000 1.000 1.000 1.000
VAL01A0219_001 1.000 1.000 1.000 1.000 1.000
ASN01A0220_001 0.322 0.324 0.326 0.320 0.316
ASN01A0220_002 0.678 0.676 0.674 0.680 0.684
GLU01A0221_001 0.000 0.000 0.000 0.000 0.000
GLU01A0221_002 0.000 0.001 0.000 0.000 0.000
GLU02A0221_003 0.000 0.000 0.000 0.000 0.000
GLU02A0221_004 0.000 0.000 0.000 0.000 0.000
GLU-1A0221_005 1.000 0.999 1.000 1.000 1.000
PRO01A0222_001 1.000 1.000 1.000 1.000 1.000
PRO01A0223_001 1.000 1.000 1.000 1.000 1.000
PRO01A0224_001 1.000 1.000 1.000 1.000 1.000
LYS01A0225_001 0.000 0.000 0.001 0.001 0.000
LYS+1A0225_002 1.000 1.000 0.999 0.999 1.000
LEU01A0226_001 1.000 1.000 1.000 1.000 1.000
PRO01A0227_001 1.000 1.000 1.000 1.000 1.000
SER01A0228_001 1.000 1.000 1.000 1.000 1.000
ALA01A0229_001 1.000 1.000 1.000 1.000 1.000
VAL01A0230_001 1.000 1.000 1.000 1.000 1.000
PHE01A0231_001 1.000 1.000 1.000 1.000 1.000
SER01A0232_001 0.182 0.188 0.181 0.183 0.184
SER01A0232_002 0.000 0.000 0.000 0.000 0.000
SER01A0232_003 0.818 0.812 0.819 0.817 0.815
LEU01A0233_001 1.000 1.000 1.000 1.000 1.000
GLU01A0234_001 0.000 0.000 0.000 0.000 0.000
GLU01A0234_002 0.000 0.000 0.000 0.000 0.000
GLU02A0234_003 0.000 0.000 0.000 0.000 0.000
GLU02A0234_004 0.000 0.000 0.000 0.000 0.000
GLU-1A0234_005 1.000 1.000 1.000 1.000 1.000
PHE01A0235_001 1.000 1.000 1.000 1.000 1.000
GLN01A0236_001 0.965 0.968 0.965 0.966 0.964
GLN01A0236_002 0.035 0.032 0.035 0.034 0.036
ASP01A0237_001 0.000 0.000 0.000 0.000 0.000
ASP01A0237_002 0.000 0.000 0.000 0.000 0.000
ASP02A0237_003 0.000 0.000 0.000 0.000 0.000
ASP02A0237_004 0.000 0.000 0.000 0.000 0.000
ASP-1A0237_005 1.000 1.000 1.000 1.000 1.000
PHE01A0238_001 1.000 1.000 1.000 1.000 1.000
VAL01A0239_001 1.000 1.000 1.000 1.000 1.000
ASN01A0240_001 0.176 0.175 0.176 0.176 0.173
ASN01A0240_002 0.824 0.825 0.824 0.824 0.827
LYS01A0241_001 0.000 0.000 0.000 0.000 0.000
LYS+1A0241_002 1.000 1.000 1.000 1.000 1.000
CYS01A0242_001 0.285 0.282 0.279 0.281 0.281
CYS01A0242_002 0.466 0.473 0.473 0.467 0.481
CYS01A0242_003 0.249 0.245 0.248 0.252 0.238
CYS-1A0242_004 0.000 0.000 0.000 0.000 0.000
LEU01A0243_001 1.000 1.000 1.000 1.000 1.000
ILE01A0244_001 1.000 1.000 1.000 1.000 1.000
LYS01A0245_001 0.088 0.084 0.087 0.085 0.087
LYS+1A0245_002 0.912 0.916 0.913 0.915 0.913
ASN01A0246_001 1.000 1.000 1.000 1.000 1.000
ASN01A0246_002 0.000 0.000 0.000 0.000 0.000
PRO01A0247_001 1.000 1.000 1.000 1.000 1.000
ALA01A0248_001 1.000 1.000 1.000 1.000 1.000
GLU01A0249_001 0.000 0.000 0.000 0.000 0.000
GLU01A0249_002 0.000 0.000 0.000 0.000 0.000
GLU02A0249_003 0.000 0.000 0.000 0.000 0.000
GLU02A0249_004 0.000 0.001 0.000 0.000 0.001
GLU-1A0249_005 1.000 0.999 1.000 1.000 0.999
ARG01A0250_001 0.000 0.000 0.000 0.000 0.000
ARG02A0250_002 0.000 0.000 0.000 0.000 0.000
ARG02A0250_003 0.000 0.000 0.000 0.000 0.000
ARG03A0250_004 0.000 0.000 0.000 0.000 0.000
ARG03A0250_005 0.000 0.000 0.000 0.000 0.000
ARG+1A0250_006 1.000 1.000 1.000 1.000 1.000
ALA01A0251_001 1.000 1.000 1.000 1.000 1.000
ASP01A0252_001 0.000 0.000 0.000 0.000 0.000
ASP01A0252_002 0.000 0.000 0.000 0.000 0.000
ASP02A0252_003 0.000 0.000 0.000 0.000 0.000
ASP02A0252_004 0.000 0.000 0.000 0.000 0.000
ASP-1A0252_005 1.000 1.000 1.000 1.000 1.000
LEU01A0253_001 1.000 1.000 1.000 1.000 1.000
LYS01A0254_001 0.000 0.000 0.000 0.001 0.001
LYS+1A0254_002 1.000 1.000 1.000 0.999 0.999
GLN01A0255_001 0.998 0.998 0.998 0.998 0.998
GLN01A0255_002 0.002 0.002 0.002 0.002 0.002
LEU01A0256_001 1.000 1.000 1.000 1.000 1.000
MET01A0257_001 1.000 1.000 1.000 1.000 1.000
VAL01A0258_001 1.000 1.000 1.000 1.000 1.000
HIS01A0259_001 1.000 0.988 0.988 0.990 0.989
HIS02A0259_002 0.000 0.012 0.012 0.010 0.011
HIS+1A0259_003 0.000 0.000 0.000 0.000 0.000
ALA01A0260_001 1.000 1.000 1.000 1.000 1.000
PHE01A0261_001 1.000 1.000 1.000 1.000 1.000
ILE01A0262_001 1.000 1.000 1.000 1.000 1.000
LYS01A0263_001 0.000 0.000 0.000 0.000 0.000
LYS+1A0263_002 1.000 1.000 1.000 1.000 1.000
ARG01A0264_001 0.001 0.000 0.000 0.000 0.000
ARG02A0264_002 0.000 0.000 0.000 0.000 0.000
ARG02A0264_003 0.000 0.000 0.000 0.000 0.000
ARG03A0264_004 0.000 0.000 0.000 0.000 0.000
ARG03A0264_005 0.000 0.000 0.000 0.000 0.000
ARG+1A0264_006 0.999 1.000 1.000 1.000 1.000
SER01A0265_001 0.100 0.101 0.099 0.096 0.097
SER01A0265_002 0.801 0.799 0.797 0.799 0.802
SER01A0265_003 0.099 0.100 0.104 0.105 0.101
ASP01A0266_001 0.000 0.000 0.000 0.000 0.000
ASP01A0266_002 0.000 0.000 0.001 0.000 0.000
ASP02A0266_003 0.000 0.000 0.000 0.000 0.000
ASP02A0266_004 0.000 0.000 0.000 0.000 0.002
ASP-1A0266_005 1.000 1.000 0.999 1.000 0.998
ALA01A0267_001 1.000 1.000 1.000 1.000 1.000
GLU01A0268_001 0.001 0.000 0.000 0.000 0.000
GLU01A0268_002 0.011 0.009 0.011 0.010 0.010
GLU02A0268_003 0.048 0.047 0.048 0.051 0.047
GLU02A0268_004 0.368 0.362 0.350 0.380 0.358
GLU-1A0268_005 0.573 0.583 0.591 0.559 0.584
GLU01A0269_001 0.000 0.000 0.000 0.000 0.000
GLU01A0269_002 0.000 0.000 0.000 0.000 0.000
GLU02A0269_003 0.000 0.000 0.000 0.000 0.000
GLU02A0269_004 0.000 0.000 0.000 0.000 0.000
GLU-1A0269_005 1.000 1.000 1.000 1.000 1.000
VAL01A0270_001 1.000 1.000 1.000 1.000 1.000
ASP01A0271_001 0.000 0.000 0.000 0.000 0.000
ASP01A0271_002 0.000 0.000 0.000 0.000 0.000
ASP02A0271_003 0.000 0.000 0.000 0.000 0.000
ASP02A0271_004 0.000 0.000 0.000 0.000 0.000
ASP-1A0271_005 1.000 1.000 1.000 1.000 1.000
PHE01A0272_001 1.000 1.000 1.000 1.000 1.000
ALA01A0273_001 1.000 1.000 1.000 1.000 1.000
TRP01A0275_001 1.000 1.000 1.000 1.000 1.000
LEU01A0276_001 1.000 1.000 1.000 1.000 1.000
CYS01A0277_001 0.099 0.100 0.099 0.095 0.100
CYS01A0277_002 0.456 0.456 0.462 0.463 0.458
CYS01A0277_003 0.444 0.444 0.439 0.442 0.442
CYS-1A0277_004 0.000 0.000 0.000 0.000 0.000
SER01A0278_001 0.220 0.218 0.221 0.214 0.224
SER01A0278_002 0.780 0.782 0.779 0.786 0.776
THR01A0279_001 0.573 0.575 0.575 0.578 0.572
THR01A0279_002 0.427 0.425 0.425 0.422 0.428
ILE01A0280_001 1.000 1.000 1.000 1.000 1.000
LEU01A0282_001 1.000 1.000 1.000 1.000 1.000
EUI+1B0001_001 0.362 0.349 0.360 0.364 0.367
EUI+1B0001_002 0.498 0.510 0.500 0.513 0.511
EUI+1B0001_003 0.000 0.000 0.000 0.000 0.000
EUI01B0001_004 0.102 0.104 0.104 0.091 0.090
EUI01B0001_005 0.038 0.037 0.035 0.032 0.032
EUI01B0001_006 0.000 0.000 0.000 0.000 0.000
EUI02B0001_007 0.000 0.000 0.000 0.000 0.000
EUIDMB0001_008 0.000 0.000 0.000 0.000 0.000
