   Rotamer making statitics:
   Residue   Start  Clean   Swap Rotate   Self  Hbond Repack  Ioni.   TorH     OH  Elect
   META0001      1      1      1      1      1      1      1      1      1      1      1
   ALAA0002      1      1      1      1      1      1      1      1      1      1      1
   LEUA0003      1      1      1      1      1      1      1      1      1      1      1
   GLYA0004      0      0      0      0      0      0      0      0      0      0      0
   GLUA0005      1      1      1      1      1      1      1      3      5      5      5
   LEUA0006      1      1      1      1      1      1      1      1      1      1      1
   LYSA0007      1      1      1      1      1      1      1      2      2      2      2
   ASPA0008      1      1      1      1      1      1      1      3      5      5      5
   ASPA0009      1      1      1      1      1      1      1      3      5      5      5
   ASPA0010      1      1      1      1      1      1      1      3      5      5      5
   PHEA0011      1      1      1      1      1      1      1      1      1      1      1
   GLUA0012      1      1      1      1      1      1      1      3      5      5      5
   LYSA0013      1      1      1      1      1      1      1      2      2      2      2
   ILEA0014      1      1      1      1      1      1      1      1      1      1      1
   SERA0015      1      1      1      1      1      1      1      1      2      2      2
   GLUA0016      1      1      1      1      1      1      1      3      5      5      5
   LEUA0017      1      1      1      1      1      1      1      1      1      1      1
   GLYA0018      0      0      0      0      0      0      0      0      0      0      0
   ALAA0019      1      1      1      1      1      1      1      1      1      1      1
   GLYA0020      0      0      0      0      0      0      0      0      0      0      0
   ASNA0021      1      1      2      2      2      2      2      2      2      2      2
   GLYA0022      0      0      0      0      0      0      0      0      0      0      0
   GLYA0023      0      0      0      0      0      0      0      0      0      0      0
   VALA0024      1      1      1      1      1      1      1      1      1      1      1
   VALA0025      1      1      1      1      1      1      1      1      1      1      1
   PHEA0026      1      1      1      1      1      1      1      1      1      1      1
   LYSA0027      1      1      1      1      1      1      1      2      2      2      2
   VALA0028      1      1      1      1      1      1      1      1      1      1      1
   SERA0029      1      1      1      1      1      1      1      1      2      2      1
   HISA0030      1      1      2      2      2      2      1      3      3      3      3
   LYSA0031      1      1      1      1      1      1      1      2      2      2      2
   PROA0032      1      1      1      1      1      1      1      1      1      1      1
   SERA0033      1      1      1      1      1      1      1      1      2      2      2
   GLYA0034      0      0      0      0      0      0      0      0      0      0      0
   LEUA0035      1      1      1      1      1      1      1      1      1      1      1
   VALA0036      1      1      1      1      1      1      1      1      1      1      1
   META0037      1      1      1      1      1      1      1      1      1      1      1
   ALAA0038      1      1      1      1      1      1      1      1      1      1      1
   ARGA0039      1      1      1      1      1      1      1      4      5      5      5
   LYSA0040      1      1      1      1      1      1      1      2      2      2      2
   LEUA0041      1      1      1      1      1      1      1      1      1      1      1
   ILEA0042      1      1      1      1      1      1      1      1      1      1      1
   HISA0043      1      1      2      2      1      1      1      3      3      3      3
   LEUA0044      1      1      1      1      1      1      1      1      1      1      1
   GLUA0045      1      1      1      1      1      1      1      3      5      5      5
   ILEA0046      1      1      1      1      1      1      1      1      1      1      1
   LYSA0047      1      1      1      1      1      1      1      2      2      2      2
   PROA0048      1      1      1      1      1      1      1      1      1      1      1
   ALAA0049      1      1      1      1      1      1      1      1      1      1      1
   ILEA0050      1      1      1      1      1      1      1      1      1      1      1
   ARGA0051      1      1      1      1      1      1      1      4      6      6      6
   ASNA0052      1      1      2      2      2      2      2      2      2      2      2
   GLNA0053      1      1      2      2      2      2      2      2      2      2      2
   ILEA0054      1      1      1      1      1      1      1      1      1      1      1
   ILEA0055      1      1      1      1      1      1      1      1      1      1      1
   ARGA0056      1      1      1      1      1      1      1      4      4      4      4
   GLUA0057      1      1      1      1      1      1      1      3      5      5      5
   LEUA0058      1      1      1      1      1      1      1      1      1      1      1
   GLNA0059      1      1      2      2      2      2      2      2      2      2      2
   VALA0060      1      1      1      1      1      1      1      1      1      1      1
   LEUA0061      1      1      1      1      1      1      1      1      1      1      1
   HISA0062      1      1      2      2      2      2      2      6      6      6      6
   GLUA0063      1      1      1      1      1      1      1      3      5      5      5
   CYSA0064      1      1      1      1      1      1      1      2      4      4      4
   ASNA0065      1      1      2      2      2      2      2      2      2      2      2
   SERA0066      1      1      1      1      1      1      1      1      2      2      2
   PROA0067      1      1      1      1      1      1      1      1      1      1      1
   TYRA0068      1      1      1      1      1      1      1      2      2      2      2
   ILEA0069      1      1      1      1      1      1      1      1      1      1      1
   VALA0070      1      1      1      1      1      1      1      1      1      1      1
   GLYA0071      0      0      0      0      0      0      0      0      0      0      0
   PHEA0072      1      1      1      1      1      1      1      1      1      1      1
   TYRA0073      1      1      1      1      1      1      1      2      3      3      2
   GLYA0074      0      0      0      0      0      0      0      0      0      0      0
   ALAA0075      1      1      1      1      1      1      1      1      1      1      1
   PHEA0076      1      1      1      1      1      1      1      1      1      1      1
   TYRA0077      1      1      1      1      1      1      1      2      3      3      3
   SERA0078      1      1      1      1      1      1      1      1      2      2      2
   ASPA0079      1      1      1      1      1      1      1      3      5      5      5
   GLYA0080      0      0      0      0      0      0      0      0      0      0      0
   GLUA0081      1      1      1      1      1      1      1      3      5      5      5
   ILEA0082      1      1      1      1      1      1      1      1      1      1      1
   SERA0083      1      1      1      1      1      1      1      1      2      2      2
   ILEA0084      1      1      1      1      1      1      1      1      1      1      1
   CYSA0085      1      1      1      1      1      1      1      2      4      4      4
   META0086      1      1      1      1      1      1      1      1      1      1      1
   GLUA0087      1      1      1      1      1      1      1      3      5      5      5
   HISA0088      1      1      2      2      2      2      2      6      6      6      6
   META0089      1      1      1      1      1      1      1      1      1      1      1
   ASPA0090      1      1      1      1      1      1      1      3      5      5      5
   GLYA0091      0      0      0      0      0      0      0      0      0      0      0
   GLYA0092      0      0      0      0      0      0      0      0      0      0      0
   SERA0093      1      1      1      1      1      1      1      1      2      2      2
   LEUA0094      1      1      1      1      1      1      1      1      1      1      1
   ASPA0095      1      1      1      1      1      1      1      3      5      5      5
   GLNA0096      1      1      2      2      2      2      2      2      2      2      2
   VALA0097      1      1      1      1      1      1      1      1      1      1      1
   LEUA0098      1      1      1      1      1      1      1      1      1      1      1
   LYSA0099      1      1      1      1      1      1      1      2      2      2      2
   LYSA0100      1      1      1      1      1      1      1      2      2      2      2
   ALAA0101      1      1      1      1      1      1      1      1      1      1      1
   GLYA0102      0      0      0      0      0      0      0      0      0      0      0
   ARGA0103      1      1      1      1      1      1      1      4      4      4      4
   ILEA0104      1      1      1      1      1      1      1      1      1      1      1
   PROA0105      1      1      1      1      1      1      1      1      1      1      1
   GLUA0106      1      1      1      1      1      1      1      3      5      5      5
   GLNA0107      1      1      2      2      2      2      2      2      2      2      2
   ILEA0108      1      1      1      1      1      1      1      1      1      1      1
   LEUA0109      1      1      1      1      1      1      1      1      1      1      1
   GLYA0110      0      0      0      0      0      0      0      0      0      0      0
   LYSA0111      1      1      1      1      1      1      1      2      2      2      2
   VALA0112      1      1      1      1      1      1      1      1      1      1      1
   SERA0113      1      1      1      1      1      1      1      1      2      2      2
   ILEA0114      1      1      1      1      1      1      1      1      1      1      1
   ALAA0115      1      1      1      1      1      1      1      1      1      1      1
   VALA0116      1      1      1      1      1      1      1      1      1      1      1
   ILEA0117      1      1      1      1      1      1      1      1      1      1      1
   LYSA0118      1      1      1      1      1      1      1      2      2      2      2
   GLYA0119      0      0      0      0      0      0      0      0      0      0      0
   LEUA0120      1      1      1      1      1      1      1      1      1      1      1
   THRA0121      1      1      1      1      1      1      1      1      3      3      2
   TYRA0122      1      1      1      1      1      1      1      2      3      3      3
   LEUA0123      1      1      1      1      1      1      1      1      1      1      1
   ARGA0124      1      1      1      1      1      1      1      4      4      4      4
   GLUA0125      1      1      1      1      1      1      1      3      5      5      5
   LYSA0126      1      1      1      1      1      1      1      2      2      2      2
   HISA0127      1      1      2      2      2      2      1      3      3      3      3
   LYSA0128      1      1      1      1      1      1      1      2      2      2      2
   ILEA0129      1      1      1      1      1      1      1      1      1      1      1
   META0130      1      1      1      1      1      1      1      1      1      1      1
   HISA0131      1      1      2      2      1      1      1      3      3      3      3
   ARGA0132      1      1      1      1      1      1      1      4      4      4      4
   ASPA0133      1      1      1      1      1      1      1      3      5      5      5
   VALA0134      1      1      1      1      1      1      1      1      1      1      1
   LYSA0135      1      1      1      1      1      1      1      2      2      2      2
   PROA0136      1      1      1      1      1      1      1      1      1      1      1
   SERA0137      1      1      1      1      1      1      1      1      2      2      2
   ASNA0138      1      1      2      2      1      1      1      1      1      1      1
   ILEA0139      1      1      1      1      1      1      1      1      1      1      1
   LEUA0140      1      1      1      1      1      1      1      1      1      1      1
   VALA0141      1      1      1      1      1      1      1      1      1      1      1
   ASNA0142      1      1      2      2      2      2      1      1      1      1      1
   SERA0143      1      1      1      1      1      1      1      1      3      3      3
   ARGA0144      1      1      1      1      1      1      1      4      5      5      5
   GLYA0145      0      0      0      0      0      0      0      0      0      0      0
   GLUA0146      1      1      1      1      1      1      1      3      5      5      5
   ILEA0147      1      1      1      1      1      1      1      1      1      1      1
   LYSA0148      1      1      1      1      1      1      1      2      2      2      2
   LEUA0149      1      1      1      1      1      1      1      1      1      1      1
   CYSA0150      1      1      1      1      1      1      1      2      4      4      4
   ASPA0151      1      1      1      1      1      1      1      3      5      5      5
   PHEA0152      1      1      1      1      1      1      1      1      1      1      1
   GLYA0153      0      0      0      0      0      0      0      0      0      0      0
   VALA0154      1      1      1      1      1      1      1      1      1      1      1
   SERA0155      1      1      1      1      1      1      1      1      3      3      3
   GLYA0156      0      0      0      0      0      0      0      0      0      0      0
   GLNA0157      1      1      2      2      2      2      2      2      2      2      2
   LEUA0158      1      1      1      1      1      1      1      1      1      1      1
   ILEA0159      1      1      1      1      1      1      1      1      1      1      1
   ASPA0160      1      1      1      1      1      1      1      3      5      5      5
   GLUA0161      1      1      1      1      1      1      1      3      5      5      5
   META0162      1      1      1      1      1      1      1      1      1      1      1
   ALAA0163      1      1      1      1      1      1      1      1      1      1      1
   ASNA0164      1      1      2      2      2      2      2      2      2      2      2
   GLUA0165      1      1      1      1      1      1      1      3      5      5      5
   PHEA0166      1      1      1      1      1      1      1      1      1      1      1
   VALA0167      1      1      1      1      1      1      1      1      1      1      1
   GLYA0168      0      0      0      0      0      0      0      0      0      0      0
   THRA0169      1      1      1      1      1      1      1      1      3      3      3
   ARGA0170      1      1      1      1      1      1      1      4      5      5      5
   SERA0171      1      1      1      1      1      1      1      1      2      2      2
   TYRA0172      1      1      1      1      1      1      1      2      3      3      3
   META0173      1      1      1      1      1      1      1      1      1      1      1
   SERA0174      1      1      1      1      1      1      1      1      3      3      3
   PROA0175      1      1      1      1      1      1      1      1      1      1      1
   GLUA0176      1      1      1      1      1      1      1      3      5      5      5
   ARGA0177      1      1      1      1      1      1      1      4      4      4      4
   LEUA0178      1      1      1      1      1      1      1      1      1      1      1
   GLNA0179      1      1      2      2      2      2      2      2      2      2      2
   GLYA0180      0      0      0      0      0      0      0      0      0      0      0
   THRA0181      1      1      1      1      1      1      1      1      2      2      1
   HISA0182      1      1      2      2      2      2      2      6      6      6      6
   TYRA0183      1      1      1      1      1      1      1      2      3      3      3
   SERA0184      1      1      1      1      1      1      1      1      3      3      3
   VALA0185      1      1      1      1      1      1      1      1      1      1      1
   GLNA0186      1      1      2      2      2      2      2      2      2      2      2
   SERA0187      1      1      1      1      1      1      1      1      3      3      3
   ASPA0188      1      1      1      1      1      1      1      3      5      5      5
   ILEA0189      1      1      1      1      1      1      1      1      1      1      1
   TRPA0190      1      1      1      1      1      1      1      1      1      1      1
   SERA0191      1      1      1      1      1      1      1      1      2      2      2
   META0192      1      1      1      1      1      1      1      1      1      1      1
   GLYA0193      0      0      0      0      0      0      0      0      0      0      0
   LEUA0194      1      1      1      1      1      1      1      1      1      1      1
   SERA0195      1      1      1      1      1      1      1      1      3      3      3
   LEUA0196      1      1      1      1      1      1      1      1      1      1      1
   VALA0197      1      1      1      1      1      1      1      1      1      1      1
   GLUA0198      1      1      1      1      1      1      1      3      5      5      5
   META0199      1      1      1      1      1      1      1      1      1      1      1
   ALAA0200      1      1      1      1      1      1      1      1      1      1      1
   VALA0201      1      1      1      1      1      1      1      1      1      1      1
   GLYA0202      0      0      0      0      0      0      0      0      0      0      0
   ARGA0203      1      1      1      1      1      1      1      4      4      4      4
   TYRA0204      1      1      1      1      1      1      1      2      3      3      3
   PROA0205      1      1      1      1      1      1      1      1      1      1      1
   ARGA0206      1      1      1      1      1      1      1      4      4      4      4
   PROA0207      1      1      1      1      1      1      1      1      1      1      1
   PROA0208      1      1      1      1      1      1      1      1      1      1      1
   META0209      1      1      1      1      1      1      1      1      1      1      1
   ALAA0210      1      1      1      1      1      1      1      1      1      1      1
   ILEA0211      1      1      1      1      1      1      1      1      1      1      1
   PHEA0212      1      1      1      1      1      1      1      1      1      1      1
   GLUA0213      1      1      1      1      1      1      1      3      5      5      5
   LEUA0214      1      1      1      1      1      1      1      1      1      1      1
   LEUA0215      1      1      1      1      1      1      1      1      1      1      1
   ASPA0216      1      1      1      1      1      1      1      3      5      5      5
   TYRA0217      1      1      1      1      1      1      1      2      3      3      3
   ILEA0218      1      1      1      1      1      1      1      1      1      1      1
   VALA0219      1      1      1      1      1      1      1      1      1      1      1
   ASNA0220      1      1      2      2      2      2      2      2      2      2      2
   GLUA0221      1      1      1      1      1      1      1      3      5      5      5
   PROA0222      1      1      1      1      1      1      1      1      1      1      1
   PROA0223      1      1      1      1      1      1      1      1      1      1      1
   PROA0224      1      1      1      1      1      1      1      1      1      1      1
   LYSA0225      1      1      1      1      1      1      1      2      2      2      2
   LEUA0226      1      1      1      1      1      1      1      1      1      1      1
   PROA0227      1      1      1      1      1      1      1      1      1      1      1
   SERA0228      1      1      1      1      1      1      1      1      2      2      1
   ALAA0229      1      1      1      1      1      1      1      1      1      1      1
   VALA0230      1      1      1      1      1      1      1      1      1      1      1
   PHEA0231      1      1      1      1      1      1      1      1      1      1      1
   SERA0232      1      1      1      1      1      1      1      1      3      3      3
   LEUA0233      1      1      1      1      1      1      1      1      1      1      1
   GLUA0234      1      1      1      1      1      1      1      3      5      5      5
   PHEA0235      1      1      1      1      1      1      1      1      1      1      1
   GLNA0236      1      1      2      2      2      2      2      2      2      2      2
   ASPA0237      1      1      1      1      1      1      1      3      5      5      5
   PHEA0238      1      1      1      1      1      1      1      1      1      1      1
   VALA0239      1      1      1      1      1      1      1      1      1      1      1
   ASNA0240      1      1      2      2      2      2      2      2      2      2      2
   LYSA0241      1      1      1      1      1      1      1      2      2      2      2
   CYSA0242      1      1      1      1      1      1      1      2      4      4      4
   LEUA0243      1      1      1      1      1      1      1      1      1      1      1
   ILEA0244      1      1      1      1      1      1      1      1      1      1      1
   LYSA0245      1      1      1      1      1      1      1      2      2      2      2
   ASNA0246      1      1      2      2      2      2      2      2      2      2      2
   PROA0247      1      1      1      1      1      1      1      1      1      1      1
   ALAA0248      1      1      1      1      1      1      1      1      1      1      1
   GLUA0249      1      1      1      1      1      1      1      3      5      5      5
   ARGA0250      1      1      1      1      1      1      1      4      6      6      6
   ALAA0251      1      1      1      1      1      1      1      1      1      1      1
   ASPA0252      1      1      1      1      1      1      1      3      5      5      5
   LEUA0253      1      1      1      1      1      1      1      1      1      1      1
   LYSA0254      1      1      1      1      1      1      1      2      2      2      2
   GLNA0255      1      1      2      2      2      2      2      2      2      2      2
   LEUA0256      1      1      1      1      1      1      1      1      1      1      1
   META0257      1      1      1      1      1      1      1      1      1      1      1
   VALA0258      1      1      1      1      1      1      1      1      1      1      1
   HISA0259      1      1      2      2      1      1      1      3      3      3      3
   ALAA0260      1      1      1      1      1      1      1      1      1      1      1
   PHEA0261      1      1      1      1      1      1      1      1      1      1      1
   ILEA0262      1      1      1      1      1      1      1      1      1      1      1
   LYSA0263      1      1      1      1      1      1      1      2      2      2      2
   ARGA0264      1      1      1      1      1      1      1      4      6      6      6
   SERA0265      1      1      1      1      1      1      1      1      3      3      3
   ASPA0266      1      1      1      1      1      1      1      3      5      5      5
   ALAA0267      1      1      1      1      1      1      1      1      1      1      1
   GLUA0268      1      1      1      1      1      1      1      3      5      5      5
   GLUA0269      1      1      1      1      1      1      1      3      5      5      5
   VALA0270      1      1      1      1      1      1      1      1      1      1      1
   ASPA0271      1      1      1      1      1      1      1      3      5      5      5
   PHEA0272      1      1      1      1      1      1      1      1      1      1      1
   ALAA0273      1      1      1      1      1      1      1      1      1      1      1
   GLYA0274      0      0      0      0      0      0      0      0      0      0      0
   TRPA0275      1      1      1      1      1      1      1      1      1      1      1
   LEUA0276      1      1      1      1      1      1      1      1      1      1      1
   CYSA0277      1      1      1      1      1      1      1      2      4      4      4
   SERA0278      1      1      1      1      1      1      1      1      2      2      2
   THRA0279      1      1      1      1      1      1      1      1      2      2      2
   ILEA0280      1      1      1      1      1      1      1      1      1      1      1
   GLYA0281      0      0      0      0      0      0      0      0      0      0      0
   LEUA0282      1      1      1      1      1      1      1      1      1      1      1
   EUIB0001      1      1      1      1      1      1      2      5      8      8      8
   ACPB0002      0      0      0      0      0      0      0      0      0      0      0
   MG_B0003      0      0      0      0      0      0      0      0      0      0      0
   Total       260    260    286    286    282    282    280    448    584    584    579
