 ph              7.4   7.4   7.4   7.4   7.4
ARG01A0001_001 0.000 0.000 0.000 0.000 0.000
ARG02A0001_002 0.000 0.000 0.000 0.000 0.000
ARG03A0001_003 0.000 0.000 0.000 0.000 0.000
ARG+1A0001_004 1.000 1.000 1.000 1.000 1.000
VAL01A0002_001 1.000 1.000 1.000 1.000 1.000
ASP01A0003_001 0.000 0.000 0.000 0.000 0.000
ASP01A0003_002 0.000 0.000 0.000 0.000 0.000
ASP02A0003_003 0.000 0.000 0.000 0.000 0.000
ASP02A0003_004 0.000 0.000 0.000 0.000 0.000
ASP-1A0003_005 1.000 1.000 1.000 1.000 1.000
PHE01A0004_001 1.000 1.000 1.000 1.000 1.000
PRO01A0005_001 1.000 1.000 1.000 1.000 1.000
ARG01A0006_001 0.000 0.000 0.000 0.000 0.000
ARG02A0006_002 0.000 0.000 0.000 0.000 0.000
ARG02A0006_003 0.000 0.000 0.000 0.000 0.000
ARG03A0006_004 0.000 0.000 0.000 0.000 0.000
ARG03A0006_005 0.000 0.000 0.000 0.000 0.000
ARG+1A0006_006 1.000 1.000 1.000 1.000 1.000
SER01A0007_001 0.034 0.034 0.034 0.034 0.034
SER01A0007_002 0.966 0.966 0.966 0.966 0.966
ARG01A0008_001 0.000 0.000 0.000 0.000 0.000
ARG02A0008_002 0.000 0.000 0.000 0.000 0.000
ARG02A0008_003 0.000 0.000 0.000 0.000 0.000
ARG03A0008_004 0.000 0.000 0.000 0.000 0.000
ARG03A0008_005 0.000 0.000 0.000 0.000 0.000
ARG+1A0008_006 1.000 1.000 1.000 1.000 1.000
LEU01A0009_001 1.000 1.000 1.000 1.000 1.000
ARG01A0010_001 0.000 0.000 0.000 0.000 0.000
ARG02A0010_002 0.000 0.000 0.000 0.000 0.000
ARG03A0010_003 0.000 0.000 0.000 0.000 0.000
ARG03A0010_004 0.000 0.000 0.000 0.000 0.000
ARG+1A0010_005 1.000 1.000 1.000 1.000 1.000
PHE01A0011_001 1.000 1.000 1.000 1.000 1.000
LYS01A0012_001 0.000 0.000 0.000 0.000 0.000
LYS+1A0012_002 1.000 1.000 1.000 1.000 1.000
GLU01A0013_001 0.000 0.000 0.000 0.000 0.000
GLU01A0013_002 0.000 0.000 0.000 0.000 0.000
GLU02A0013_003 0.000 0.000 0.000 0.000 0.000
GLU02A0013_004 0.000 0.000 0.000 0.000 0.000
GLU-1A0013_005 1.000 1.000 1.000 1.000 1.000
LYS01A0014_001 0.000 0.000 0.000 0.000 0.000
LYS+1A0014_002 1.000 1.000 1.000 1.000 1.000
LEU01A0015_001 1.000 1.000 1.000 1.000 1.000
GLU01A0017_001 0.000 0.000 0.000 0.000 0.000
GLU01A0017_002 0.000 0.000 0.000 0.000 0.000
GLU02A0017_003 0.000 0.000 0.000 0.000 0.000
GLU02A0017_004 0.000 0.000 0.000 0.000 0.000
GLU-1A0017_005 1.000 1.000 1.000 1.000 1.000
GLN01A0019_001 0.990 0.990 0.990 0.990 0.990
GLN01A0019_002 0.010 0.010 0.010 0.010 0.010
PHE01A0020_001 1.000 1.000 1.000 1.000 1.000
GLU01A0022_001 0.000 0.000 0.000 0.000 0.000
GLU01A0022_002 0.000 0.000 0.000 0.000 0.000
GLU02A0022_003 0.000 0.000 0.000 0.000 0.000
GLU02A0022_004 0.001 0.002 0.001 0.000 0.001
GLU-1A0022_005 0.999 0.998 0.999 1.000 0.999
VAL01A0023_001 1.000 1.000 1.000 1.000 1.000
HIS01A0024_001 0.926 0.926 0.927 0.926 0.925
HIS02A0024_002 0.014 0.014 0.014 0.014 0.015
HIS+1A0024_003 0.060 0.059 0.059 0.059 0.060
LEU01A0025_001 1.000 1.000 1.000 1.000 1.000
CYS01A0026_001 0.340 0.339 0.339 0.340 0.339
CYS01A0026_002 0.126 0.127 0.126 0.126 0.126
CYS01A0026_003 0.534 0.534 0.534 0.534 0.536
CYS-1A0026_004 0.000 0.000 0.000 0.000 0.000
GLU01A0027_001 0.000 0.000 0.000 0.000 0.000
GLU01A0027_002 0.000 0.000 0.000 0.000 0.000
GLU02A0027_003 0.000 0.000 0.000 0.000 0.000
GLU02A0027_004 0.000 0.000 0.000 0.000 0.000
GLU-1A0027_005 1.000 1.000 1.000 1.000 1.000
VAL01A0028_001 1.000 1.000 1.000 1.000 1.000
ASP01A0029_001 0.000 0.000 0.000 0.000 0.000
ASP01A0029_002 0.000 0.000 0.000 0.000 0.000
ASP02A0029_003 0.000 0.000 0.000 0.000 0.000
ASP02A0029_004 0.000 0.000 0.000 0.000 0.000
ASP-1A0029_005 1.000 1.000 1.000 1.000 1.000
SER01A0030_001 1.000 1.000 1.000 1.000 1.000
PRO01A0031_001 1.000 1.000 1.000 1.000 1.000
GLN01A0032_001 1.000 1.000 1.000 1.000 1.000
ASP01A0033_001 0.000 0.000 0.000 0.000 0.000
ASP01A0033_002 0.000 0.000 0.000 0.000 0.000
ASP02A0033_003 0.000 0.000 0.000 0.000 0.000
ASP02A0033_004 0.000 0.000 0.000 0.000 0.000
ASP-1A0033_005 1.000 1.000 1.000 1.000 1.000
LEU01A0034_001 1.000 1.000 1.000 1.000 1.000
VAL01A0035_001 1.000 1.000 1.000 1.000 1.000
SER01A0036_001 0.021 0.022 0.021 0.021 0.022
SER01A0036_002 0.029 0.030 0.030 0.030 0.030
SER01A0036_003 0.949 0.948 0.948 0.949 0.949
LEU01A0037_001 1.000 1.000 1.000 1.000 1.000
ASP01A0038_001 0.000 0.000 0.000 0.000 0.000
ASP01A0038_002 0.000 0.000 0.000 0.000 0.000
ASP02A0038_003 0.000 0.000 0.000 0.000 0.000
ASP02A0038_004 0.001 0.000 0.001 0.001 0.000
ASP-1A0038_005 0.999 1.000 0.999 0.999 1.000
PHE01A0039_001 1.000 1.000 1.000 1.000 1.000
PRO01A0040_001 1.000 1.000 1.000 1.000 1.000
LEU01A0041_001 1.000 1.000 1.000 1.000 1.000
ASN01A0042_001 0.286 0.285 0.285 0.286 0.284
ASN01A0042_002 0.714 0.715 0.715 0.714 0.716
VAL01A0043_001 1.000 1.000 1.000 1.000 1.000
ARG01A0044_001 0.000 0.000 0.000 0.000 0.000
ARG02A0044_002 0.000 0.000 0.000 0.000 0.000
ARG03A0044_003 0.000 0.000 0.000 0.000 0.000
ARG03A0044_004 0.000 0.000 0.000 0.000 0.000
ARG+1A0044_005 1.000 1.000 1.000 1.000 1.000
LYS01A0045_001 0.006 0.006 0.007 0.007 0.007
LYS+1A0045_002 0.994 0.994 0.993 0.993 0.993
HIS01A0047_001 0.709 0.708 0.710 0.710 0.710
HIS02A0047_002 0.288 0.290 0.288 0.288 0.287
HIS+1A0047_003 0.002 0.002 0.002 0.002 0.002
PRO01A0048_001 1.000 1.000 1.000 1.000 1.000
LEU01A0049_001 1.000 1.000 1.000 1.000 1.000
LEU01A0050_001 1.000 1.000 1.000 1.000 1.000
VAL01A0051_001 1.000 1.000 1.000 1.000 1.000
ALA01A0052_001 1.000 1.000 1.000 1.000 1.000
VAL01A0053_001 1.000 1.000 1.000 1.000 1.000
LYS01A0054_001 0.000 0.000 0.000 0.000 0.000
LYS+1A0054_002 1.000 1.000 1.000 1.000 1.000
ILE01A0055_001 1.000 1.000 1.000 1.000 1.000
LEU01A0056_001 1.000 1.000 1.000 1.000 1.000
ARG01A0057_001 0.000 0.000 0.000 0.000 0.000
ARG02A0057_002 0.000 0.000 0.000 0.000 0.000
ARG02A0057_003 0.000 0.000 0.000 0.000 0.000
ARG03A0057_004 1.000 1.000 1.000 1.000 1.000
ARG03A0057_005 0.000 0.000 0.000 0.000 0.000
ARG+1A0057_006 0.000 0.000 0.000 0.000 0.000
PRO01A0058_001 1.000 1.000 1.000 1.000 1.000
ASP01A0059_001 0.000 0.000 0.000 0.000 0.000
ASP01A0059_002 0.000 0.000 0.000 0.000 0.000
ASP02A0059_003 0.000 0.000 0.000 0.000 0.000
ASP02A0059_004 0.000 0.000 0.000 0.000 0.000
ASP-1A0059_005 1.000 1.000 1.000 1.000 1.000
ALA01A0060_001 1.000 1.000 1.000 1.000 1.000
THR01A0061_001 0.027 0.027 0.027 0.027 0.027
THR01A0061_002 0.973 0.973 0.973 0.973 0.973
LYS01A0062_001 0.016 0.016 0.016 0.016 0.016
LYS+1A0062_002 0.984 0.984 0.984 0.984 0.984
ASN01A0063_001 1.000 1.000 1.000 1.000 1.000
ALA01A0064_001 1.000 1.000 1.000 1.000 1.000
ARG01A0065_001 0.000 0.000 0.000 0.000 0.000
ARG02A0065_002 0.000 0.000 0.000 0.000 0.000
ARG02A0065_003 0.000 0.000 0.000 0.000 0.000
ARG03A0065_004 0.032 0.032 0.032 0.032 0.032
ARG03A0065_005 0.000 0.000 0.000 0.000 0.000
ARG+1A0065_006 0.968 0.968 0.968 0.968 0.968
ASN01A0066_001 0.947 0.947 0.947 0.947 0.947
ASN01A0066_002 0.053 0.053 0.053 0.053 0.053
ASP01A0067_001 0.000 0.000 0.000 0.000 0.000
ASP01A0067_002 0.000 0.000 0.000 0.000 0.000
ASP02A0067_003 0.000 0.000 0.000 0.000 0.000
ASP02A0067_004 0.000 0.000 0.000 0.000 0.000
ASP-1A0067_005 1.000 1.000 1.000 1.000 1.000
PHE01A0068_001 1.000 1.000 1.000 1.000 1.000
LEU01A0069_001 1.000 1.000 1.000 1.000 1.000
LYS01A0070_001 0.009 0.009 0.009 0.009 0.009
LYS+1A0070_002 0.991 0.991 0.991 0.991 0.991
GLU01A0071_001 0.000 0.000 0.000 0.000 0.000
GLU01A0071_002 0.000 0.000 0.000 0.000 0.000
GLU02A0071_003 0.000 0.000 0.000 0.000 0.000
GLU02A0071_004 0.000 0.000 0.000 0.000 0.000
GLU-1A0071_005 1.000 1.000 1.000 1.000 1.000
VAL01A0072_001 1.000 1.000 1.000 1.000 1.000
LYS01A0073_001 0.010 0.010 0.010 0.010 0.009
LYS+1A0073_002 0.990 0.990 0.990 0.990 0.991
ILE01A0074_001 1.000 1.000 1.000 1.000 1.000
MET01A0075_001 1.000 1.000 1.000 1.000 1.000
SER01A0076_001 0.924 0.924 0.924 0.923 0.923
SER01A0076_002 0.076 0.076 0.076 0.077 0.077
ARG01A0077_001 0.000 0.000 0.000 0.000 0.000
ARG02A0077_002 0.000 0.000 0.000 0.000 0.000
ARG03A0077_003 0.000 0.000 0.000 0.000 0.000
ARG+1A0077_004 1.000 1.000 1.000 1.000 1.000
LEU01A0078_001 1.000 1.000 1.000 1.000 1.000
LYS01A0079_001 0.000 0.001 0.000 0.001 0.000
LYS+1A0079_002 1.000 0.999 1.000 0.999 1.000
ASP01A0080_001 0.000 0.000 0.000 0.000 0.000
ASP01A0080_002 0.000 0.000 0.000 0.000 0.000
ASP02A0080_003 0.000 0.000 0.000 0.000 0.000
ASP02A0080_004 0.000 0.000 0.000 0.000 0.000
ASP-1A0080_005 1.000 1.000 1.000 1.000 1.000
PRO01A0081_001 1.000 1.000 1.000 1.000 1.000
ASN01A0082_001 0.951 0.951 0.952 0.950 0.952
ASN01A0082_002 0.049 0.049 0.048 0.050 0.048
ILE01A0083_001 1.000 1.000 1.000 1.000 1.000
ILE01A0084_001 1.000 1.000 1.000 1.000 1.000
ARG01A0085_001 0.000 0.000 0.000 0.000 0.000
ARG02A0085_002 0.000 0.000 0.000 0.000 0.000
ARG03A0085_003 0.000 0.000 0.000 0.000 0.000
ARG+1A0085_004 1.000 1.000 1.000 1.000 1.000
LEU01A0086_001 1.000 1.000 1.000 1.000 1.000
LEU01A0087_001 1.000 1.000 1.000 1.000 1.000
VAL01A0089_001 1.000 1.000 1.000 1.000 1.000
CYS01A0090_001 0.806 0.807 0.807 0.805 0.807
CYS01A0090_002 0.087 0.087 0.087 0.088 0.087
CYS01A0090_003 0.107 0.106 0.106 0.107 0.107
CYS-1A0090_004 0.000 0.000 0.000 0.000 0.000
VAL01A0091_001 1.000 1.000 1.000 1.000 1.000
GLN01A0092_001 0.643 0.645 0.644 0.643 0.644
GLN01A0092_002 0.357 0.355 0.356 0.357 0.356
ASP01A0093_001 0.000 0.000 0.000 0.000 0.000
ASP01A0093_002 0.000 0.000 0.000 0.000 0.000
ASP02A0093_003 0.000 0.000 0.000 0.000 0.000
ASP02A0093_004 0.000 0.000 0.000 0.000 0.000
ASP-1A0093_005 1.000 1.000 1.000 1.000 1.000
ASP01A0094_001 0.000 0.000 0.000 0.000 0.000
ASP01A0094_002 0.000 0.000 0.000 0.000 0.000
ASP02A0094_003 0.000 0.000 0.000 0.000 0.000
ASP02A0094_004 0.000 0.000 0.000 0.000 0.000
ASP-1A0094_005 1.000 1.000 1.000 1.000 1.000
PRO01A0095_001 1.000 1.000 1.000 1.000 1.000
LEU01A0096_001 1.000 1.000 1.000 1.000 1.000
CYS01A0097_001 0.291 0.290 0.291 0.290 0.290
CYS01A0097_002 0.322 0.323 0.323 0.322 0.323
CYS01A0097_003 0.387 0.387 0.386 0.388 0.387
CYS-1A0097_004 0.000 0.000 0.000 0.000 0.000
MET01A0098_001 1.000 1.000 1.000 1.000 1.000
ILE01A0099_001 1.000 1.000 1.000 1.000 1.000
THR01A0100_001 0.004 0.004 0.004 0.004 0.004
THR01A0100_002 0.996 0.996 0.996 0.996 0.996
ASP01A0101_001 0.000 0.000 0.000 0.000 0.000
ASP01A0101_002 0.000 0.000 0.000 0.000 0.000
ASP02A0101_003 0.000 0.000 0.000 0.000 0.000
ASP02A0101_004 0.000 0.000 0.000 0.000 0.000
ASP-1A0101_005 1.000 1.000 1.000 1.000 1.000
TYR01A0102_001 1.000 1.000 1.000 1.000 1.000
TYR-1A0102_002 0.000 0.000 0.000 0.000 0.000
MET01A0103_001 1.000 1.000 1.000 1.000 1.000
GLU01A0104_001 0.000 0.000 0.000 0.000 0.000
GLU01A0104_002 0.000 0.000 0.000 0.000 0.000
GLU02A0104_003 0.000 0.000 0.000 0.000 0.000
GLU02A0104_004 0.000 0.000 0.000 0.000 0.000
GLU-1A0104_005 1.000 1.000 1.000 1.000 1.000
ASN01A0105_001 0.723 0.724 0.723 0.724 0.723
ASN01A0105_002 0.277 0.276 0.277 0.276 0.277
ASP01A0107_001 0.000 0.000 0.000 0.000 0.000
ASP01A0107_002 0.000 0.000 0.000 0.000 0.000
ASP02A0107_003 0.000 0.000 0.000 0.000 0.000
ASP02A0107_004 0.000 0.000 0.000 0.000 0.000
ASP-1A0107_005 1.000 1.000 1.000 1.000 1.000
LEU01A0108_001 1.000 1.000 1.000 1.000 1.000
ASN01A0109_001 0.930 0.930 0.930 0.930 0.930
ASN01A0109_002 0.070 0.070 0.070 0.070 0.070
GLN01A0110_001 0.934 0.935 0.935 0.935 0.934
GLN01A0110_002 0.066 0.065 0.065 0.065 0.066
PHE01A0111_001 1.000 1.000 1.000 1.000 1.000
LEU01A0112_001 1.000 1.000 1.000 1.000 1.000
SER01A0113_001 0.070 0.070 0.069 0.069 0.070
SER01A0113_002 0.930 0.930 0.931 0.931 0.930
ALA01A0114_001 1.000 1.000 1.000 1.000 1.000
HIS01A0115_001 0.004 0.004 0.004 0.005 0.004
HIS02A0115_002 0.911 0.912 0.913 0.911 0.912
HIS+1A0115_003 0.085 0.084 0.083 0.084 0.084
GLN01A0116_001 0.057 0.057 0.057 0.057 0.057
GLN01A0116_002 0.943 0.943 0.943 0.943 0.943
LEU01A0117_001 1.000 1.000 1.000 1.000 1.000
GLU01A0118_001 0.000 0.000 0.000 0.000 0.000
GLU01A0118_002 0.000 0.000 0.000 0.000 0.000
GLU02A0118_003 0.000 0.000 0.000 0.000 0.000
GLU02A0118_004 0.000 0.000 0.000 0.003 0.000
GLU-1A0118_005 1.000 1.000 1.000 0.997 1.000
ASP01A0119_001 0.000 0.000 0.000 0.000 0.000
ASP01A0119_002 0.000 0.000 0.000 0.000 0.000
ASP02A0119_003 0.000 0.000 0.000 0.000 0.000
ASP02A0119_004 0.000 0.000 0.000 0.000 0.000
ASP-1A0119_005 1.000 1.000 1.000 1.000 1.000
LYS01A0120_001 1.000 1.000 1.000 1.000 1.000
LYS+1A0120_002 0.000 0.000 0.000 0.000 0.000
ALA01A0121_001 1.000 1.000 1.000 1.000 1.000
ALA01A0122_001 1.000 1.000 1.000 1.000 1.000
GLU01A0123_001 0.000 0.000 0.000 0.000 0.000
GLU01A0123_002 0.000 0.000 0.000 0.000 0.000
GLU02A0123_003 0.000 0.000 0.000 0.000 0.000
GLU02A0123_004 0.000 0.000 0.000 0.000 0.000
GLU-1A0123_005 1.000 1.000 1.000 1.000 1.000
ALA01A0125_001 1.000 1.000 1.000 1.000 1.000
PRO01A0126_001 1.000 1.000 1.000 1.000 1.000
ASP01A0128_001 0.000 0.000 0.000 0.000 0.000
ASP01A0128_002 0.000 0.000 0.000 0.000 0.000
ASP02A0128_003 0.000 0.000 0.000 0.000 0.000
ASP02A0128_004 0.002 0.002 0.000 0.000 0.000
ASP-1A0128_005 0.998 0.998 1.000 1.000 1.000
GLN01A0130_001 0.000 0.000 0.000 0.000 0.000
GLN01A0130_002 1.000 1.000 1.000 1.000 1.000
ALA01A0131_001 1.000 1.000 1.000 1.000 1.000
ALA01A0132_001 1.000 1.000 1.000 1.000 1.000
GLN01A0133_001 0.783 0.784 0.783 0.783 0.781
GLN01A0133_002 0.217 0.216 0.217 0.217 0.219
PRO01A0135_001 1.000 1.000 1.000 1.000 1.000
THR01A0136_001 0.134 0.135 0.134 0.133 0.134
THR01A0136_002 0.866 0.865 0.866 0.867 0.866
ILE01A0137_001 1.000 1.000 1.000 1.000 1.000
SER01A0138_001 0.042 0.042 0.042 0.042 0.042
SER01A0138_002 0.000 0.000 0.000 0.000 0.000
SER01A0138_003 0.958 0.958 0.958 0.958 0.958
TYR01A0139_001 0.291 0.293 0.292 0.292 0.292
TYR01A0139_002 0.709 0.707 0.708 0.708 0.708
TYR-1A0139_003 0.000 0.000 0.000 0.000 0.000
PRO01A0140_001 1.000 1.000 1.000 1.000 1.000
MET01A0141_001 1.000 1.000 1.000 1.000 1.000
LEU01A0142_001 1.000 1.000 1.000 1.000 1.000
LEU01A0143_001 1.000 1.000 1.000 1.000 1.000
HIS01A0144_001 0.243 0.242 0.242 0.242 0.241
HIS01A0144_002 0.147 0.147 0.148 0.146 0.147
HIS02A0144_003 0.349 0.349 0.349 0.349 0.349
HIS02A0144_004 0.196 0.197 0.197 0.197 0.199
HIS+1A0144_005 0.052 0.053 0.052 0.053 0.052
HIS+1A0144_006 0.012 0.012 0.012 0.012 0.012
VAL01A0145_001 1.000 1.000 1.000 1.000 1.000
ALA01A0146_001 1.000 1.000 1.000 1.000 1.000
ALA01A0147_001 1.000 1.000 1.000 1.000 1.000
GLN01A0148_001 1.000 1.000 1.000 1.000 1.000
GLN01A0148_002 0.000 0.000 0.000 0.000 0.000
ILE01A0149_001 1.000 1.000 1.000 1.000 1.000
ALA01A0150_001 1.000 1.000 1.000 1.000 1.000
SER01A0151_001 0.102 0.102 0.102 0.102 0.102
SER01A0151_002 0.012 0.012 0.012 0.011 0.011
SER01A0151_003 0.886 0.887 0.886 0.887 0.887
MET01A0153_001 1.000 1.000 1.000 1.000 1.000
ARG01A0154_001 0.000 0.000 0.000 0.000 0.000
ARG02A0154_002 0.000 0.000 0.000 0.000 0.000
ARG03A0154_003 0.000 0.000 0.000 0.000 0.000
ARG+1A0154_004 1.000 1.000 1.000 1.000 1.000
TYR01A0155_001 1.000 1.000 1.000 1.000 1.000
TYR-1A0155_002 0.000 0.000 0.000 0.000 0.000
LEU01A0156_001 1.000 1.000 1.000 1.000 1.000
ALA01A0157_001 1.000 1.000 1.000 1.000 1.000
THR01A0158_001 1.000 1.000 1.000 1.000 1.000
LEU01A0159_001 1.000 1.000 1.000 1.000 1.000
ASN01A0160_001 0.362 0.360 0.363 0.362 0.361
ASN01A0160_002 0.638 0.640 0.637 0.638 0.639
PHE01A0161_001 1.000 1.000 1.000 1.000 1.000
VAL01A0162_001 1.000 1.000 1.000 1.000 1.000
HIS01A0163_001 1.000 1.000 1.000 1.000 1.000
HIS02A0163_002 0.000 0.000 0.000 0.000 0.000
HIS+1A0163_003 0.000 0.000 0.000 0.000 0.000
ARG01A0164_001 0.000 0.000 0.000 0.000 0.000
ARG02A0164_002 0.000 0.000 0.000 0.000 0.000
ARG03A0164_003 0.000 0.000 0.000 0.000 0.000
ARG+1A0164_004 1.000 1.000 1.000 1.000 1.000
ASP01A0165_001 0.000 0.000 0.000 0.000 0.000
ASP01A0165_002 0.000 0.000 0.000 0.000 0.000
ASP02A0165_003 0.000 0.000 0.000 0.000 0.000
ASP02A0165_004 0.000 0.000 0.000 0.000 0.000
ASP-1A0165_005 1.000 1.000 1.000 1.000 1.000
LEU01A0166_001 1.000 1.000 1.000 1.000 1.000
ALA01A0167_001 1.000 1.000 1.000 1.000 1.000
THR01A0168_001 0.993 0.993 0.993 0.993 0.993
THR01A0168_002 0.000 0.000 0.000 0.000 0.000
THR01A0168_003 0.007 0.007 0.007 0.007 0.007
ARG01A0169_001 0.000 0.000 0.000 0.000 0.000
ARG02A0169_002 0.000 0.000 0.000 0.000 0.000
ARG02A0169_003 0.000 0.000 0.000 0.000 0.000
ARG03A0169_004 0.000 0.000 0.000 0.000 0.000
ARG03A0169_005 0.000 0.000 0.000 0.000 0.000
ARG+1A0169_006 1.000 1.000 1.000 1.000 1.000
ASN01A0170_001 1.000 1.000 1.000 1.000 1.000
ASN01A0170_002 0.000 0.000 0.000 0.000 0.000
CYS01A0171_001 0.172 0.171 0.173 0.172 0.172
CYS01A0171_002 0.607 0.608 0.606 0.607 0.607
CYS01A0171_003 0.222 0.222 0.221 0.220 0.222
CYS-1A0171_004 0.000 0.000 0.000 0.000 0.000
LEU01A0172_001 1.000 1.000 1.000 1.000 1.000
VAL01A0173_001 1.000 1.000 1.000 1.000 1.000
GLU01A0175_001 0.000 0.000 0.000 0.000 0.000
GLU01A0175_002 0.002 0.002 0.002 0.002 0.002
GLU02A0175_003 0.000 0.000 0.000 0.000 0.000
GLU02A0175_004 0.003 0.003 0.003 0.003 0.002
GLU-1A0175_005 0.995 0.996 0.995 0.995 0.996
ASN01A0176_001 0.538 0.540 0.537 0.537 0.539
ASN01A0176_002 0.462 0.460 0.463 0.463 0.461
PHE01A0177_001 1.000 1.000 1.000 1.000 1.000
THR01A0178_001 0.363 0.362 0.362 0.362 0.361
THR01A0178_002 0.637 0.638 0.638 0.638 0.639
ILE01A0179_001 1.000 1.000 1.000 1.000 1.000
LYS01A0180_001 0.000 0.000 0.000 0.000 0.000
LYS+1A0180_002 1.000 1.000 1.000 1.000 1.000
ILE01A0181_001 1.000 1.000 1.000 1.000 1.000
ALA01A0182_001 1.000 1.000 1.000 1.000 1.000
ASP01A0183_001 0.000 0.000 0.000 0.000 0.000
ASP01A0183_002 0.000 0.000 0.000 0.000 0.000
ASP02A0183_003 0.000 0.000 0.000 0.000 0.000
ASP02A0183_004 0.000 0.000 0.000 0.000 0.000
ASP-1A0183_005 1.000 1.000 1.000 1.000 1.000
PHE01A0184_001 1.000 1.000 1.000 1.000 1.000
MET01A0186_001 1.000 1.000 1.000 1.000 1.000
SER01A0187_001 0.959 0.958 0.958 0.959 0.958
SER01A0187_002 0.021 0.021 0.022 0.021 0.021
SER01A0187_003 0.020 0.021 0.021 0.020 0.020
ARG01A0188_001 0.000 0.000 0.000 0.000 0.000
ARG02A0188_002 0.000 0.000 0.000 0.000 0.000
ARG02A0188_003 0.000 0.000 0.000 0.000 0.000
ARG03A0188_004 0.000 0.000 0.000 0.000 0.000
ARG03A0188_005 0.000 0.000 0.000 0.000 0.000
ARG+1A0188_006 1.000 1.000 1.000 1.000 1.000
ASN01A0189_001 1.000 1.000 1.000 1.000 1.000
LEU01A0190_001 1.000 1.000 1.000 1.000 1.000
TYR01A0191_001 0.000 0.000 0.000 0.000 0.000
TYR01A0191_002 1.000 1.000 1.000 1.000 1.000
TYR-1A0191_003 0.000 0.000 0.000 0.000 0.000
ALA01A0192_001 1.000 1.000 1.000 1.000 1.000
ASP01A0194_001 0.000 0.000 0.000 0.000 0.000
ASP01A0194_002 0.000 0.000 0.000 0.000 0.000
ASP02A0194_003 0.000 0.000 0.000 0.000 0.000
ASP02A0194_004 0.000 0.000 0.000 0.000 0.000
ASP-1A0194_005 1.000 1.000 1.000 1.000 1.000
TYR01A0195_001 0.000 0.000 0.000 0.000 0.000
TYR01A0195_002 1.000 1.000 1.000 1.000 1.000
TYR-1A0195_003 0.000 0.000 0.000 0.000 0.000
TYR01A0196_001 0.509 0.509 0.508 0.509 0.508
TYR01A0196_002 0.491 0.491 0.492 0.491 0.492
TYR-1A0196_003 0.000 0.000 0.000 0.000 0.000
ARG01A0197_001 0.000 0.000 0.000 0.000 0.000
ARG02A0197_002 0.000 0.000 0.000 0.000 0.000
ARG02A0197_003 0.000 0.000 0.000 0.000 0.000
ARG03A0197_004 0.000 0.000 0.000 0.000 0.000
ARG03A0197_005 0.000 0.000 0.000 0.000 0.000
ARG+1A0197_006 1.000 1.000 1.000 1.000 1.000
VAL01A0198_001 1.000 1.000 1.000 1.000 1.000
GLN01A0199_001 1.000 1.000 1.000 1.000 1.000
GLN01A0199_002 0.000 0.000 0.000 0.000 0.000
ARG01A0201_001 0.000 0.000 0.000 0.000 0.000
ARG02A0201_002 0.000 0.000 0.000 0.000 0.000
ARG03A0201_003 0.000 0.000 0.000 0.000 0.000
ARG03A0201_004 0.000 0.000 0.000 0.000 0.000
ARG+1A0201_005 1.000 1.000 1.000 1.000 1.000
ALA01A0202_001 1.000 1.000 1.000 1.000 1.000
VAL01A0203_001 1.000 1.000 1.000 1.000 1.000
LEU01A0204_001 1.000 1.000 1.000 1.000 1.000
PRO01A0205_001 1.000 1.000 1.000 1.000 1.000
ILE01A0206_001 1.000 1.000 1.000 1.000 1.000
ARG01A0207_001 0.000 0.000 0.000 0.000 0.000
ARG02A0207_002 0.000 0.000 0.000 0.000 0.000
ARG03A0207_003 0.000 0.000 0.000 0.000 0.000
ARG03A0207_004 0.000 0.000 0.000 0.000 0.000
ARG+1A0207_005 1.000 1.000 1.000 1.000 1.000
TRP01A0208_001 1.000 1.000 1.000 1.000 1.000
MET01A0209_001 1.000 1.000 1.000 1.000 1.000
ALA01A0210_001 1.000 1.000 1.000 1.000 1.000
TRP01A0211_001 1.000 1.000 1.000 1.000 1.000
GLU01A0212_001 0.000 0.000 0.000 0.000 0.000
GLU01A0212_002 0.000 0.000 0.000 0.000 0.000
GLU02A0212_003 0.000 0.000 0.000 0.000 0.000
GLU02A0212_004 0.000 0.000 0.000 0.000 0.000
GLU-1A0212_005 1.000 1.000 1.000 1.000 1.000
CYS01A0213_001 0.685 0.685 0.682 0.684 0.683
CYS01A0213_002 0.120 0.120 0.121 0.122 0.121
CYS01A0213_003 0.194 0.195 0.197 0.194 0.196
CYS-1A0213_004 0.000 0.000 0.000 0.000 0.000
ILE01A0214_001 1.000 1.000 1.000 1.000 1.000
LEU01A0215_001 1.000 1.000 1.000 1.000 1.000
MET01A0216_001 1.000 1.000 1.000 1.000 1.000
LYS01A0218_001 0.000 0.000 0.000 0.000 0.000
LYS+1A0218_002 1.000 1.000 1.000 1.000 1.000
PHE01A0219_001 1.000 1.000 1.000 1.000 1.000
THR01A0220_001 1.000 1.000 1.000 1.000 1.000
THR01A0221_001 1.000 1.000 1.000 1.000 1.000
ALA01A0222_001 1.000 1.000 1.000 1.000 1.000
SER01A0223_001 0.000 0.000 0.000 0.000 0.000
SER01A0223_002 0.959 0.959 0.959 0.959 0.959
SER01A0223_003 0.041 0.041 0.041 0.041 0.041
ASP01A0224_001 0.000 0.000 0.000 0.000 0.000
ASP01A0224_002 0.000 0.000 0.000 0.000 0.000
ASP02A0224_003 0.000 0.000 0.000 0.000 0.000
ASP02A0224_004 0.000 0.000 0.000 0.000 0.000
ASP-1A0224_005 1.000 1.000 1.000 1.000 1.000
VAL01A0225_001 1.000 1.000 1.000 1.000 1.000
TRP01A0226_001 1.000 1.000 1.000 1.000 1.000
ALA01A0227_001 1.000 1.000 1.000 1.000 1.000
PHE01A0228_001 1.000 1.000 1.000 1.000 1.000
VAL01A0230_001 1.000 1.000 1.000 1.000 1.000
THR01A0231_001 0.066 0.066 0.067 0.066 0.066
THR01A0231_002 0.918 0.917 0.917 0.918 0.919
THR01A0231_003 0.016 0.017 0.016 0.016 0.016
LEU01A0232_001 1.000 1.000 1.000 1.000 1.000
TRP01A0233_001 1.000 1.000 1.000 1.000 1.000
GLU01A0234_001 0.000 0.000 0.000 0.000 0.000
GLU01A0234_002 0.000 0.000 0.000 0.000 0.000
GLU02A0234_003 0.000 0.000 0.000 0.000 0.000
GLU02A0234_004 0.000 0.000 0.000 0.000 0.000
GLU-1A0234_005 1.000 1.000 1.000 1.000 1.000
VAL01A0235_001 1.000 1.000 1.000 1.000 1.000
LEU01A0236_001 1.000 1.000 1.000 1.000 1.000
MET01A0237_001 1.000 1.000 1.000 1.000 1.000
LEU01A0238_001 1.000 1.000 1.000 1.000 1.000
CYS01A0239_001 0.587 0.587 0.589 0.586 0.587
CYS01A0239_002 0.118 0.120 0.118 0.118 0.118
CYS01A0239_003 0.294 0.293 0.293 0.296 0.295
CYS-1A0239_004 0.000 0.000 0.000 0.000 0.000
ARG01A0240_001 0.000 0.000 0.000 0.000 0.000
ARG02A0240_002 0.000 0.000 0.000 0.000 0.000
ARG03A0240_003 0.000 0.000 0.000 0.000 0.000
ARG03A0240_004 0.000 0.000 0.000 0.000 0.000
ARG+1A0240_005 1.000 1.000 1.000 1.000 1.000
ALA01A0241_001 1.000 1.000 1.000 1.000 1.000
GLN01A0242_001 0.993 0.992 0.992 0.992 0.993
GLN01A0242_002 0.007 0.008 0.008 0.008 0.007
PRO01A0243_001 1.000 1.000 1.000 1.000 1.000
PHE01A0244_001 1.000 1.000 1.000 1.000 1.000
GLN01A0246_001 1.000 1.000 1.000 1.000 1.000
LEU01A0247_001 1.000 1.000 1.000 1.000 1.000
THR01A0248_001 0.019 0.020 0.019 0.019 0.019
THR01A0248_002 0.000 0.000 0.000 0.000 0.000
THR01A0248_003 0.981 0.980 0.981 0.981 0.981
ASP01A0249_001 0.000 0.000 0.000 0.000 0.000
ASP01A0249_002 0.000 0.000 0.000 0.000 0.000
ASP02A0249_003 0.000 0.000 0.000 0.000 0.000
ASP02A0249_004 0.000 0.000 0.000 0.000 0.000
ASP-1A0249_005 1.000 1.000 1.000 1.000 1.000
GLU01A0250_001 0.000 0.000 0.000 0.000 0.000
GLU01A0250_002 0.000 0.000 0.000 0.000 0.000
GLU02A0250_003 0.000 0.000 0.000 0.000 0.000
GLU02A0250_004 0.000 0.000 0.000 0.000 0.000
GLU-1A0250_005 1.000 1.000 1.000 1.000 1.000
GLN01A0251_001 1.000 1.000 1.000 1.000 1.000
GLN01A0251_002 0.000 0.000 0.000 0.000 0.000
VAL01A0252_001 1.000 1.000 1.000 1.000 1.000
ILE01A0253_001 1.000 1.000 1.000 1.000 1.000
GLU01A0254_001 0.000 0.000 0.000 0.000 0.000
GLU01A0254_002 0.000 0.000 0.000 0.000 0.000
GLU02A0254_003 0.000 0.000 0.000 0.000 0.000
GLU02A0254_004 0.000 0.000 0.000 0.000 0.000
GLU-1A0254_005 1.000 1.000 1.000 1.000 1.000
ASN01A0255_001 1.000 1.000 1.000 1.000 1.000
ALA01A0256_001 1.000 1.000 1.000 1.000 1.000
GLU01A0258_001 0.000 0.000 0.000 0.000 0.000
GLU01A0258_002 0.000 0.000 0.000 0.000 0.000
GLU02A0258_003 0.018 0.017 0.018 0.017 0.017
GLU02A0258_004 0.479 0.480 0.477 0.478 0.481
GLU-1A0258_005 0.503 0.503 0.506 0.505 0.502
PHE01A0259_001 1.000 1.000 1.000 1.000 1.000
PHE01A0260_001 1.000 1.000 1.000 1.000 1.000
ARG01A0261_001 0.000 0.000 0.000 0.000 0.000
ARG02A0261_002 0.000 0.000 0.000 0.000 0.000
ARG02A0261_003 0.000 0.000 0.000 0.000 0.000
ARG03A0261_004 1.000 1.000 1.000 1.000 1.000
ARG03A0261_005 0.000 0.000 0.000 0.000 0.000
ARG+1A0261_006 0.000 0.000 0.000 0.000 0.000
ASP01A0262_001 0.000 0.000 0.000 0.000 0.000
ASP01A0262_002 0.000 0.000 0.000 0.000 0.000
ASP02A0262_003 0.000 0.000 0.000 0.000 0.000
ASP02A0262_004 0.000 0.000 0.000 0.000 0.000
ASP-1A0262_005 1.000 1.000 1.000 1.000 1.000
GLN01A0263_001 1.000 1.000 1.000 1.000 1.000
ARG01A0265_001 0.000 0.000 0.000 0.000 0.000
ARG02A0265_002 1.000 1.000 1.000 1.000 1.000
ARG02A0265_003 0.000 0.000 0.000 0.000 0.000
ARG03A0265_004 0.000 0.000 0.000 0.000 0.000
ARG03A0265_005 0.000 0.000 0.000 0.000 0.000
ARG+1A0265_006 0.000 0.000 0.000 0.000 0.000
GLN01A0266_001 1.000 1.000 1.000 1.000 1.000
GLN01A0266_002 0.000 0.000 0.000 0.000 0.000
VAL01A0267_001 1.000 1.000 1.000 1.000 1.000
TYR01A0268_001 0.997 0.997 0.997 0.997 0.997
TYR-1A0268_002 0.003 0.003 0.003 0.003 0.003
LEU01A0269_001 1.000 1.000 1.000 1.000 1.000
SER01A0270_001 1.000 1.000 1.000 1.000 1.000
ARG01A0271_001 0.000 0.000 0.000 0.000 0.000
ARG02A0271_002 0.000 0.000 0.000 0.000 0.000
ARG02A0271_003 0.000 0.000 0.000 0.000 0.000
ARG03A0271_004 0.000 0.000 0.000 0.000 0.000
ARG+1A0271_005 1.000 1.000 1.000 1.000 1.000
PRO01A0272_001 1.000 1.000 1.000 1.000 1.000
PRO01A0273_001 1.000 1.000 1.000 1.000 1.000
ALA01A0274_001 1.000 1.000 1.000 1.000 1.000
CYS01A0275_001 0.297 0.297 0.296 0.296 0.296
CYS01A0275_002 0.350 0.348 0.348 0.347 0.349
CYS01A0275_003 0.353 0.355 0.356 0.356 0.355
CYS-1A0275_004 0.000 0.000 0.000 0.000 0.000
PRO01A0276_001 1.000 1.000 1.000 1.000 1.000
GLN01A0277_001 0.995 0.995 0.995 0.995 0.995
GLN01A0277_002 0.005 0.005 0.005 0.005 0.005
LEU01A0279_001 1.000 1.000 1.000 1.000 1.000
TYR01A0280_001 0.993 0.992 0.992 0.992 0.992
TYR01A0280_002 0.007 0.008 0.008 0.008 0.008
TYR-1A0280_003 0.000 0.000 0.000 0.000 0.000
GLU01A0281_001 0.000 0.000 0.000 0.000 0.000
GLU01A0281_002 0.000 0.000 0.000 0.000 0.000
GLU02A0281_003 0.000 0.000 0.000 0.000 0.000
GLU02A0281_004 0.000 0.000 0.000 0.000 0.000
GLU-1A0281_005 1.000 1.000 1.000 1.000 1.000
LEU01A0282_001 1.000 1.000 1.000 1.000 1.000
MET01A0283_001 1.000 1.000 1.000 1.000 1.000
LEU01A0284_001 1.000 1.000 1.000 1.000 1.000
ARG01A0285_001 0.000 0.000 0.000 0.000 0.000
ARG02A0285_002 0.000 0.000 0.000 0.000 0.000
ARG03A0285_003 0.000 0.000 0.000 0.000 0.000
ARG+1A0285_004 1.000 1.000 1.000 1.000 1.000
CYS01A0286_001 0.260 0.260 0.261 0.262 0.260
CYS01A0286_002 0.486 0.485 0.484 0.486 0.485
CYS01A0286_003 0.254 0.255 0.255 0.252 0.254
CYS-1A0286_004 0.000 0.000 0.000 0.000 0.000
TRP01A0287_001 1.000 1.000 1.000 1.000 1.000
SER01A0288_001 0.110 0.111 0.111 0.110 0.111
SER01A0288_002 0.890 0.889 0.889 0.890 0.889
ARG01A0289_001 0.000 0.000 0.000 0.000 0.000
ARG02A0289_002 0.000 0.000 0.000 0.000 0.000
ARG02A0289_003 0.000 0.000 0.000 0.000 0.000
ARG03A0289_004 0.000 0.000 0.000 0.000 0.000
ARG03A0289_005 0.000 0.000 0.000 0.000 0.000
ARG+1A0289_006 1.000 1.000 1.000 1.000 1.000
GLU01A0290_001 0.000 0.000 0.000 0.000 0.000
GLU01A0290_002 0.000 0.000 0.000 0.000 0.000
GLU02A0290_003 0.000 0.000 0.000 0.000 0.000
GLU02A0290_004 0.000 0.000 0.000 0.000 0.000
GLU-1A0290_005 1.000 1.000 1.000 1.000 1.000
SER01A0291_001 1.000 1.000 1.000 1.000 1.000
GLU01A0292_001 0.000 0.000 0.000 0.000 0.000
GLU01A0292_002 0.000 0.000 0.000 0.000 0.000
GLU02A0292_003 0.000 0.000 0.000 0.000 0.000
GLU02A0292_004 0.000 0.000 0.000 0.000 0.000
GLU-1A0292_005 1.000 1.000 1.000 1.000 1.000
GLN01A0293_001 0.743 0.743 0.744 0.744 0.742
GLN01A0293_002 0.257 0.257 0.256 0.256 0.258
ARG01A0294_001 0.000 0.000 0.000 0.000 0.000
ARG02A0294_002 0.000 0.000 0.000 0.000 0.000
ARG02A0294_003 0.000 0.000 0.000 0.000 0.000
ARG03A0294_004 0.000 0.000 0.000 0.000 0.000
ARG03A0294_005 0.000 0.000 0.000 0.000 0.000
ARG+1A0294_006 1.000 1.000 1.000 1.000 1.000
PRO01A0295_001 1.000 1.000 1.000 1.000 1.000
PRO01A0296_001 1.000 1.000 1.000 1.000 1.000
PHE01A0297_001 1.000 1.000 1.000 1.000 1.000
SER01A0298_001 1.000 1.000 1.000 1.000 1.000
GLN01A0299_001 0.309 0.309 0.308 0.310 0.310
GLN01A0299_002 0.691 0.691 0.692 0.690 0.690
LEU01A0300_001 1.000 1.000 1.000 1.000 1.000
HIS01A0301_001 0.000 0.000 0.000 0.000 0.000
HIS01A0301_002 0.069 0.069 0.070 0.069 0.068
HIS02A0301_003 0.000 0.000 0.000 0.000 0.000
HIS02A0301_004 0.925 0.924 0.923 0.924 0.925
HIS+1A0301_005 0.000 0.000 0.000 0.000 0.000
HIS+1A0301_006 0.006 0.007 0.007 0.007 0.007
ARG01A0302_001 0.000 0.000 0.000 0.000 0.000
ARG02A0302_002 0.000 0.000 0.000 0.000 0.000
ARG03A0302_003 0.000 0.000 0.000 0.000 0.000
ARG03A0302_004 0.000 0.000 0.000 0.000 0.000
ARG+1A0302_005 1.000 1.000 1.000 1.000 1.000
PHE01A0303_001 1.000 1.000 1.000 1.000 1.000
LEU01A0304_001 1.000 1.000 1.000 1.000 1.000
ALA01A0305_001 1.000 1.000 1.000 1.000 1.000
GLU01A0306_001 0.000 0.000 0.000 0.000 0.000
GLU01A0306_002 0.000 0.000 0.000 0.000 0.000
GLU02A0306_003 0.000 0.000 0.000 0.000 0.000
GLU02A0306_004 0.000 0.000 0.000 0.000 0.000
GLU-1A0306_005 1.000 1.000 1.000 1.000 1.000
ASP01A0307_001 0.000 0.000 0.000 0.000 0.000
ASP01A0307_002 0.000 0.000 0.000 0.000 0.000
ASP02A0307_003 0.000 0.000 0.000 0.000 0.000
ASP02A0307_004 0.000 0.000 0.000 0.000 0.000
ASP-1A0307_005 1.000 1.000 1.000 1.000 1.000
ALA01A0308_001 1.000 1.000 1.000 1.000 1.000
LEU01A0309_001 1.000 1.000 1.000 1.000 1.000
ASN01A0310_001 0.840 0.841 0.842 0.840 0.841
ASN01A0310_002 0.160 0.159 0.158 0.160 0.159
THR01A0311_001 0.747 0.747 0.747 0.747 0.747
THR01A0311_002 0.253 0.253 0.253 0.253 0.253
VAL01A0312_001 1.000 1.000 1.000 1.000 1.000
SER01B0001_001 1.000 1.000 1.000 1.000 1.000
SER01B0001_002 0.000 0.000 0.000 0.000 0.000
MET01B0002_001 1.000 1.000 1.000 1.000 1.000
PRO01B0003_001 1.000 1.000 1.000 1.000 1.000
ARG01B0004_001 0.000 0.000 0.000 0.000 0.000
ARG02B0004_002 0.160 0.159 0.157 0.160 0.160
ARG02B0004_003 0.000 0.000 0.000 0.000 0.000
ARG03B0004_004 0.000 0.000 0.000 0.000 0.000
ARG03B0004_005 0.000 0.000 0.000 0.000 0.000
ARG+1B0004_006 0.840 0.841 0.843 0.840 0.840
VAL01B0005_001 1.000 1.000 1.000 1.000 1.000
ASP01B0006_001 0.000 0.000 0.000 0.000 0.000
ASP01B0006_002 0.000 0.000 0.000 0.000 0.000
ASP02B0006_003 0.000 0.000 0.000 0.000 0.000
ASP02B0006_004 0.000 0.000 0.000 0.000 0.000
ASP-1B0006_005 1.000 1.000 1.000 1.000 1.000
PHE01B0007_001 1.000 1.000 1.000 1.000 1.000
PRO01B0008_001 1.000 1.000 1.000 1.000 1.000
ARG01B0009_001 0.000 0.000 0.000 0.000 0.000
ARG02B0009_002 0.000 0.000 0.000 0.000 0.000
ARG02B0009_003 0.000 0.000 0.000 0.000 0.000
ARG03B0009_004 0.000 0.000 0.000 0.000 0.000
ARG03B0009_005 0.000 0.000 0.000 0.000 0.000
ARG+1B0009_006 1.000 1.000 1.000 1.000 1.000
SER01B0010_001 1.000 1.000 1.000 1.000 1.000
ARG01B0011_001 0.000 0.000 0.000 0.000 0.000
ARG02B0011_002 0.000 0.000 0.000 0.000 0.000
ARG02B0011_003 0.000 0.000 0.000 0.000 0.000
ARG03B0011_004 0.000 0.000 0.000 0.000 0.000
ARG03B0011_005 0.000 0.000 0.000 0.000 0.000
ARG+1B0011_006 1.000 1.000 1.000 1.000 1.000
LEU01B0012_001 1.000 1.000 1.000 1.000 1.000
ARG01B0013_001 0.000 0.000 0.000 0.000 0.000
ARG02B0013_002 0.000 0.000 0.000 0.000 0.000
ARG02B0013_003 0.000 0.000 0.000 0.000 0.000
ARG03B0013_004 0.000 0.000 0.000 0.000 0.000
ARG03B0013_005 0.000 0.000 0.000 0.000 0.000
ARG+1B0013_006 1.000 1.000 1.000 1.000 1.000
PHE01B0014_001 1.000 1.000 1.000 1.000 1.000
LYS01B0015_001 0.003 0.002 0.003 0.002 0.002
LYS+1B0015_002 0.997 0.998 0.997 0.998 0.998
GLU01B0016_001 0.000 0.000 0.000 0.000 0.000
GLU01B0016_002 0.000 0.000 0.000 0.000 0.000
GLU02B0016_003 0.000 0.000 0.000 0.000 0.000
GLU02B0016_004 0.000 0.000 0.000 0.000 0.000
GLU-1B0016_005 1.000 1.000 1.000 1.000 1.000
LYS01B0017_001 0.000 0.000 0.000 0.000 0.000
LYS+1B0017_002 1.000 1.000 1.000 1.000 1.000
LEU01B0018_001 1.000 1.000 1.000 1.000 1.000
GLU01B0020_001 0.000 0.000 0.000 0.000 0.000
GLU01B0020_002 0.000 0.000 0.000 0.000 0.000
GLU02B0020_003 0.000 0.000 0.000 0.000 0.000
GLU02B0020_004 0.000 0.000 0.000 0.000 0.000
GLU-1B0020_005 1.000 1.000 1.000 1.000 1.000
GLN01B0022_001 0.952 0.952 0.952 0.953 0.952
GLN01B0022_002 0.048 0.048 0.048 0.047 0.048
PHE01B0023_001 1.000 1.000 1.000 1.000 1.000
GLU01B0025_001 0.000 0.000 0.000 0.000 0.000
GLU01B0025_002 0.000 0.000 0.000 0.000 0.000
GLU02B0025_003 0.000 0.000 0.000 0.000 0.000
GLU02B0025_004 0.000 0.000 0.000 0.000 0.000
GLU-1B0025_005 1.000 1.000 1.000 1.000 1.000
VAL01B0026_001 1.000 1.000 1.000 1.000 1.000
HIS01B0027_001 0.967 0.967 0.966 0.966 0.966
HIS02B0027_002 0.008 0.008 0.009 0.008 0.008
HIS+1B0027_003 0.025 0.025 0.026 0.026 0.025
LEU01B0028_001 1.000 1.000 1.000 1.000 1.000
CYS01B0029_001 0.324 0.323 0.325 0.324 0.324
CYS01B0029_002 0.131 0.131 0.131 0.130 0.131
CYS01B0029_003 0.545 0.546 0.544 0.545 0.546
CYS-1B0029_004 0.000 0.000 0.000 0.000 0.000
GLU01B0030_001 0.000 0.000 0.000 0.000 0.000
GLU01B0030_002 0.000 0.000 0.000 0.000 0.000
GLU02B0030_003 0.000 0.000 0.000 0.000 0.000
GLU02B0030_004 0.000 0.000 0.000 0.000 0.000
GLU-1B0030_005 1.000 1.000 1.000 1.000 1.000
VAL01B0031_001 1.000 1.000 1.000 1.000 1.000
ASP01B0032_001 0.000 0.000 0.000 0.000 0.000
ASP01B0032_002 0.000 0.002 0.002 0.000 0.002
ASP02B0032_003 0.000 0.000 0.000 0.000 0.000
ASP02B0032_004 0.000 0.000 0.000 0.000 0.000
ASP-1B0032_005 1.000 0.998 0.998 1.000 0.998
SER01B0033_001 0.611 0.611 0.612 0.610 0.611
SER01B0033_002 0.081 0.081 0.080 0.082 0.081
SER01B0033_003 0.308 0.307 0.308 0.308 0.308
PRO01B0034_001 1.000 1.000 1.000 1.000 1.000
GLN01B0035_001 1.000 1.000 1.000 1.000 1.000
ASP01B0036_001 0.000 0.000 0.000 0.000 0.000
ASP01B0036_002 0.000 0.000 0.000 0.000 0.000
ASP02B0036_003 0.000 0.000 0.000 0.000 0.000
ASP02B0036_004 0.000 0.000 0.000 0.000 0.000
ASP-1B0036_005 1.000 1.000 1.000 1.000 1.000
LEU01B0037_001 1.000 1.000 1.000 1.000 1.000
VAL01B0038_001 1.000 1.000 1.000 1.000 1.000
SER01B0039_001 1.000 1.000 1.000 1.000 1.000
LEU01B0040_001 1.000 1.000 1.000 1.000 1.000
ASP01B0041_001 0.000 0.000 0.000 0.000 0.000
ASP01B0041_002 0.000 0.000 0.000 0.000 0.000
ASP02B0041_003 0.000 0.000 0.000 0.000 0.000
ASP02B0041_004 0.000 0.000 0.000 0.000 0.000
ASP-1B0041_005 1.000 1.000 1.000 1.000 1.000
PHE01B0042_001 1.000 1.000 1.000 1.000 1.000
PRO01B0043_001 1.000 1.000 1.000 1.000 1.000
LEU01B0044_001 1.000 1.000 1.000 1.000 1.000
ASN01B0045_001 0.482 0.484 0.483 0.483 0.483
ASN01B0045_002 0.518 0.516 0.517 0.517 0.517
VAL01B0046_001 1.000 1.000 1.000 1.000 1.000
ARG01B0047_001 0.000 0.000 0.000 0.000 0.000
ARG02B0047_002 0.000 0.000 0.000 0.000 0.000
ARG02B0047_003 0.000 0.000 0.000 0.000 0.000
ARG03B0047_004 0.000 0.000 0.000 0.000 0.000
ARG03B0047_005 0.000 0.000 0.000 0.000 0.000
ARG+1B0047_006 1.000 1.000 1.000 1.000 1.000
LYS01B0048_001 0.009 0.009 0.009 0.010 0.009
LYS+1B0048_002 0.991 0.991 0.991 0.990 0.991
HIS01B0050_001 0.993 0.994 0.994 0.993 0.994
HIS02B0050_002 0.007 0.006 0.006 0.006 0.006
HIS+1B0050_003 0.000 0.000 0.000 0.000 0.000
PRO01B0051_001 1.000 1.000 1.000 1.000 1.000
LEU01B0052_001 1.000 1.000 1.000 1.000 1.000
LEU01B0053_001 1.000 1.000 1.000 1.000 1.000
VAL01B0054_001 1.000 1.000 1.000 1.000 1.000
ALA01B0055_001 1.000 1.000 1.000 1.000 1.000
VAL01B0056_001 1.000 1.000 1.000 1.000 1.000
LYS01B0057_001 0.000 0.000 0.000 0.000 0.000
LYS+1B0057_002 1.000 1.000 1.000 1.000 1.000
ILE01B0058_001 1.000 1.000 1.000 1.000 1.000
LEU01B0059_001 1.000 1.000 1.000 1.000 1.000
ARG01B0060_001 0.000 0.000 0.000 0.000 0.000
ARG02B0060_002 0.000 0.000 0.000 0.000 0.000
ARG02B0060_003 0.000 0.000 0.000 0.000 0.000
ARG03B0060_004 0.000 0.000 0.000 0.000 0.000
ARG03B0060_005 0.000 0.000 0.000 0.000 0.000
ARG+1B0060_006 1.000 1.000 1.000 1.000 1.000
PRO01B0061_001 1.000 1.000 1.000 1.000 1.000
ASP01B0062_001 0.000 0.000 0.000 0.000 0.000
ASP01B0062_002 0.000 0.000 0.000 0.000 0.000
ASP02B0062_003 0.000 0.000 0.000 0.000 0.000
ASP02B0062_004 0.000 0.000 0.000 0.000 0.000
ASP-1B0062_005 1.000 1.000 1.000 1.000 1.000
ALA01B0063_001 1.000 1.000 1.000 1.000 1.000
THR01B0064_001 0.524 0.525 0.525 0.525 0.525
THR01B0064_002 0.476 0.475 0.475 0.475 0.475
LYS01B0065_001 0.045 0.044 0.045 0.045 0.044
LYS+1B0065_002 0.955 0.956 0.955 0.955 0.956
ASN01B0066_001 1.000 1.000 1.000 1.000 1.000
ALA01B0067_001 1.000 1.000 1.000 1.000 1.000
ARG01B0068_001 0.000 0.000 0.000 0.000 0.000
ARG02B0068_002 0.000 0.000 0.000 0.000 0.000
ARG02B0068_003 0.000 0.000 0.000 0.000 0.000
ARG03B0068_004 0.000 0.000 0.000 0.000 0.000
ARG03B0068_005 0.000 0.000 0.000 0.000 0.000
ARG+1B0068_006 1.000 1.000 1.000 1.000 1.000
ASN01B0069_001 0.949 0.948 0.947 0.948 0.949
ASN01B0069_002 0.051 0.052 0.053 0.052 0.051
ASP01B0070_001 0.000 0.000 0.000 0.000 0.000
ASP01B0070_002 0.000 0.000 0.000 0.000 0.000
ASP02B0070_003 0.000 0.000 0.000 0.000 0.000
ASP02B0070_004 0.000 0.000 0.000 0.000 0.000
ASP-1B0070_005 1.000 1.000 1.000 1.000 1.000
PHE01B0071_001 1.000 1.000 1.000 1.000 1.000
LEU01B0072_001 1.000 1.000 1.000 1.000 1.000
LYS01B0073_001 0.018 0.018 0.018 0.018 0.018
LYS+1B0073_002 0.982 0.982 0.982 0.982 0.982
GLU01B0074_001 0.000 0.000 0.000 0.000 0.000
GLU01B0074_002 0.000 0.000 0.000 0.000 0.000
GLU02B0074_003 0.000 0.000 0.000 0.000 0.000
GLU02B0074_004 0.000 0.000 0.000 0.000 0.000
GLU-1B0074_005 1.000 1.000 1.000 1.000 1.000
VAL01B0075_001 1.000 1.000 1.000 1.000 1.000
LYS01B0076_001 0.003 0.003 0.003 0.003 0.004
LYS+1B0076_002 0.997 0.997 0.997 0.997 0.996
ILE01B0077_001 1.000 1.000 1.000 1.000 1.000
MET01B0078_001 1.000 1.000 1.000 1.000 1.000
SER01B0079_001 0.564 0.564 0.563 0.564 0.565
SER01B0079_002 0.436 0.436 0.437 0.436 0.435
ARG01B0080_001 0.000 0.000 0.000 0.000 0.000
ARG02B0080_002 0.000 0.000 0.000 0.000 0.000
ARG03B0080_003 0.000 0.000 0.000 0.000 0.000
ARG+1B0080_004 1.000 1.000 1.000 1.000 1.000
LEU01B0081_001 1.000 1.000 1.000 1.000 1.000
LYS01B0082_001 0.009 0.009 0.009 0.009 0.009
LYS+1B0082_002 0.991 0.991 0.991 0.991 0.991
ASP01B0083_001 0.000 0.000 0.000 0.000 0.000
ASP01B0083_002 0.003 0.003 0.003 0.003 0.003
ASP02B0083_003 0.000 0.000 0.000 0.000 0.000
ASP02B0083_004 0.000 0.000 0.000 0.000 0.000
ASP-1B0083_005 0.997 0.997 0.997 0.997 0.997
PRO01B0084_001 1.000 1.000 1.000 1.000 1.000
ASN01B0085_001 0.959 0.960 0.960 0.960 0.959
ASN01B0085_002 0.041 0.040 0.040 0.040 0.041
ILE01B0086_001 1.000 1.000 1.000 1.000 1.000
ILE01B0087_001 1.000 1.000 1.000 1.000 1.000
ARG01B0088_001 0.000 0.000 0.000 0.000 0.000
ARG02B0088_002 0.000 0.000 0.000 0.000 0.000
ARG03B0088_003 0.000 0.000 0.000 0.000 0.000
ARG03B0088_004 0.000 0.000 0.000 0.000 0.000
ARG+1B0088_005 1.000 1.000 1.000 1.000 1.000
LEU01B0089_001 1.000 1.000 1.000 1.000 1.000
LEU01B0090_001 1.000 1.000 1.000 1.000 1.000
VAL01B0092_001 1.000 1.000 1.000 1.000 1.000
CYS01B0093_001 0.822 0.822 0.821 0.820 0.823
CYS01B0093_002 0.088 0.088 0.088 0.088 0.087
CYS01B0093_003 0.091 0.090 0.090 0.092 0.090
CYS-1B0093_004 0.000 0.000 0.000 0.000 0.000
VAL01B0094_001 1.000 1.000 1.000 1.000 1.000
GLN01B0095_001 0.844 0.842 0.842 0.843 0.843
GLN01B0095_002 0.156 0.158 0.158 0.157 0.157
ASP01B0096_001 0.000 0.000 0.000 0.000 0.000
ASP01B0096_002 0.000 0.000 0.000 0.000 0.000
ASP02B0096_003 0.000 0.000 0.000 0.000 0.000
ASP02B0096_004 0.000 0.000 0.000 0.000 0.000
ASP-1B0096_005 1.000 1.000 1.000 1.000 1.000
ASP01B0097_001 0.000 0.000 0.000 0.000 0.000
ASP01B0097_002 0.000 0.000 0.000 0.000 0.000
ASP02B0097_003 0.000 0.000 0.000 0.000 0.000
ASP02B0097_004 0.000 0.000 0.000 0.000 0.000
ASP-1B0097_005 1.000 1.000 1.000 1.000 1.000
PRO01B0098_001 1.000 1.000 1.000 1.000 1.000
LEU01B0099_001 1.000 1.000 1.000 1.000 1.000
CYS01B0100_001 0.221 0.220 0.220 0.220 0.220
CYS01B0100_002 0.413 0.414 0.413 0.414 0.413
CYS01B0100_003 0.366 0.367 0.367 0.367 0.367
CYS-1B0100_004 0.000 0.000 0.000 0.000 0.000
MET01B0101_001 1.000 1.000 1.000 1.000 1.000
ILE01B0102_001 1.000 1.000 1.000 1.000 1.000
THR01B0103_001 0.019 0.019 0.019 0.019 0.019
THR01B0103_002 0.981 0.981 0.981 0.981 0.981
ASP01B0104_001 0.000 0.000 0.000 0.000 0.000
ASP01B0104_002 0.000 0.000 0.000 0.000 0.000
ASP02B0104_003 0.000 0.000 0.000 0.000 0.000
ASP02B0104_004 0.000 0.000 0.000 0.000 0.000
ASP-1B0104_005 1.000 1.000 1.000 1.000 1.000
TYR01B0105_001 0.424 0.425 0.424 0.424 0.424
TYR01B0105_002 0.576 0.575 0.576 0.576 0.576
TYR-1B0105_003 0.000 0.000 0.000 0.000 0.000
MET01B0106_001 1.000 1.000 1.000 1.000 1.000
GLU01B0107_001 0.000 0.000 0.000 0.000 0.000
GLU01B0107_002 0.000 0.000 0.000 0.000 0.000
GLU02B0107_003 0.000 0.000 0.000 0.000 0.000
GLU02B0107_004 0.000 0.000 0.000 0.000 0.000
GLU-1B0107_005 1.000 1.000 1.000 1.000 1.000
ASN01B0108_001 0.727 0.730 0.729 0.728 0.729
ASN01B0108_002 0.273 0.270 0.271 0.272 0.271
ASP01B0110_001 0.000 0.000 0.000 0.000 0.000
ASP01B0110_002 0.000 0.000 0.000 0.000 0.000
ASP02B0110_003 0.000 0.000 0.000 0.000 0.000
ASP02B0110_004 0.000 0.000 0.000 0.000 0.000
ASP-1B0110_005 1.000 1.000 1.000 1.000 1.000
LEU01B0111_001 1.000 1.000 1.000 1.000 1.000
ASN01B0112_001 0.876 0.875 0.877 0.877 0.876
ASN01B0112_002 0.124 0.125 0.123 0.123 0.124
GLN01B0113_001 0.935 0.936 0.935 0.936 0.936
GLN01B0113_002 0.065 0.064 0.065 0.064 0.064
PHE01B0114_001 1.000 1.000 1.000 1.000 1.000
LEU01B0115_001 1.000 1.000 1.000 1.000 1.000
SER01B0116_001 0.048 0.048 0.048 0.048 0.048
SER01B0116_002 0.775 0.774 0.776 0.777 0.776
SER01B0116_003 0.176 0.178 0.176 0.175 0.176
ALA01B0117_001 1.000 1.000 1.000 1.000 1.000
HIS01B0118_001 0.014 0.014 0.014 0.014 0.013
HIS02B0118_002 0.888 0.890 0.888 0.887 0.889
HIS+1B0118_003 0.098 0.097 0.098 0.099 0.097
GLN01B0119_001 1.000 1.000 1.000 1.000 1.000
LEU01B0120_001 1.000 1.000 1.000 1.000 1.000
GLU01B0121_001 0.000 0.000 0.000 0.000 0.000
GLU01B0121_002 0.000 0.000 0.000 0.000 0.000
GLU02B0121_003 0.000 0.000 0.000 0.000 0.000
GLU02B0121_004 0.000 0.000 0.000 0.000 0.000
GLU-1B0121_005 1.000 1.000 1.000 1.000 1.000
ASP01B0122_001 0.000 0.000 0.000 0.000 0.000
ASP01B0122_002 0.000 0.000 0.000 0.000 0.000
ASP02B0122_003 0.000 0.000 0.000 0.000 0.000
ASP02B0122_004 0.000 0.000 0.000 0.000 0.000
ASP-1B0122_005 1.000 1.000 1.000 1.000 1.000
LYS01B0123_001 0.000 0.000 0.000 0.000 0.000
LYS+1B0123_002 1.000 1.000 1.000 1.000 1.000
GLN01B0124_001 1.000 1.000 1.000 1.000 1.000
GLN01B0124_002 0.000 0.000 0.000 0.000 0.000
PRO01B0126_001 1.000 1.000 1.000 1.000 1.000
THR01B0127_001 0.202 0.201 0.201 0.201 0.202
THR01B0127_002 0.798 0.799 0.799 0.799 0.798
ILE01B0128_001 1.000 1.000 1.000 1.000 1.000
SER01B0129_001 1.000 1.000 1.000 1.000 1.000
TYR01B0130_001 1.000 1.000 1.000 1.000 1.000
TYR-1B0130_002 0.000 0.000 0.000 0.000 0.000
PRO01B0131_001 1.000 1.000 1.000 1.000 1.000
MET01B0132_001 1.000 1.000 1.000 1.000 1.000
LEU01B0133_001 1.000 1.000 1.000 1.000 1.000
LEU01B0134_001 1.000 1.000 1.000 1.000 1.000
HIS01B0135_001 0.205 0.205 0.204 0.203 0.205
HIS01B0135_002 0.133 0.133 0.133 0.133 0.134
HIS02B0135_003 0.452 0.451 0.454 0.455 0.452
HIS02B0135_004 0.137 0.139 0.136 0.137 0.138
HIS+1B0135_005 0.059 0.060 0.059 0.059 0.059
HIS+1B0135_006 0.013 0.013 0.013 0.013 0.013
VAL01B0136_001 1.000 1.000 1.000 1.000 1.000
ALA01B0137_001 1.000 1.000 1.000 1.000 1.000
ALA01B0138_001 1.000 1.000 1.000 1.000 1.000
GLN01B0139_001 1.000 1.000 1.000 1.000 1.000
GLN01B0139_002 0.000 0.000 0.000 0.000 0.000
ILE01B0140_001 1.000 1.000 1.000 1.000 1.000
ALA01B0141_001 1.000 1.000 1.000 1.000 1.000
SER01B0142_001 0.954 0.953 0.954 0.954 0.954
SER01B0142_002 0.046 0.047 0.046 0.046 0.046
MET01B0144_001 1.000 1.000 1.000 1.000 1.000
ARG01B0145_001 0.000 0.000 0.000 0.000 0.000
ARG02B0145_002 0.000 0.000 0.000 0.000 0.000
ARG03B0145_003 0.000 0.000 0.000 0.000 0.000
ARG+1B0145_004 1.000 1.000 1.000 1.000 1.000
TYR01B0146_001 1.000 1.000 1.000 1.000 1.000
TYR-1B0146_002 0.000 0.000 0.000 0.000 0.000
LEU01B0147_001 1.000 1.000 1.000 1.000 1.000
ALA01B0148_001 1.000 1.000 1.000 1.000 1.000
THR01B0149_001 0.356 0.355 0.356 0.355 0.355
THR01B0149_002 0.644 0.645 0.644 0.645 0.645
LEU01B0150_001 1.000 1.000 1.000 1.000 1.000
ASN01B0151_001 0.387 0.387 0.386 0.384 0.385
ASN01B0151_002 0.613 0.613 0.614 0.616 0.615
PHE01B0152_001 1.000 1.000 1.000 1.000 1.000
VAL01B0153_001 1.000 1.000 1.000 1.000 1.000
HIS01B0154_001 1.000 1.000 1.000 1.000 1.000
HIS02B0154_002 0.000 0.000 0.000 0.000 0.000
HIS+1B0154_003 0.000 0.000 0.000 0.000 0.000
ARG01B0155_001 0.000 0.000 0.000 0.000 0.000
ARG02B0155_002 0.000 0.000 0.000 0.000 0.000
ARG03B0155_003 0.000 0.000 0.000 0.000 0.000
ARG+1B0155_004 1.000 1.000 1.000 1.000 1.000
ASP01B0156_001 0.000 0.000 0.000 0.000 0.000
ASP01B0156_002 0.000 0.000 0.000 0.000 0.000
ASP02B0156_003 0.000 0.000 0.000 0.000 0.000
ASP02B0156_004 0.000 0.000 0.000 0.000 0.000
ASP-1B0156_005 1.000 1.000 1.000 1.000 1.000
LEU01B0157_001 1.000 1.000 1.000 1.000 1.000
ALA01B0158_001 1.000 1.000 1.000 1.000 1.000
THR01B0159_001 0.994 0.993 0.994 0.995 0.995
THR01B0159_002 0.000 0.000 0.000 0.000 0.000
THR01B0159_003 0.006 0.007 0.006 0.005 0.005
ARG01B0160_001 0.000 0.000 0.000 0.000 0.000
ARG02B0160_002 0.000 0.000 0.000 0.000 0.000
ARG02B0160_003 0.000 0.000 0.000 0.000 0.000
ARG03B0160_004 0.000 0.000 0.000 0.000 0.000
ARG03B0160_005 0.000 0.000 0.000 0.000 0.000
ARG+1B0160_006 1.000 1.000 1.000 1.000 1.000
ASN01B0161_001 1.000 1.000 1.000 1.000 1.000
ASN01B0161_002 0.000 0.000 0.000 0.000 0.000
CYS01B0162_001 0.158 0.158 0.157 0.157 0.157
CYS01B0162_002 0.640 0.640 0.641 0.639 0.640
CYS01B0162_003 0.202 0.202 0.202 0.203 0.203
CYS-1B0162_004 0.000 0.000 0.000 0.000 0.000
LEU01B0163_001 1.000 1.000 1.000 1.000 1.000
VAL01B0164_001 1.000 1.000 1.000 1.000 1.000
GLU01B0166_001 0.000 0.000 0.000 0.000 0.000
GLU01B0166_002 0.000 0.000 0.000 0.000 0.000
GLU02B0166_003 0.000 0.000 0.000 0.000 0.000
GLU02B0166_004 0.000 0.000 0.000 0.000 0.000
GLU-1B0166_005 1.000 1.000 1.000 1.000 1.000
ASN01B0167_001 0.531 0.530 0.531 0.530 0.532
ASN01B0167_002 0.469 0.470 0.469 0.470 0.468
PHE01B0168_001 1.000 1.000 1.000 1.000 1.000
THR01B0169_001 0.381 0.381 0.381 0.380 0.380
THR01B0169_002 0.619 0.619 0.619 0.620 0.620
ILE01B0170_001 1.000 1.000 1.000 1.000 1.000
LYS01B0171_001 0.004 0.004 0.004 0.004 0.004
LYS+1B0171_002 0.996 0.996 0.996 0.996 0.996
ILE01B0172_001 1.000 1.000 1.000 1.000 1.000
ALA01B0173_001 1.000 1.000 1.000 1.000 1.000
ASP01B0174_001 0.000 0.000 0.000 0.000 0.000
ASP01B0174_002 0.000 0.000 0.000 0.000 0.000
ASP02B0174_003 0.000 0.000 0.000 0.000 0.000
ASP02B0174_004 0.000 0.000 0.000 0.000 0.000
ASP-1B0174_005 1.000 1.000 1.000 1.000 1.000
PHE01B0175_001 1.000 1.000 1.000 1.000 1.000
MET01B0177_001 1.000 1.000 1.000 1.000 1.000
SER01B0178_001 0.975 0.974 0.974 0.974 0.974
SER01B0178_002 0.014 0.014 0.014 0.014 0.014
SER01B0178_003 0.011 0.012 0.012 0.012 0.012
ARG01B0179_001 0.000 0.000 0.000 0.000 0.000
ARG02B0179_002 0.000 0.000 0.000 0.000 0.000
ARG02B0179_003 0.000 0.000 0.000 0.000 0.000
ARG03B0179_004 0.000 0.000 0.000 0.000 0.000
ARG03B0179_005 0.000 0.000 0.000 0.000 0.000
ARG+1B0179_006 1.000 1.000 1.000 1.000 1.000
ASN01B0180_001 1.000 1.000 1.000 1.000 1.000
LEU01B0181_001 1.000 1.000 1.000 1.000 1.000
TYR01B0182_001 0.000 0.000 0.000 0.000 0.000
TYR01B0182_002 1.000 1.000 1.000 1.000 1.000
TYR-1B0182_003 0.000 0.000 0.000 0.000 0.000
ALA01B0183_001 1.000 1.000 1.000 1.000 1.000
ASP01B0185_001 0.000 0.000 0.000 0.000 0.000
ASP01B0185_002 0.000 0.000 0.000 0.000 0.000
ASP02B0185_003 0.000 0.000 0.000 0.000 0.000
ASP02B0185_004 0.000 0.000 0.000 0.000 0.000
ASP-1B0185_005 1.000 1.000 1.000 1.000 1.000
TYR01B0186_001 0.000 0.000 0.000 0.000 0.000
TYR01B0186_002 1.000 1.000 1.000 1.000 1.000
TYR-1B0186_003 0.000 0.000 0.000 0.000 0.000
TYR01B0187_001 0.010 0.010 0.010 0.010 0.010
TYR01B0187_002 0.990 0.990 0.990 0.990 0.990
TYR-1B0187_003 0.000 0.000 0.000 0.000 0.000
ARG01B0188_001 0.000 0.000 0.000 0.000 0.000
ARG02B0188_002 0.000 0.000 0.000 0.000 0.000
ARG02B0188_003 0.000 0.000 0.000 0.000 0.000
ARG03B0188_004 0.000 0.000 0.000 0.000 0.000
ARG03B0188_005 0.000 0.000 0.000 0.000 0.000
ARG+1B0188_006 1.000 1.000 1.000 1.000 1.000
VAL01B0189_001 1.000 1.000 1.000 1.000 1.000
GLN01B0190_001 1.000 1.000 1.000 1.000 1.000
GLN01B0190_002 0.000 0.000 0.000 0.000 0.000
ARG01B0192_001 0.000 0.000 0.000 0.000 0.000
ARG02B0192_002 0.000 0.000 0.000 0.000 0.000
ARG03B0192_003 0.000 0.000 0.000 0.000 0.000
ARG03B0192_004 0.000 0.000 0.000 0.000 0.000
ARG+1B0192_005 1.000 1.000 1.000 1.000 1.000
ALA01B0193_001 1.000 1.000 1.000 1.000 1.000
VAL01B0194_001 1.000 1.000 1.000 1.000 1.000
LEU01B0195_001 1.000 1.000 1.000 1.000 1.000
PRO01B0196_001 1.000 1.000 1.000 1.000 1.000
ILE01B0197_001 1.000 1.000 1.000 1.000 1.000
ARG01B0198_001 0.000 0.000 0.000 0.000 0.000
ARG02B0198_002 0.000 0.000 0.000 0.000 0.000
ARG03B0198_003 0.000 0.000 0.000 0.000 0.000
ARG03B0198_004 0.000 0.000 0.000 0.000 0.000
ARG+1B0198_005 1.000 1.000 1.000 1.000 1.000
TRP01B0199_001 1.000 1.000 1.000 1.000 1.000
MET01B0200_001 1.000 1.000 1.000 1.000 1.000
ALA01B0201_001 1.000 1.000 1.000 1.000 1.000
TRP01B0202_001 1.000 1.000 1.000 1.000 1.000
GLU01B0203_001 0.000 0.000 0.000 0.000 0.000
GLU01B0203_002 0.000 0.000 0.000 0.000 0.000
GLU02B0203_003 0.000 0.000 0.000 0.000 0.000
GLU02B0203_004 0.000 0.000 0.000 0.000 0.000
GLU-1B0203_005 1.000 1.000 1.000 1.000 1.000
CYS01B0204_001 0.712 0.710 0.710 0.708 0.713
CYS01B0204_002 0.115 0.115 0.115 0.115 0.114
CYS01B0204_003 0.174 0.175 0.175 0.176 0.173
CYS-1B0204_004 0.000 0.000 0.000 0.000 0.000
ILE01B0205_001 1.000 1.000 1.000 1.000 1.000
LEU01B0206_001 1.000 1.000 1.000 1.000 1.000
MET01B0207_001 1.000 1.000 1.000 1.000 1.000
LYS01B0209_001 0.000 0.000 0.000 0.000 0.000
LYS+1B0209_002 1.000 1.000 1.000 1.000 1.000
PHE01B0210_001 1.000 1.000 1.000 1.000 1.000
THR01B0211_001 1.000 1.000 1.000 1.000 1.000
THR01B0212_001 1.000 1.000 1.000 1.000 1.000
ALA01B0213_001 1.000 1.000 1.000 1.000 1.000
SER01B0214_001 0.000 0.000 0.000 0.000 0.000
SER01B0214_002 0.977 0.977 0.976 0.976 0.977
SER01B0214_003 0.023 0.023 0.024 0.024 0.023
ASP01B0215_001 0.000 0.000 0.000 0.000 0.000
ASP01B0215_002 0.000 0.000 0.000 0.000 0.000
ASP02B0215_003 0.000 0.000 0.000 0.000 0.000
ASP02B0215_004 0.000 0.000 0.000 0.000 0.000
ASP-1B0215_005 1.000 1.000 1.000 1.000 1.000
VAL01B0216_001 1.000 1.000 1.000 1.000 1.000
TRP01B0217_001 1.000 1.000 1.000 1.000 1.000
ALA01B0218_001 1.000 1.000 1.000 1.000 1.000
PHE01B0219_001 1.000 1.000 1.000 1.000 1.000
VAL01B0221_001 1.000 1.000 1.000 1.000 1.000
THR01B0222_001 0.049 0.048 0.049 0.049 0.048
THR01B0222_002 0.937 0.938 0.938 0.938 0.938
THR01B0222_003 0.014 0.013 0.013 0.014 0.014
LEU01B0223_001 1.000 1.000 1.000 1.000 1.000
TRP01B0224_001 1.000 1.000 1.000 1.000 1.000
GLU01B0225_001 0.000 0.000 0.000 0.000 0.000
GLU01B0225_002 0.000 0.001 0.001 0.000 0.000
GLU02B0225_003 0.000 0.000 0.000 0.000 0.000
GLU02B0225_004 0.000 0.000 0.000 0.000 0.000
GLU-1B0225_005 1.000 0.999 0.999 1.000 1.000
VAL01B0226_001 1.000 1.000 1.000 1.000 1.000
LEU01B0227_001 1.000 1.000 1.000 1.000 1.000
MET01B0228_001 1.000 1.000 1.000 1.000 1.000
LEU01B0229_001 1.000 1.000 1.000 1.000 1.000
CYS01B0230_001 0.592 0.591 0.592 0.593 0.591
CYS01B0230_002 0.106 0.105 0.106 0.105 0.106
CYS01B0230_003 0.302 0.304 0.302 0.302 0.303
CYS-1B0230_004 0.000 0.000 0.000 0.000 0.000
ARG01B0231_001 0.000 0.000 0.000 0.000 0.000
ARG02B0231_002 0.000 0.000 0.000 0.000 0.000
ARG03B0231_003 0.000 0.000 0.000 0.000 0.000
ARG03B0231_004 0.000 0.000 0.000 0.000 0.000
ARG+1B0231_005 1.000 1.000 1.000 1.000 1.000
ALA01B0232_001 1.000 1.000 1.000 1.000 1.000
GLN01B0233_001 0.995 0.995 0.994 0.995 0.995
GLN01B0233_002 0.005 0.005 0.006 0.005 0.005
PRO01B0234_001 1.000 1.000 1.000 1.000 1.000
PHE01B0235_001 1.000 1.000 1.000 1.000 1.000
GLN01B0237_001 1.000 1.000 1.000 1.000 1.000
GLN01B0237_002 0.000 0.000 0.000 0.000 0.000
LEU01B0238_001 1.000 1.000 1.000 1.000 1.000
THR01B0239_001 0.022 0.022 0.022 0.021 0.022
THR01B0239_002 0.000 0.000 0.000 0.000 0.000
THR01B0239_003 0.978 0.978 0.978 0.978 0.978
ASP01B0240_001 0.000 0.000 0.000 0.000 0.000
ASP01B0240_002 0.000 0.000 0.000 0.000 0.000
ASP02B0240_003 0.000 0.000 0.000 0.000 0.000
ASP02B0240_004 0.000 0.000 0.000 0.000 0.000
ASP-1B0240_005 1.000 1.000 1.000 1.000 1.000
GLU01B0241_001 0.000 0.000 0.000 0.000 0.000
GLU01B0241_002 0.000 0.000 0.000 0.000 0.000
GLU02B0241_003 0.000 0.000 0.000 0.000 0.000
GLU02B0241_004 0.000 0.000 0.000 0.000 0.000
GLU-1B0241_005 1.000 1.000 1.000 1.000 1.000
GLN01B0242_001 1.000 1.000 1.000 1.000 1.000
GLN01B0242_002 0.000 0.000 0.000 0.000 0.000
VAL01B0243_001 1.000 1.000 1.000 1.000 1.000
ILE01B0244_001 1.000 1.000 1.000 1.000 1.000
GLU01B0245_001 0.000 0.000 0.000 0.000 0.000
GLU01B0245_002 0.000 0.000 0.000 0.000 0.000
GLU02B0245_003 0.000 0.000 0.000 0.000 0.000
GLU02B0245_004 0.000 0.000 0.000 0.000 0.000
GLU-1B0245_005 1.000 1.000 1.000 1.000 1.000
ASN01B0246_001 1.000 1.000 1.000 1.000 1.000
ALA01B0247_001 1.000 1.000 1.000 1.000 1.000
GLU01B0249_001 0.000 0.000 0.000 0.000 0.000
GLU01B0249_002 0.000 0.000 0.000 0.000 0.000
GLU02B0249_003 0.000 0.000 0.000 0.000 0.000
GLU02B0249_004 0.000 0.000 0.000 0.000 0.000
GLU-1B0249_005 1.000 1.000 1.000 1.000 1.000
PHE01B0250_001 1.000 1.000 1.000 1.000 1.000
PHE01B0251_001 1.000 1.000 1.000 1.000 1.000
ARG01B0252_001 0.000 0.000 0.000 0.000 0.000
ARG02B0252_002 0.000 0.000 0.000 0.000 0.000
ARG03B0252_003 0.000 0.000 0.000 0.000 0.000
ARG+1B0252_004 1.000 1.000 1.000 1.000 1.000
ASP01B0253_001 0.000 0.000 0.000 0.000 0.000
ASP01B0253_002 0.000 0.000 0.000 0.000 0.000
ASP02B0253_003 0.000 0.000 0.000 0.000 0.000
ASP02B0253_004 0.000 0.000 0.000 0.000 0.000
ASP-1B0253_005 1.000 1.000 1.000 1.000 1.000
GLN01B0254_001 1.000 1.000 1.000 1.000 0.999
GLN01B0254_002 0.000 0.000 0.000 0.000 0.001
ARG01B0256_001 0.000 0.000 0.000 0.000 0.000
ARG02B0256_002 0.000 0.000 0.000 0.000 0.000
ARG02B0256_003 0.000 0.000 0.000 0.000 0.000
ARG03B0256_004 0.000 0.000 0.000 0.000 0.000
ARG+1B0256_005 1.000 1.000 1.000 1.000 1.000
GLN01B0257_001 1.000 1.000 1.000 1.000 1.000
VAL01B0258_001 1.000 1.000 1.000 1.000 1.000
TYR01B0259_001 0.121 0.120 0.121 0.121 0.120
TYR01B0259_002 0.879 0.880 0.879 0.879 0.880
TYR-1B0259_003 0.000 0.000 0.000 0.000 0.000
LEU01B0260_001 1.000 1.000 1.000 1.000 1.000
SER01B0261_001 0.713 0.713 0.713 0.713 0.712
SER01B0261_002 0.287 0.287 0.287 0.287 0.288
ARG01B0262_001 0.000 0.000 0.000 0.000 0.000
ARG02B0262_002 0.000 0.000 0.000 0.000 0.000
ARG02B0262_003 0.000 0.000 0.000 0.000 0.000
ARG03B0262_004 0.000 0.000 0.000 0.000 0.000
ARG+1B0262_005 1.000 1.000 1.000 1.000 1.000
PRO01B0263_001 1.000 1.000 1.000 1.000 1.000
PRO01B0264_001 1.000 1.000 1.000 1.000 1.000
ALA01B0265_001 1.000 1.000 1.000 1.000 1.000
CYS01B0266_001 0.318 0.319 0.320 0.318 0.319
CYS01B0266_002 0.259 0.259 0.259 0.261 0.261
CYS01B0266_003 0.423 0.422 0.421 0.422 0.421
CYS-1B0266_004 0.000 0.000 0.000 0.000 0.000
PRO01B0267_001 1.000 1.000 1.000 1.000 1.000
GLN01B0268_001 0.989 0.990 0.989 0.989 0.989
GLN01B0268_002 0.011 0.010 0.011 0.011 0.011
LEU01B0270_001 1.000 1.000 1.000 1.000 1.000
TYR01B0271_001 0.986 0.987 0.987 0.986 0.987
TYR01B0271_002 0.014 0.013 0.013 0.014 0.013
TYR-1B0271_003 0.000 0.000 0.000 0.000 0.000
GLU01B0272_001 0.000 0.000 0.000 0.000 0.000
GLU01B0272_002 0.000 0.000 0.000 0.000 0.000
GLU02B0272_003 0.000 0.000 0.000 0.000 0.000
GLU02B0272_004 0.000 0.000 0.000 0.000 0.000
GLU-1B0272_005 1.000 1.000 1.000 1.000 1.000
LEU01B0273_001 1.000 1.000 1.000 1.000 1.000
MET01B0274_001 1.000 1.000 1.000 1.000 1.000
LEU01B0275_001 1.000 1.000 1.000 1.000 1.000
ARG01B0276_001 0.000 0.000 0.000 0.000 0.000
ARG02B0276_002 0.000 0.000 0.000 0.000 0.000
ARG03B0276_003 0.000 0.000 0.000 0.000 0.000
ARG+1B0276_004 1.000 1.000 1.000 1.000 1.000
CYS01B0277_001 0.279 0.280 0.279 0.279 0.279
CYS01B0277_002 0.487 0.486 0.488 0.488 0.487
CYS01B0277_003 0.234 0.233 0.233 0.233 0.234
CYS-1B0277_004 0.000 0.000 0.000 0.000 0.000
TRP01B0278_001 1.000 1.000 1.000 1.000 1.000
SER01B0279_001 0.230 0.230 0.230 0.230 0.231
SER01B0279_002 0.770 0.770 0.770 0.770 0.769
ARG01B0280_001 0.000 0.000 0.000 0.000 0.000
ARG02B0280_002 0.000 0.000 0.000 0.000 0.000
ARG02B0280_003 0.000 0.000 0.000 0.000 0.000
ARG03B0280_004 0.000 0.000 0.000 0.000 0.000
ARG+1B0280_005 1.000 1.000 1.000 1.000 1.000
GLU01B0281_001 0.000 0.000 0.000 0.000 0.000
GLU01B0281_002 0.000 0.000 0.000 0.000 0.000
GLU02B0281_003 0.000 0.000 0.000 0.000 0.000
GLU02B0281_004 0.000 0.000 0.000 0.000 0.000
GLU-1B0281_005 1.000 1.000 1.000 1.000 1.000
SER01B0282_001 0.040 0.039 0.039 0.038 0.039
SER01B0282_002 0.960 0.961 0.961 0.962 0.961
GLU01B0283_001 0.000 0.000 0.000 0.000 0.000
GLU01B0283_002 0.000 0.000 0.000 0.000 0.000
GLU02B0283_003 0.000 0.000 0.000 0.000 0.000
GLU02B0283_004 0.000 0.000 0.000 0.000 0.000
GLU-1B0283_005 1.000 1.000 1.000 1.000 1.000
GLN01B0284_001 0.803 0.803 0.804 0.804 0.803
GLN01B0284_002 0.197 0.197 0.196 0.196 0.197
ARG01B0285_001 0.000 0.000 0.000 0.000 0.000
ARG02B0285_002 0.000 0.000 0.000 0.000 0.000
ARG02B0285_003 0.000 0.000 0.000 0.000 0.000
ARG03B0285_004 0.000 0.000 0.000 0.000 0.000
ARG03B0285_005 0.000 0.000 0.000 0.000 0.000
ARG+1B0285_006 1.000 1.000 1.000 1.000 1.000
PRO01B0286_001 1.000 1.000 1.000 1.000 1.000
PRO01B0287_001 1.000 1.000 1.000 1.000 1.000
PHE01B0288_001 1.000 1.000 1.000 1.000 1.000
SER01B0289_001 0.006 0.006 0.006 0.006 0.006
SER01B0289_002 0.994 0.994 0.994 0.994 0.994
GLN01B0290_001 0.997 0.997 0.997 0.997 0.997
GLN01B0290_002 0.003 0.003 0.003 0.003 0.003
LEU01B0291_001 1.000 1.000 1.000 1.000 1.000
HIS01B0292_001 0.000 0.000 0.000 0.000 0.000
HIS01B0292_002 0.016 0.016 0.016 0.017 0.016
HIS02B0292_003 0.000 0.000 0.000 0.000 0.000
HIS02B0292_004 0.980 0.981 0.980 0.979 0.980
HIS+1B0292_005 0.000 0.000 0.000 0.000 0.000
HIS+1B0292_006 0.003 0.003 0.004 0.003 0.004
ARG01B0293_001 0.000 0.000 0.000 0.000 0.000
ARG02B0293_002 0.000 0.000 0.000 0.000 0.000
ARG03B0293_003 0.000 0.000 0.000 0.000 0.000
ARG03B0293_004 1.000 1.000 1.000 1.000 1.000
ARG+1B0293_005 0.000 0.000 0.000 0.000 0.000
PHE01B0294_001 1.000 1.000 1.000 1.000 1.000
LEU01B0295_001 1.000 1.000 1.000 1.000 1.000
ALA01B0296_001 1.000 1.000 1.000 1.000 1.000
GLU01B0297_001 0.000 0.000 0.000 0.000 0.000
GLU01B0297_002 0.019 0.018 0.018 0.018 0.018
GLU02B0297_003 0.000 0.000 0.000 0.000 0.000
GLU02B0297_004 0.006 0.006 0.006 0.006 0.006
GLU-1B0297_005 0.975 0.976 0.976 0.976 0.976
ASP01B0298_001 0.000 0.000 0.000 0.000 0.000
ASP01B0298_002 0.000 0.000 0.000 0.000 0.000
ASP02B0298_003 0.000 0.000 0.000 0.000 0.000
ASP02B0298_004 0.000 0.000 0.000 0.000 0.000
ASP-1B0298_005 1.000 1.000 1.000 1.000 1.000
ALA01B0299_001 1.000 1.000 1.000 1.000 1.000
LEU01B0300_001 1.000 1.000 1.000 1.000 1.000
ASN01B0301_001 0.873 0.873 0.873 0.873 0.874
ASN01B0301_002 0.127 0.127 0.127 0.127 0.126
THR01B0302_001 0.651 0.651 0.651 0.651 0.651
THR01B0302_002 0.349 0.349 0.349 0.349 0.349
VAL01B0303_001 1.000 1.000 1.000 1.000 1.000
0LI+1C0001_001 0.971 0.971 0.971 0.971 0.972
0LI+2C0001_002 0.000 0.000 0.000 0.000 0.000
0LI01C0001_003 0.029 0.029 0.029 0.029 0.028
0LIDMC0001_004 0.000 0.000 0.000 0.000 0.000
0LI+1C0004_001 0.009 0.009 0.009 0.009 0.009
0LI+2C0004_002 0.876 0.873 0.875 0.875 0.874
0LI01C0004_003 0.116 0.118 0.116 0.116 0.117
0LIDMC0004_004 0.000 0.000 0.000 0.000 0.000
0LI+1D0001_001 0.950 0.950 0.950 0.950 0.950
0LI+2D0001_002 0.000 0.000 0.000 0.000 0.000
0LI01D0001_003 0.050 0.050 0.050 0.050 0.050
0LIDMD0001_004 0.000 0.000 0.000 0.000 0.000
