 ph              7.4   7.4   7.4   7.4   7.4
LEU01A0001_001 1.000 1.000 1.000 1.000 1.000
ASP01A0002_001 0.000 0.000 0.000 0.000 0.000
ASP01A0002_002 0.000 0.000 0.000 0.000 0.000
ASP02A0002_003 0.000 0.000 0.000 0.000 0.000
ASP02A0002_004 0.000 0.000 0.000 0.000 0.000
ASP-1A0002_005 1.000 1.000 1.000 1.000 1.000
LEU01A0003_001 1.000 1.000 1.000 1.000 1.000
PRO01A0004_001 1.000 1.000 1.000 1.000 1.000
LEU01A0005_001 1.000 1.000 1.000 1.000 1.000
ASP01A0006_001 0.000 0.000 0.000 0.000 0.000
ASP01A0006_002 0.000 0.000 0.000 0.000 0.000
ASP02A0006_003 0.000 0.000 0.000 0.000 0.000
ASP02A0006_004 0.000 0.000 0.000 0.000 0.000
ASP-1A0006_005 1.000 1.000 1.000 1.000 1.000
PRO01A0007_001 1.000 1.000 1.000 1.000 1.000
LEU01A0008_001 1.000 1.000 1.000 1.000 1.000
TRP01A0009_001 1.000 1.000 1.000 1.000 1.000
GLU01A0010_001 0.000 0.000 0.000 0.000 0.000
GLU01A0010_002 0.000 0.000 0.000 0.000 0.000
GLU02A0010_003 0.006 0.000 0.005 0.006 0.006
GLU02A0010_004 0.000 0.000 0.000 0.000 0.000
GLU-1A0010_005 0.994 1.000 0.995 0.994 0.994
PHE01A0011_001 1.000 1.000 1.000 1.000 1.000
PRO01A0012_001 1.000 1.000 1.000 1.000 1.000
ARG01A0013_001 0.000 0.000 0.000 0.000 0.000
ARG02A0013_002 0.000 0.000 0.000 0.000 0.000
ARG02A0013_003 0.000 0.000 0.000 0.000 0.000
ARG03A0013_004 0.000 0.000 0.000 0.000 0.000
ARG+1A0013_005 1.000 1.000 1.000 1.000 1.000
ASP01A0014_001 0.000 0.000 0.000 0.000 0.000
ASP01A0014_002 0.000 0.000 0.000 0.000 0.000
ASP02A0014_003 0.000 0.000 0.000 0.000 0.000
ASP02A0014_004 0.000 0.000 0.000 0.000 0.000
ASP-1A0014_005 1.000 1.000 1.000 1.000 1.000
ARG01A0015_001 0.000 0.000 0.000 0.000 0.000
ARG02A0015_002 0.000 0.000 0.000 0.000 0.000
ARG02A0015_003 0.000 0.000 0.000 0.000 0.000
ARG03A0015_004 0.000 0.000 0.000 0.000 0.000
ARG+1A0015_005 1.000 1.000 1.000 1.000 1.000
LEU01A0016_001 1.000 1.000 1.000 1.000 1.000
VAL01A0017_001 1.000 1.000 1.000 1.000 1.000
LEU01A0018_001 1.000 1.000 1.000 1.000 1.000
LYS01A0020_001 0.000 0.002 0.002 0.002 0.002
LYS+1A0020_002 1.000 0.998 0.998 0.998 0.998
PRO01A0021_001 1.000 1.000 1.000 1.000 1.000
LEU01A0022_001 1.000 1.000 1.000 1.000 1.000
GLU01A0024_001 0.000 0.000 0.000 0.000 0.000
GLU01A0024_002 0.000 0.000 0.000 0.000 0.000
GLU02A0024_003 0.000 0.000 0.000 0.000 0.000
GLU02A0024_004 0.000 0.000 0.000 0.000 0.000
GLU-1A0024_005 1.000 1.000 1.000 1.000 1.000
ALA01A0026_001 1.000 1.000 1.000 1.000 1.000
PHE01A0027_001 1.000 1.000 1.000 1.000 1.000
GLN01A0029_001 0.896 0.901 0.895 0.895 0.895
GLN01A0029_002 0.104 0.099 0.105 0.105 0.105
VAL01A0030_001 1.000 1.000 1.000 1.000 1.000
VAL01A0031_001 1.000 1.000 1.000 1.000 1.000
ARG01A0032_001 0.000 0.000 0.000 0.000 0.000
ARG02A0032_002 0.000 0.000 0.000 0.000 0.000
ARG03A0032_003 0.000 0.000 0.000 0.000 0.000
ARG+1A0032_004 1.000 1.000 1.000 1.000 1.000
ALA01A0033_001 1.000 1.000 1.000 1.000 1.000
GLU01A0034_001 0.000 0.000 0.000 0.000 0.000
GLU01A0034_002 0.000 0.001 0.000 0.001 0.000
GLU02A0034_003 0.000 0.000 0.000 0.000 0.000
GLU02A0034_004 0.000 0.001 0.003 0.002 0.000
GLU-1A0034_005 1.000 0.998 0.997 0.998 1.000
ALA01A0035_001 1.000 1.000 1.000 1.000 1.000
PHE01A0036_001 1.000 1.000 1.000 1.000 1.000
MET01A0038_001 1.000 1.000 1.000 1.000 1.000
ASP01A0039_001 0.000 0.000 0.000 0.000 0.000
ASP01A0039_002 0.000 0.000 0.000 0.000 0.000
ASP02A0039_003 0.000 0.000 0.000 0.000 0.000
ASP02A0039_004 0.000 0.000 0.000 0.000 0.000
ASP-1A0039_005 1.000 1.000 1.000 1.000 1.000
PRO01A0040_001 1.000 1.000 1.000 1.000 1.000
ALA01A0041_001 1.000 1.000 1.000 1.000 1.000
ARG01A0042_001 0.000 0.000 0.000 0.000 0.000
ARG02A0042_002 0.000 0.000 0.000 0.000 0.000
ARG02A0042_003 0.000 0.000 0.000 0.000 0.000
ARG03A0042_004 0.000 0.000 0.000 0.000 0.000
ARG+1A0042_005 1.000 1.000 1.000 1.000 1.000
PRO01A0043_001 1.000 1.000 1.000 1.000 1.000
ASP01A0044_001 0.000 0.000 0.000 0.000 0.000
ASP01A0044_002 0.000 0.000 0.000 0.000 0.000
ASP02A0044_003 0.000 0.000 0.000 0.000 0.000
ASP02A0044_004 0.000 0.000 0.000 0.000 0.000
ASP-1A0044_005 1.000 1.000 1.000 1.000 1.000
GLN01A0045_001 0.239 0.240 0.242 0.238 0.239
GLN01A0045_002 0.761 0.760 0.758 0.762 0.761
ALA01A0046_001 1.000 1.000 1.000 1.000 1.000
SER01A0047_001 1.000 1.000 1.000 1.000 1.000
THR01A0048_001 1.000 1.000 1.000 1.000 1.000
VAL01A0049_001 1.000 1.000 1.000 1.000 1.000
ALA01A0050_001 1.000 1.000 1.000 1.000 1.000
VAL01A0051_001 1.000 1.000 1.000 1.000 1.000
LYS01A0052_001 0.008 0.010 0.009 0.009 0.008
LYS+1A0052_002 0.992 0.990 0.991 0.991 0.992
MET01A0053_001 1.000 1.000 1.000 1.000 1.000
LEU01A0054_001 1.000 1.000 1.000 1.000 1.000
LYS01A0055_001 0.000 0.002 0.000 0.000 0.002
LYS+1A0055_002 1.000 0.998 1.000 1.000 0.998
ASP01A0056_001 0.000 0.000 0.000 0.000 0.000
ASP01A0056_002 0.000 0.000 0.000 0.000 0.000
ASP02A0056_003 0.000 0.000 0.000 0.000 0.000
ASP02A0056_004 0.000 0.000 0.000 0.000 0.000
ASP-1A0056_005 1.000 1.000 1.000 1.000 1.000
ASN01A0057_001 0.480 0.477 0.477 0.472 0.480
ASN01A0057_002 0.520 0.523 0.523 0.528 0.520
ALA01A0058_001 1.000 1.000 1.000 1.000 1.000
SER01A0059_001 0.997 0.998 0.997 0.998 1.000
SER01A0059_002 0.003 0.002 0.003 0.002 0.000
ASP01A0060_001 0.000 0.000 0.000 0.000 0.000
ASP01A0060_002 0.000 0.000 0.000 0.000 0.000
ASP02A0060_003 0.000 0.000 0.000 0.000 0.000
ASP02A0060_004 0.000 0.000 0.000 0.000 0.000
ASP-1A0060_005 0.999 1.000 1.000 0.999 1.000
LYS01A0061_001 0.000 0.002 0.003 0.003 0.003
LYS+1A0061_002 1.000 0.998 0.997 0.997 0.997
ASP01A0062_001 0.000 0.000 0.000 0.000 0.000
ASP01A0062_002 0.000 0.000 0.000 0.000 0.000
ASP02A0062_003 0.000 0.000 0.000 0.000 0.000
ASP02A0062_004 0.000 0.000 0.000 0.000 0.000
ASP-1A0062_005 1.000 1.000 1.000 1.000 1.000
LEU01A0063_001 1.000 1.000 1.000 1.000 1.000
ALA01A0064_001 1.000 1.000 1.000 1.000 1.000
ASP01A0065_001 0.000 0.000 0.000 0.000 0.000
ASP01A0065_002 0.003 0.004 0.002 0.000 0.002
ASP02A0065_003 0.000 0.000 0.000 0.000 0.000
ASP02A0065_004 0.002 0.000 0.001 0.002 0.001
ASP-1A0065_005 0.995 0.996 0.998 0.998 0.997
LEU01A0066_001 1.000 1.000 1.000 1.000 1.000
VAL01A0067_001 1.000 1.000 1.000 1.000 1.000
SER01A0068_001 0.380 0.378 0.384 0.386 0.389
SER01A0068_002 0.620 0.622 0.616 0.614 0.611
GLU01A0069_001 0.000 0.000 0.000 0.000 0.000
GLU01A0069_002 0.000 0.002 0.002 0.000 0.000
GLU02A0069_003 0.000 0.000 0.000 0.000 0.000
GLU02A0069_004 0.000 0.000 0.000 0.000 0.000
GLU-1A0069_005 1.000 0.998 0.998 1.000 1.000
MET01A0070_001 1.000 1.000 1.000 1.000 1.000
GLU01A0071_001 0.001 0.000 0.000 0.000 0.000
GLU01A0071_002 0.011 0.012 0.013 0.013 0.013
GLU02A0071_003 0.000 0.000 0.000 0.000 0.000
GLU02A0071_004 0.020 0.020 0.024 0.020 0.024
GLU-1A0071_005 0.969 0.968 0.963 0.968 0.963
VAL01A0072_001 1.000 1.000 1.000 1.000 1.000
MET01A0073_001 1.000 1.000 1.000 1.000 1.000
LYS01A0074_001 0.951 0.951 0.952 0.951 0.951
LYS+1A0074_002 0.049 0.049 0.048 0.049 0.049
LEU01A0075_001 1.000 1.000 1.000 1.000 1.000
ILE01A0076_001 1.000 1.000 1.000 1.000 1.000
ARG01A0078_001 0.000 0.000 0.000 0.000 0.000
ARG02A0078_002 0.000 0.000 0.000 0.000 0.000
ARG03A0078_003 0.000 0.000 0.000 0.000 0.000
ARG+1A0078_004 1.000 1.000 1.000 1.000 1.000
HIS01A0079_001 1.000 1.000 1.000 1.000 1.000
HIS02A0079_002 0.000 0.000 0.000 0.000 0.000
HIS+1A0079_003 0.000 0.000 0.000 0.000 0.000
LYS01A0080_001 0.095 0.095 0.089 0.090 0.096
LYS+1A0080_002 0.905 0.905 0.911 0.910 0.904
ASN01A0081_001 1.000 1.000 1.000 1.000 1.000
ILE01A0082_001 1.000 1.000 1.000 1.000 1.000
ILE01A0083_001 1.000 1.000 1.000 1.000 1.000
ASN01A0084_001 0.976 0.977 0.975 0.975 0.978
ASN01A0084_002 0.024 0.023 0.025 0.025 0.022
LEU01A0085_001 1.000 1.000 1.000 1.000 1.000
LEU01A0086_001 1.000 1.000 1.000 1.000 1.000
VAL01A0088_001 1.000 1.000 1.000 1.000 1.000
CYS01A0089_001 0.863 0.866 0.861 0.868 0.864
CYS01A0089_002 0.026 0.026 0.026 0.022 0.027
CYS01A0089_003 0.111 0.108 0.113 0.110 0.109
CYS-1A0089_004 0.000 0.000 0.000 0.000 0.000
THR01A0090_001 0.067 0.064 0.070 0.064 0.066
THR01A0090_002 0.024 0.022 0.024 0.024 0.023
THR01A0090_003 0.909 0.914 0.906 0.912 0.912
GLN01A0091_001 0.787 0.789 0.789 0.792 0.793
GLN01A0091_002 0.213 0.211 0.211 0.208 0.207
GLU01A0092_001 0.000 0.000 0.000 0.000 0.000
GLU01A0092_002 0.000 0.000 0.000 0.000 0.000
GLU02A0092_003 0.000 0.000 0.000 0.000 0.000
GLU02A0092_004 0.000 0.002 0.000 0.000 0.000
GLU-1A0092_005 1.000 0.998 1.000 1.000 1.000
PRO01A0094_001 1.000 1.000 1.000 1.000 1.000
LEU01A0095_001 1.000 1.000 1.000 1.000 1.000
TYR01A0096_001 1.000 1.000 1.000 1.000 1.000
TYR-1A0096_002 0.000 0.000 0.000 0.000 0.000
VAL01A0097_001 1.000 1.000 1.000 1.000 1.000
ILE01A0098_001 1.000 1.000 1.000 1.000 1.000
VAL01A0099_001 1.000 1.000 1.000 1.000 1.000
GLU01A0100_001 0.000 0.000 0.000 0.000 0.000
GLU01A0100_002 0.000 0.000 0.000 0.000 0.000
GLU02A0100_003 0.000 0.000 0.000 0.000 0.000
GLU02A0100_004 0.000 0.000 0.000 0.000 0.000
GLU-1A0100_005 1.000 1.000 1.000 1.000 1.000
CYS01A0101_001 0.361 0.362 0.359 0.357 0.363
CYS01A0101_002 0.227 0.227 0.229 0.229 0.229
CYS01A0101_003 0.412 0.411 0.412 0.415 0.408
CYS-1A0101_004 0.000 0.000 0.000 0.000 0.000
ALA01A0102_001 1.000 1.000 1.000 1.000 1.000
ALA01A0103_001 1.000 1.000 1.000 1.000 1.000
LYS01A0104_001 0.009 0.008 0.010 0.009 0.008
LYS+1A0104_002 0.991 0.992 0.990 0.991 0.992
ASN01A0106_001 1.000 1.000 1.000 1.000 1.000
ASN01A0106_002 0.000 0.000 0.000 0.000 0.000
LEU01A0107_001 1.000 1.000 1.000 1.000 1.000
ARG01A0108_001 0.004 0.005 0.005 0.008 0.005
ARG02A0108_002 0.001 0.002 0.002 0.000 0.002
ARG02A0108_003 0.004 0.005 0.004 0.006 0.005
ARG03A0108_004 0.000 0.000 0.000 0.000 0.000
ARG+1A0108_005 0.990 0.988 0.989 0.985 0.988
GLU01A0109_001 0.000 0.000 0.000 0.000 0.000
GLU01A0109_002 0.000 0.000 0.000 0.000 0.000
GLU02A0109_003 0.000 0.000 0.000 0.000 0.000
GLU02A0109_004 0.000 0.000 0.000 0.000 0.000
GLU-1A0109_005 1.000 1.000 1.000 1.000 1.000
PHE01A0110_001 1.000 1.000 1.000 1.000 1.000
LEU01A0111_001 1.000 1.000 1.000 1.000 1.000
ARG01A0112_001 0.000 0.000 0.000 0.000 0.000
ARG02A0112_002 0.000 0.000 0.000 0.000 0.000
ARG03A0112_003 0.000 0.000 0.000 0.000 0.000
ARG+1A0112_004 1.000 1.000 1.000 1.000 1.000
ALA01A0113_001 1.000 1.000 1.000 1.000 1.000
ARG01A0114_001 0.000 0.000 0.000 0.000 0.000
ARG02A0114_002 0.000 0.000 0.000 0.000 0.000
ARG03A0114_003 0.000 0.000 0.000 0.000 0.000
ARG+1A0114_004 1.000 1.000 1.000 1.000 1.000
ARG01A0115_001 0.000 0.000 0.000 0.000 0.000
ARG02A0115_002 0.000 0.000 0.000 0.000 0.000
ARG03A0115_003 0.000 0.000 0.000 0.000 0.000
ARG+1A0115_004 1.000 1.000 1.000 1.000 1.000
PRO01A0116_001 1.000 1.000 1.000 1.000 1.000
PRO01A0117_001 1.000 1.000 1.000 1.000 1.000
PRO01A0119_001 1.000 1.000 1.000 1.000 1.000
ASP01A0120_001 0.000 0.000 0.000 0.000 0.000
ASP01A0120_002 0.004 0.005 0.005 0.004 0.004
ASP02A0120_003 0.000 0.000 0.000 0.000 0.000
ASP02A0120_004 0.006 0.008 0.006 0.005 0.007
ASP-1A0120_005 0.990 0.987 0.989 0.991 0.989
LEU01A0121_001 1.000 1.000 1.000 1.000 1.000
SER01A0122_001 1.000 1.000 1.000 1.000 1.000
PRO01A0123_001 1.000 1.000 1.000 1.000 1.000
ASP01A0124_001 0.000 0.000 0.000 0.000 0.000
ASP01A0124_002 0.000 0.000 0.000 0.000 0.000
ASP02A0124_003 0.000 0.000 0.000 0.000 0.000
ASP02A0124_004 0.000 0.000 0.000 0.000 0.000
ASP-1A0124_005 1.000 1.000 1.000 1.000 1.000
PRO01A0126_001 1.000 1.000 1.000 1.000 1.000
ARG01A0127_001 0.000 0.000 0.000 0.000 0.000
ARG02A0127_002 0.000 0.000 0.000 0.000 0.000
ARG03A0127_003 0.000 0.000 0.000 0.000 0.000
ARG+1A0127_004 1.000 1.000 1.000 1.000 1.000
SER01A0128_001 0.544 0.546 0.545 0.545 0.537
SER01A0128_002 0.456 0.454 0.455 0.455 0.463
SER01A0129_001 1.000 1.000 1.000 1.000 1.000
GLU01A0130_001 0.000 0.000 0.000 0.000 0.000
GLU01A0130_002 0.012 0.014 0.012 0.014 0.013
GLU02A0130_003 0.000 0.000 0.000 0.000 0.000
GLU02A0130_004 0.000 0.000 0.000 0.000 0.000
GLU-1A0130_005 0.988 0.986 0.988 0.986 0.987
PRO01A0132_001 1.000 1.000 1.000 1.000 1.000
LEU01A0133_001 1.000 1.000 1.000 1.000 1.000
SER01A0134_001 1.000 1.000 1.000 1.000 1.000
PHE01A0135_001 1.000 1.000 1.000 1.000 1.000
PRO01A0136_001 1.000 1.000 1.000 1.000 1.000
VAL01A0137_001 1.000 1.000 1.000 1.000 1.000
LEU01A0138_001 1.000 1.000 1.000 1.000 1.000
VAL01A0139_001 1.000 1.000 1.000 1.000 1.000
SER01A0140_001 0.028 0.026 0.024 0.023 0.023
SER01A0140_002 0.972 0.974 0.976 0.977 0.977
CYS01A0141_001 0.234 0.229 0.230 0.225 0.230
CYS01A0141_002 0.653 0.662 0.659 0.657 0.658
CYS01A0141_003 0.112 0.109 0.111 0.118 0.112
CYS-1A0141_004 0.000 0.000 0.000 0.000 0.000
ALA01A0142_001 1.000 1.000 1.000 1.000 1.000
TYR01A0143_001 0.567 0.569 0.564 0.570 0.571
TYR01A0143_002 0.433 0.431 0.436 0.430 0.429
TYR-1A0143_003 0.000 0.000 0.000 0.000 0.000
GLN01A0144_001 1.000 1.000 1.000 1.000 1.000
VAL01A0145_001 1.000 1.000 1.000 1.000 1.000
ALA01A0146_001 1.000 1.000 1.000 1.000 1.000
ARG01A0147_001 0.000 0.000 0.000 0.000 0.000
ARG02A0147_002 0.000 0.000 0.000 0.000 0.000
ARG03A0147_003 0.000 0.000 0.000 0.000 0.000
ARG+1A0147_004 1.000 1.000 1.000 1.000 1.000
MET01A0149_001 1.000 1.000 1.000 1.000 1.000
GLN01A0150_001 0.973 0.972 0.971 0.969 0.972
GLN01A0150_002 0.027 0.028 0.029 0.031 0.028
TYR01A0151_001 0.021 0.020 0.021 0.020 0.019
TYR01A0151_002 0.979 0.980 0.979 0.980 0.981
TYR-1A0151_003 0.000 0.000 0.000 0.000 0.000
LEU01A0152_001 1.000 1.000 1.000 1.000 1.000
GLU01A0153_001 0.000 0.000 0.000 0.000 0.000
GLU01A0153_002 0.000 0.000 0.000 0.000 0.000
GLU02A0153_003 0.000 0.000 0.000 0.000 0.000
GLU02A0153_004 0.000 0.001 0.000 0.001 0.000
GLU-1A0153_005 1.000 0.999 1.000 0.999 1.000
SER01A0154_001 0.945 0.942 0.942 0.943 0.945
SER01A0154_002 0.055 0.058 0.058 0.057 0.055
ARG01A0155_001 0.000 0.000 0.000 0.000 0.000
ARG02A0155_002 0.000 0.000 0.000 0.000 0.000
ARG03A0155_003 0.000 0.000 0.000 0.000 0.000
ARG+1A0155_004 1.000 1.000 1.000 1.000 1.000
LYS01A0156_001 0.000 0.001 0.000 0.000 0.000
LYS+1A0156_002 1.000 0.999 1.000 1.000 1.000
CYS01A0157_001 0.288 0.278 0.274 0.293 0.288
CYS01A0157_002 0.036 0.036 0.039 0.036 0.038
CYS01A0157_003 0.676 0.686 0.687 0.670 0.675
CYS-1A0157_004 0.000 0.000 0.000 0.000 0.000
ILE01A0158_001 1.000 1.000 1.000 1.000 1.000
HIS01A0159_001 1.000 1.000 1.000 1.000 1.000
HIS02A0159_002 0.000 0.000 0.000 0.000 0.000
HIS+1A0159_003 0.000 0.000 0.000 0.000 0.000
ARG01A0160_001 0.000 0.000 0.000 0.000 0.000
ARG02A0160_002 1.000 1.000 1.000 1.000 1.000
ARG03A0160_003 0.000 0.000 0.000 0.000 0.000
ARG+1A0160_004 0.000 0.000 0.000 0.000 0.000
ASP01A0161_001 0.000 0.000 0.000 0.000 0.000
ASP01A0161_002 0.000 0.000 0.000 0.000 0.000
ASP02A0161_003 0.000 0.000 0.000 0.000 0.000
ASP02A0161_004 0.000 0.000 0.002 0.000 0.000
ASP-1A0161_005 1.000 1.000 0.998 1.000 1.000
LEU01A0162_001 1.000 1.000 1.000 1.000 1.000
ALA01A0163_001 1.000 1.000 1.000 1.000 1.000
ALA01A0164_001 1.000 1.000 1.000 1.000 1.000
ARG01A0165_001 0.007 0.007 0.004 0.000 0.004
ARG02A0165_002 0.000 0.001 0.000 0.000 0.001
ARG03A0165_003 0.000 0.000 0.001 0.000 0.001
ARG+1A0165_004 0.993 0.992 0.996 1.000 0.994
ASN01A0166_001 1.000 1.000 1.000 1.000 1.000
ASN01A0166_002 0.000 0.000 0.000 0.000 0.000
VAL01A0167_001 1.000 1.000 1.000 1.000 1.000
LEU01A0168_001 1.000 1.000 1.000 1.000 1.000
VAL01A0169_001 1.000 1.000 1.000 1.000 1.000
THR01A0170_001 0.000 0.000 0.000 0.000 0.000
THR01A0170_002 1.000 1.000 1.000 1.000 1.000
GLU01A0171_001 0.000 0.000 0.000 0.000 0.000
GLU01A0171_002 0.000 0.000 0.000 0.000 0.000
GLU02A0171_003 0.000 0.000 0.000 0.000 0.000
GLU02A0171_004 0.000 0.000 0.000 0.000 0.000
GLU-1A0171_005 1.000 1.000 1.000 1.000 1.000
ASP01A0172_001 0.000 0.000 0.000 0.000 0.000
ASP01A0172_002 0.000 0.000 0.000 0.000 0.000
ASP02A0172_003 0.000 0.000 0.000 0.000 0.000
ASP02A0172_004 0.000 0.000 0.000 0.000 0.000
ASP-1A0172_005 1.000 1.000 1.000 1.000 1.000
ASN01A0173_001 0.997 0.997 0.997 0.997 0.997
ASN01A0173_002 0.003 0.003 0.003 0.003 0.003
VAL01A0174_001 1.000 1.000 1.000 1.000 1.000
MET01A0175_001 1.000 1.000 1.000 1.000 1.000
LYS01A0176_001 0.012 0.012 0.010 0.011 0.013
LYS+1A0176_002 0.988 0.988 0.990 0.989 0.987
ILE01A0177_001 1.000 1.000 1.000 1.000 1.000
ALA01A0178_001 1.000 1.000 1.000 1.000 1.000
ASP01A0179_001 0.000 0.000 0.000 0.000 0.000
ASP01A0179_002 0.212 0.248 0.244 0.245 0.248
ASP02A0179_003 0.000 0.000 0.000 0.000 0.000
ASP02A0179_004 0.001 0.000 0.000 0.000 0.000
ASP-1A0179_005 0.786 0.752 0.756 0.755 0.752
PHE01A0180_001 1.000 1.000 1.000 1.000 1.000
LEU01A0182_001 1.000 1.000 1.000 1.000 1.000
ALA01A0183_001 1.000 1.000 1.000 1.000 1.000
ARG01A0184_001 0.000 0.000 0.000 0.000 0.000
ARG02A0184_002 0.000 0.000 0.000 0.000 0.000
ARG03A0184_003 0.000 0.000 0.000 0.000 0.000
ARG+1A0184_004 1.000 1.000 1.000 1.000 1.000
VAL01A0186_001 1.000 1.000 1.000 1.000 1.000
HIS01A0187_001 0.113 0.112 0.110 0.112 0.112
HIS01A0187_002 0.202 0.190 0.195 0.199 0.198
HIS02A0187_003 0.203 0.216 0.214 0.205 0.206
HIS02A0187_004 0.210 0.211 0.211 0.211 0.208
HIS+1A0187_005 0.113 0.111 0.111 0.112 0.111
HIS+1A0187_006 0.159 0.160 0.159 0.162 0.164
HIS01A0188_001 0.092 0.090 0.091 0.088 0.090
HIS01A0188_002 0.201 0.202 0.206 0.203 0.207
HIS02A0188_003 0.245 0.257 0.247 0.248 0.248
HIS02A0188_004 0.243 0.237 0.240 0.239 0.232
HIS+1A0188_005 0.105 0.102 0.104 0.106 0.110
HIS+1A0188_006 0.114 0.112 0.112 0.117 0.113
ILE01A0189_001 1.000 1.000 1.000 1.000 1.000
ASP01A0190_001 0.000 0.000 0.000 0.000 0.000
ASP01A0190_002 0.000 0.000 0.000 0.000 0.000
ASP02A0190_003 0.000 0.000 0.000 0.000 0.000
ASP02A0190_004 0.000 0.000 0.000 0.000 0.000
ASP-1A0190_005 1.000 1.000 1.000 1.000 1.000
TYR01A0191_001 0.013 0.011 0.013 0.013 0.012
TYR01A0191_002 0.987 0.989 0.987 0.987 0.988
TYR-1A0191_003 0.000 0.000 0.000 0.000 0.000
TYR01A0192_001 0.472 0.467 0.464 0.473 0.469
TYR01A0192_002 0.528 0.533 0.536 0.527 0.531
TYR-1A0192_003 0.000 0.000 0.000 0.000 0.000
LYS01A0193_001 0.000 0.000 0.000 0.000 0.000
LYS+1A0193_002 1.000 1.000 1.000 1.000 1.000
LYS01A0194_001 0.008 0.007 0.009 0.007 0.007
LYS+1A0194_002 0.992 0.993 0.991 0.993 0.993
THR01A0195_001 1.000 1.000 1.000 1.000 1.000
SER01A0196_001 0.838 0.841 0.839 0.837 0.840
SER01A0196_002 0.162 0.159 0.161 0.163 0.160
ASN01A0197_001 0.033 0.028 0.030 0.029 0.029
ASN01A0197_002 0.967 0.972 0.970 0.971 0.971
ARG01A0199_001 0.000 0.000 0.000 0.000 0.000
ARG02A0199_002 0.000 0.000 0.000 0.000 0.000
ARG02A0199_003 0.000 0.000 0.000 0.000 0.000
ARG03A0199_004 0.000 0.000 0.001 0.000 0.000
ARG03A0199_005 0.000 0.000 0.000 0.000 0.000
ARG+1A0199_006 1.000 1.000 0.998 1.000 1.000
LEU01A0200_001 1.000 1.000 1.000 1.000 1.000
PRO01A0201_001 1.000 1.000 1.000 1.000 1.000
VAL01A0202_001 1.000 1.000 1.000 1.000 1.000
LYS01A0203_001 0.035 0.036 0.033 0.033 0.034
LYS+1A0203_002 0.965 0.964 0.967 0.967 0.966
TRP01A0204_001 1.000 1.000 1.000 1.000 1.000
MET01A0205_001 1.000 1.000 1.000 1.000 1.000
ALA01A0206_001 1.000 1.000 1.000 1.000 1.000
PRO01A0207_001 1.000 1.000 1.000 1.000 1.000
GLU01A0208_001 0.000 0.000 0.000 0.000 0.000
GLU01A0208_002 0.000 0.000 0.000 0.000 0.000
GLU02A0208_003 0.000 0.000 0.000 0.000 0.000
GLU02A0208_004 0.000 0.000 0.000 0.000 0.000
GLU-1A0208_005 1.000 1.000 1.000 1.000 1.000
ALA01A0209_001 1.000 1.000 1.000 1.000 1.000
LEU01A0210_001 1.000 1.000 1.000 1.000 1.000
PHE01A0211_001 1.000 1.000 1.000 1.000 1.000
ASP01A0212_001 0.000 0.000 0.000 0.000 0.000
ASP01A0212_002 0.000 0.000 0.000 0.000 0.000
ASP02A0212_003 0.000 0.000 0.000 0.000 0.000
ASP02A0212_004 0.000 0.000 0.001 0.000 0.001
ASP-1A0212_005 1.000 1.000 0.999 1.000 0.999
ARG01A0213_001 0.000 0.000 0.000 0.000 0.000
ARG02A0213_002 0.000 0.000 0.000 0.000 0.000
ARG03A0213_003 0.000 0.000 0.000 0.000 0.000
ARG+1A0213_004 1.000 1.000 1.000 1.000 1.000
VAL01A0214_001 1.000 1.000 1.000 1.000 1.000
TYR01A0215_001 0.407 0.410 0.411 0.413 0.413
TYR01A0215_002 0.593 0.590 0.589 0.587 0.587
TYR-1A0215_003 0.000 0.000 0.000 0.000 0.000
THR01A0216_001 0.015 0.015 0.014 0.013 0.013
THR01A0216_002 0.985 0.985 0.986 0.987 0.987
HIS01A0217_001 0.000 0.000 0.000 0.003 0.000
HIS01A0217_002 0.340 0.337 0.337 0.333 0.339
HIS02A0217_003 0.259 0.250 0.257 0.253 0.252
HIS02A0217_004 0.014 0.014 0.013 0.017 0.015
HIS+1A0217_005 0.261 0.269 0.272 0.268 0.269
HIS+1A0217_006 0.127 0.130 0.121 0.127 0.125
GLN01A0218_001 0.993 0.993 0.993 0.992 0.994
GLN01A0218_002 0.007 0.007 0.007 0.008 0.006
SER01A0219_001 1.000 1.000 1.000 1.000 1.000
ASP01A0220_001 0.000 0.000 0.000 0.000 0.000
ASP01A0220_002 0.000 0.000 0.000 0.000 0.000
ASP02A0220_003 0.000 0.000 0.000 0.000 0.000
ASP02A0220_004 0.000 0.000 0.000 0.000 0.000
ASP-1A0220_005 1.000 1.000 1.000 1.000 1.000
VAL01A0221_001 1.000 1.000 1.000 1.000 1.000
TRP01A0222_001 1.000 1.000 1.000 1.000 1.000
SER01A0223_001 0.981 0.980 0.980 0.979 0.979
SER01A0223_002 0.019 0.020 0.020 0.021 0.021
PHE01A0224_001 1.000 1.000 1.000 1.000 1.000
ILE01A0226_001 1.000 1.000 1.000 1.000 1.000
LEU01A0227_001 1.000 1.000 1.000 1.000 1.000
LEU01A0228_001 1.000 1.000 1.000 1.000 1.000
TRP01A0229_001 1.000 1.000 1.000 1.000 1.000
GLU01A0230_001 0.000 0.000 0.000 0.000 0.000
GLU01A0230_002 0.000 0.000 0.000 0.000 0.000
GLU02A0230_003 0.000 0.000 0.000 0.000 0.000
GLU02A0230_004 0.000 0.000 0.000 0.000 0.000
GLU-1A0230_005 1.000 1.000 1.000 1.000 1.000
ILE01A0231_001 1.000 1.000 1.000 1.000 1.000
PHE01A0232_001 1.000 1.000 1.000 1.000 1.000
THR01A0233_001 0.709 0.702 0.703 0.700 0.704
THR01A0233_002 0.291 0.298 0.297 0.300 0.296
LEU01A0234_001 1.000 1.000 1.000 1.000 1.000
SER01A0237_001 0.094 0.094 0.092 0.095 0.095
SER01A0237_002 0.120 0.121 0.123 0.123 0.129
SER01A0237_003 0.786 0.784 0.785 0.782 0.777
PRO01A0238_001 1.000 1.000 1.000 1.000 1.000
TYR01A0239_001 0.041 0.041 0.038 0.040 0.039
TYR01A0239_002 0.959 0.959 0.962 0.960 0.961
TYR-1A0239_003 0.000 0.000 0.000 0.000 0.000
PRO01A0240_001 1.000 1.000 1.000 1.000 1.000
ILE01A0242_001 1.000 1.000 1.000 1.000 1.000
PRO01A0243_001 1.000 1.000 1.000 1.000 1.000
VAL01A0244_001 1.000 1.000 1.000 1.000 1.000
GLU01A0245_001 0.000 0.000 0.000 0.000 0.000
GLU01A0245_002 0.000 0.001 0.000 0.000 0.000
GLU02A0245_003 0.000 0.000 0.000 0.000 0.000
GLU02A0245_004 0.000 0.000 0.000 0.000 0.000
GLU-1A0245_005 1.000 0.999 1.000 1.000 1.000
GLU01A0246_001 0.000 0.000 0.000 0.000 0.000
GLU01A0246_002 0.000 0.000 0.000 0.000 0.000
GLU02A0246_003 0.000 0.000 0.000 0.000 0.000
GLU02A0246_004 0.001 0.000 0.000 0.000 0.000
GLU-1A0246_005 0.999 1.000 1.000 1.000 1.000
LEU01A0247_001 1.000 1.000 1.000 1.000 1.000
PHE01A0248_001 1.000 1.000 1.000 1.000 1.000
SER01A0249_001 1.000 1.000 1.000 1.000 1.000
LEU01A0250_001 1.000 1.000 1.000 1.000 1.000
LEU01A0251_001 1.000 1.000 1.000 1.000 1.000
ARG01A0252_001 0.000 0.000 0.000 0.000 0.000
ARG02A0252_002 0.000 0.000 0.000 0.000 0.000
ARG03A0252_003 0.000 0.000 0.000 0.000 0.000
ARG+1A0252_004 1.000 1.000 1.000 1.000 1.000
GLU01A0253_001 0.000 0.000 0.000 0.000 0.000
GLU01A0253_002 0.000 0.000 0.002 0.000 0.000
GLU02A0253_003 0.000 0.000 0.000 0.000 0.000
GLU02A0253_004 0.000 0.000 0.002 0.000 0.001
GLU-1A0253_005 1.000 1.000 0.996 1.000 0.998
HIS01A0255_001 0.128 0.128 0.136 0.133 0.129
HIS01A0255_002 0.085 0.084 0.087 0.084 0.086
HIS02A0255_003 0.117 0.118 0.121 0.113 0.112
HIS02A0255_004 0.311 0.308 0.314 0.308 0.303
HIS+1A0255_005 0.163 0.166 0.156 0.162 0.169
HIS+1A0255_006 0.196 0.197 0.187 0.200 0.201
ARG01A0256_001 0.000 0.000 0.000 0.000 0.000
ARG02A0256_002 0.000 0.000 0.000 0.000 0.000
ARG03A0256_003 0.000 0.000 0.000 0.000 0.000
ARG+1A0256_004 1.000 1.000 1.000 1.000 1.000
MET01A0257_001 1.000 1.000 1.000 1.000 1.000
ASP01A0258_001 0.000 0.000 0.000 0.000 0.000
ASP01A0258_002 0.000 0.000 0.000 0.000 0.000
ASP02A0258_003 0.000 0.000 0.000 0.000 0.000
ASP02A0258_004 0.000 0.000 0.000 0.000 0.000
ASP-1A0258_005 1.000 1.000 1.000 1.000 1.000
ARG01A0259_001 0.000 0.000 0.000 0.000 0.000
ARG02A0259_002 0.000 0.000 0.000 0.000 0.000
ARG03A0259_003 0.000 0.000 0.000 0.000 0.000
ARG+1A0259_004 1.000 1.000 1.000 1.000 1.000
PRO01A0260_001 1.000 1.000 1.000 1.000 1.000
PRO01A0261_001 1.000 1.000 1.000 1.000 1.000
HIS01A0262_001 0.053 0.052 0.054 0.052 0.056
HIS01A0262_002 0.108 0.112 0.112 0.110 0.117
HIS02A0262_003 0.124 0.126 0.126 0.122 0.125
HIS02A0262_004 0.213 0.220 0.219 0.214 0.235
HIS+1A0262_005 0.113 0.109 0.115 0.107 0.100
HIS+1A0262_006 0.389 0.380 0.374 0.395 0.367
CYS01A0263_001 0.391 0.386 0.388 0.383 0.381
CYS01A0263_002 0.264 0.261 0.259 0.262 0.267
CYS01A0263_003 0.346 0.353 0.354 0.355 0.352
CYS-1A0263_004 0.000 0.000 0.000 0.000 0.000
PRO01A0264_001 1.000 1.000 1.000 1.000 1.000
PRO01A0265_001 1.000 1.000 1.000 1.000 1.000
GLU01A0266_001 0.000 0.000 0.000 0.000 0.000
GLU01A0266_002 0.000 0.000 0.000 0.000 0.000
GLU02A0266_003 0.000 0.000 0.000 0.000 0.000
GLU02A0266_004 0.000 0.000 0.000 0.000 0.000
GLU-1A0266_005 1.000 1.000 1.000 1.000 1.000
LEU01A0267_001 1.000 1.000 1.000 1.000 1.000
TYR01A0268_001 0.977 0.977 0.978 0.977 0.976
TYR01A0268_002 0.023 0.023 0.022 0.023 0.024
TYR-1A0268_003 0.000 0.000 0.000 0.000 0.000
LEU01A0270_001 1.000 1.000 1.000 1.000 1.000
MET01A0271_001 1.000 1.000 1.000 1.000 1.000
ARG01A0272_001 0.000 0.000 0.000 0.000 0.000
ARG02A0272_002 0.000 0.000 0.000 0.000 0.000
ARG02A0272_003 0.000 0.000 0.000 0.000 0.000
ARG03A0272_004 0.000 0.000 0.000 0.000 0.000
ARG+1A0272_005 1.000 1.000 1.000 1.000 1.000
GLU01A0273_001 0.000 0.000 0.000 0.000 0.000
GLU01A0273_002 0.000 0.000 0.000 0.000 0.000
GLU02A0273_003 0.000 0.000 0.000 0.000 0.000
GLU02A0273_004 0.000 0.001 0.000 0.000 0.000
GLU-1A0273_005 1.000 0.999 1.000 1.000 1.000
CYS01A0274_001 0.309 0.315 0.315 0.315 0.314
CYS01A0274_002 0.423 0.422 0.419 0.420 0.425
CYS01A0274_003 0.267 0.264 0.266 0.265 0.261
CYS-1A0274_004 0.000 0.000 0.000 0.000 0.000
TRP01A0275_001 1.000 1.000 1.000 1.000 1.000
HIS01A0276_001 0.005 0.005 0.005 0.005 0.005
HIS02A0276_002 0.821 0.825 0.818 0.820 0.820
HIS+1A0276_003 0.174 0.170 0.177 0.175 0.175
ALA01A0277_001 1.000 1.000 1.000 1.000 1.000
ALA01A0278_001 1.000 1.000 1.000 1.000 1.000
PRO01A0279_001 1.000 1.000 1.000 1.000 1.000
SER01A0280_001 0.236 0.237 0.236 0.242 0.237
SER01A0280_002 0.764 0.763 0.764 0.758 0.763
GLN01A0281_001 0.117 0.122 0.121 0.116 0.116
GLN01A0281_002 0.883 0.878 0.879 0.884 0.884
ARG01A0282_001 0.000 0.000 0.000 0.000 0.000
ARG02A0282_002 0.000 0.000 0.000 0.000 0.000
ARG02A0282_003 0.000 0.000 0.000 0.000 0.000
ARG03A0282_004 0.000 0.000 0.000 0.000 0.000
ARG03A0282_005 0.000 0.000 0.000 0.000 0.000
ARG+1A0282_006 1.000 1.000 1.000 1.000 1.000
PRO01A0283_001 1.000 1.000 1.000 1.000 1.000
THR01A0284_001 1.000 1.000 1.000 1.000 1.000
PHE01A0285_001 1.000 1.000 1.000 1.000 1.000
LYS01A0286_001 0.001 0.001 0.000 0.001 0.000
LYS+1A0286_002 0.999 0.999 1.000 0.999 1.000
GLN01A0287_001 0.000 0.000 0.000 0.000 0.000
GLN01A0287_002 1.000 1.000 1.000 1.000 1.000
LEU01A0288_001 1.000 1.000 1.000 1.000 1.000
VAL01A0289_001 1.000 1.000 1.000 1.000 1.000
GLU01A0290_001 0.000 0.000 0.000 0.000 0.000
GLU01A0290_002 0.000 0.000 0.000 0.000 0.000
GLU02A0290_003 0.000 0.000 0.000 0.000 0.000
GLU02A0290_004 0.000 0.000 0.000 0.000 0.000
GLU-1A0290_005 1.000 1.000 1.000 1.000 1.000
ALA01A0291_001 1.000 1.000 1.000 1.000 1.000
LEU01A0292_001 1.000 1.000 1.000 1.000 1.000
ASP01A0293_001 0.000 0.000 0.000 0.000 0.000
ASP01A0293_002 0.006 0.007 0.004 0.004 0.003
ASP02A0293_003 0.000 0.000 0.000 0.000 0.000
ASP02A0293_004 0.000 0.000 0.004 0.003 0.002
ASP-1A0293_005 0.994 0.993 0.993 0.993 0.995
LYS01A0294_001 0.000 0.000 0.000 0.000 0.000
LYS+1A0294_002 1.000 1.000 1.000 1.000 1.000
VAL01A0295_001 1.000 1.000 1.000 1.000 1.000
LEU01A0296_001 1.000 1.000 1.000 1.000 1.000
LEU01A0297_001 1.000 1.000 1.000 1.000 1.000
ALA01A0298_001 1.000 1.000 1.000 1.000 1.000
VAL01A0299_001 1.000 1.000 1.000 1.000 1.000
0LI11B0002_001 0.001 0.000 0.000 0.000 0.000
0LI11B0002_002 0.000 0.000 0.000 0.000 0.000
0LI12B0002_003 0.999 1.000 1.000 1.000 1.000
0LI12B0002_004 0.000 0.000 0.000 0.000 0.000
0LI01B0002_005 0.000 0.000 0.000 0.000 0.000
0LI01B0002_006 0.000 0.000 0.000 0.000 0.000
0LIDMB0002_007 0.000 0.000 0.000 0.000 0.000
