   Rotamer making statitics:
   Residue   Start  Clean   Swap Rotate   Self  Hbond Repack  Ioni.   TorH     OH  Elect
   NTRA0001      1      1      1      2      1      1      1      2      2      2      2
   ASPA0001      1      1      1     19     15     27     15     45     69    169     77
   LYSA0002      1      1      1   1297    126    129      7     14     14     31     16
   TRPA0003      1      1      1     37      9     25     10     10     10     21     11
   GLUA0004      1      1      1    109     40     69     28     60    100    260    134
   META0005      1      1      1    217     61     61     25     20     20     39     23
   GLUA0006      1      1      1    109     29     43     20     60     80    218     95
   ARGA0007      1      1      1   1297    176    192     16     64     84    232     99
   THRA0008      1      1      1      7      5      9      8      8     19     79     23
   ASPA0009      1      1      1     19      4     10      6     18     30     85     40
   ILEA0010      1      1      1     37     10     10      6      6      6     14     13
   THRA0011      1      1      1      7      6      8      8      8     19     81     21
   META0012      1      1      1    217     75     75     24     20     20     28     21
   LYSA0013      1      1      1   1297    137    140     63     40     40     79     37
   HISA0014      1      1      1     37     18     38     19     57     40     77     40
   LYSA0015      1      1      1   1297    325    352    128     40     40     83     42
   LEUA0016      1      1      1     37      7      7      7      7      7     15      9
   GLYA0017      0      0      0      0      0      0      0      0      0      0      0
   GLYA0018      0      0      0      0      0      0      0      0      0      0      0
   GLYA0019      0      0      0      0      0      0      0      0      0      0      0
   GLNA0020      1      1      1    217     11      3      2      2      2      6      5
   TYRA0021      1      1      1     37      8     12      3      6      9     30     11
   GLYA0022      0      0      0      0      0      0      0      0      0      0      0
   GLUA0023      1      1      1    109     36     58     25     60    100    249    134
   VALA0024      1      1      1      7      5      5      3      3      3      8      3
   TYRA0025      1      1      1     19      1      3      2      4      6     22      9
   GLUA0026      1      1      1    109     41     60      6     18     30     62     22
   GLYA0027      0      0      0      0      0      0      0      0      0      0      0
   VALA0028      1      1      1      7      5      5      5      5      5     12      8
   TRPA0029      1      1      1     37     11     16      6      6      6     14      8
   LYSA0030      1      1      1   1297    227    236    154     40     40     81     41
   LYSA0031      1      1      1   1297    290    302     39     40     40     82     40
   TYRA0032      1      1      1     19      4      8      3      6      8     25      8
   SERA0033      1      1      1      7      5      5      4      4      6     19      7
   LEUA0034      1      1      1     37      6      6      2      2      2      3      2
   THRA0035      1      1      1      7      6      9      5      5      7     30      7
   VALA0036      1      1      1      7      1      1      1      1      1      4      2
   ALAA0037      1      1      1      2      1      1      1      1      1      1      1
   VALA0038      1      1      1      7      4      4      2      2      2      6      5
   LYSA0039      1      1      1   1297    282    308      2      4      4     11      6
   THRA0040      1      1      1      7      5     10      6      6      7     31      8
   LEUA0041      1      1      1     37      6      6      2      2      2      6      4
   LYSA0042      1      1      1   1297    336    356    169     40     40     81     40
   GLUA0043      1      1      1    109     36     56      8     24     24     71     29
   ASPA0044      1      1      1     19     12     16     10     30     32     83     30
   THRA0045      1      1      1      7      3      6      5      5     14     62     15
   META0046      1      1      1    217     88     88     23     20     20     37     20
   GLUA0047      1      1      1    109     37     54     14     42     69    184     61
   VALA0048      1      1      1      7      2      2      2      2      2      6      3
   GLUA0049      1      1      1    109     45     64     23     60     91    224     82
   GLUA0050      1      1      1    109     36     52      3      9     15     46     24
   PHEA0051      1      1      1     19      3      3      2      2      2      6      2
   LEUA0052      1      1      1     37     12     12      6      6      6     14     11
   LYSA0053      1      1      1   1297    152    155     61     40     40     83     41
   GLUA0054      1      1      1    109      7     19      2      6     10     18     10
   ALAA0055      1      1      1      2      1      1      1      1      1      1      1
   ALAA0056      1      1      1      2      1      1      1      1      1      1      1
   VALA0057      1      1      1      7      2      2      2      2      2      6      6
   META0058      1      1      1    217     34     34      2      2      2      6      3
   LYSA0059      1      1      1   1297    241    261     50     40     40     79     42
   GLUA0060      1      1      1    109     32     45     21     60    100    262    137
   ILEA0061      1      1      1     37     11     11      8      8      8     18     12
   LYSA0062      1      1      1   1297    247    263    122     40     40     83     40
   HISA0063      1      1      1     37     14     16      6     18     18     42     24
   PROA0064      1      1      1      2      1      1      1      1      1      1      1
   ASNA0065      1      1      1     37      9     14      8      8      8     17      8
   LEUA0066      1      1      1     37      6      6      4      4      4     10      8
   VALA0067      1      1      1      7      3      3      2      2      2      6      4
   GLNA0068      1      1      1    217     70     87     87     20     20     42     22
   LEUA0069      1      1      1     37      5      5      2      2      2      6      2
   LEUA0070      1      1      1     37      7      7      5      5      5     12     10
   GLYA0071      0      0      0      0      0      0      0      0      0      0      0
   VALA0072      1      1      1      7      5      5      4      4      4     10      7
   CYSA0073      1      1      1      7      4      4      2      4      8     32      8
   THRA0074      1      1      1      7      3      6      4      4      7     33     16
   ARGA0075      1      1      1   1297    318    327     37     80    119    325    141
   GLUA0076      1      1      1    109     39     49      9     27     40    103     55
   PROA0077      1      1      1      2      1      1      1      1      1      1      1
   PROA0078      1      1      1      2      1      1      1      1      1      1      1
   PHEA0079      1      1      1     19      3      3      1      1      1      4      1
   TYRA0080      1      1      1     19      6     12      3      6      8     26     14
   ILEA0081      1      1      1     37     13     13      2      2      2      6      3
   ILEA0082      1      1      1     37      4      4      2      2      2      6      5
   THRA0083      1      1      1      7      2      2      1      1      3      3      3
   GLUA0084      1      1      1    109     39     59      3      9     15     47     26
   PHEA0085      1      1      1     19      3      3      2      2      2      6      3
   META0086      1      1      1    217     42     41      2      2      2      6      3
   THRA0087      1      1      1      7      6      8      8      8     18     78     31
   TYRA0088      1      1      1     19      5      6      5     10      9     29     14
   GLYA0089      0      0      0      0      0      0      0      0      0      0      0
   ASNA0090      1      1      1     37     12     23     15     15     13     24     12
   LEUA0091      1      1      1     37      9      9      2      2      2      6      2
   LEUA0092      1      1      1     37      3      3      3      3      3      8      4
   ASPA0093      1      1      1     19     11     22     13     39     65    174     73
   TYRA0094      1      1      1     19      3      5      2      4      6     22      6
   LEUA0095      1      1      1     37      1      1      1      1      1      4      1
   ARGA0096      1      1      1   1297    144    149     43     80     89    227     91
   GLUA0097      1      1      1    109     26     38     11     33     53    131     54
   CYSA0098      1      1      1      7      3      3      1      2      4      4      4
   ASNA0099      1      1      1     37     19     37     24     20     13     28     13
   ARGA0100      1      1      1   1297    144    145     27     80     84    208     85
   GLNA0101      1      1      1    217     95    107     44     20     19     40     19
   GLUA0102      1      1      1    109     37     50     24     60     69    189     70
   VALA0103      1      1      1      7      1      1      1      1      1      4      1
   ASNA0104      1      1      1     37      9      9      6      6      6     14      6
   ALAA0105      1      1      1      2      1      1      1      1      1      1      1
   VALA0106      1      1      1      7      4      4      2      2      2      6      3
   VALA0107      1      1      1      7      2      2      1      1      1      4      1
   LEUA0108      1      1      1     37      3      3      1      1      1      4      1
   LEUA0109      1      1      1     37      6      6      3      3      3      8      6
   TYRA0110      1      1      1     37     10     13      4      8      8     16      8
   META0111      1      1      1    217     55     55      5      5      5      9      6
   ALAA0112      1      1      1      2      1      1      1      1      1      1      1
   THRA0113      1      1      1      7      1      1      1      1      3     18      2
   GLNA0114      1      1      1    217     29     37     24     20     20     42     20
   ILEA0115      1      1      1     37      4      4      2      2      2      6      4
   SERA0116      1      1      1      7      4      5      1      1      3      3      2
   SERA0117      1      1      1      7      4      5      5      5     11     37     15
   ALAA0118      1      1      1      2      1      1      1      1      1      3      2
   META0119      1      1      1    217     59     59      6      6      6     14      8
   GLUA0120      1      1      1    109     10     19     10     30     47    124     45
   TYRA0121      1      1      1     19      6     10      5     10     15     46     23
   LEUA0122      1      1      1     37      4      4      3      3      3      8      6
   GLUA0123      1      1      1    109     22     28      8     24     40    111     52
   LYSA0124      1      1      1   1297    278    283    163     40     40     78     40
   LYSA0125      1      1      1   1297    149    153     59     40     40     72     40
   ASNA0126      1      1      1     37     11     11      4      4      4      9      3
   PHEA0127      1      1      1     19      2      2      2      2      2      6      3
   ILEA0128      1      1      1     37      6      6      4      4      4     10      6
   HISA0129      1      1      1     37     20     30      6     18     15     34     13
   ARGA0130      1      1      1   1297    244    258     42     80    107    293    120
   ASPA0131      1      1      1     19      8     15      9     27     44    122     44
   LEUA0132      1      1      1     37     10     10      4      4      4     10      9
   ALAA0133      1      1      1      2      1      1      1      1      1      3      1
   ALAA0134      1      1      1      2      1      1      1      1      1      3      2
   ARGA0135      1      1      1   1297    279    286      3     12     14     33     14
   ASNA0136      1      1      1     37     15     26     11     11      7     16      8
   CYSA0137      1      1      1      7      5      5      3      6     12     21     12
   LEUA0138      1      1      1     37      3      3      1      1      1      4      3
   VALA0139      1      1      1      7      2      2      1      1      1      4      2
   GLYA0140      0      0      0      0      0      0      0      0      0      0      0
   GLUA0141      1      1      1    109     50     70     21     60     69    165     68
   ASNA0142      1      1      1     37     12     21     10     10      7     16      8
   HISA0143      1      1      1     37     12     17      5     15      9     23     12
   LEUA0144      1      1      1     37      7      7      7      7      7     15     11
   VALA0145      1      1      1      7      5      5      5      5      5     12     10
   LYSA0146      1      1      1   1297    114    131      3      6      6     16      8
   VALA0147      1      1      1      7      5      5      5      5      5     12      7
   ALAA0148      1      1      1      2      1      1      1      1      1      3      1
   ASPA0149      1      1      1     19      7      9      4     12     20     61     30
   PHEA0150      1      1      1     19      9      9      2      2      2      5      3
   GLYA0151      0      0      0      0      0      0      0      0      0      0      0
   LEUA0152      1      1      1     37      4      4      2      2      2      6      5
   SERA0153      1      1      1      7      6     11     10     10     21     82     24
   ARGA0154      1      1      1   1297    256    278     63     80     96    260    124
   LEUA0155      1      1      1     37      2      2      2      2      2      6      3
   META0156      1      1      1    217     87     87     68     20     20     31     21
   THRA0157      1      1      1      7      3      3      2      2      3     17      5
   GLYA0158      0      0      0      0      0      0      0      0      0      0      0
   ASPA0159      1      1      1     19      9     12      7     21     24     69     24
   THRA0160      1      1      1      7      6     12      7      7     18     78     22
   TYRA0161      1      1      1     37     12     17      7     14     21     62     29
   THRA0162      1      1      1      7      4      8      6      6      9     32      7
   ALAA0163      1      1      1      2      1      1      1      1      1      1      1
   HISA0164      1      1      1     37     23     23     21     60     60    126     65
   ALAA0165      1      1      1      2      1      1      1      1      1      1      1
   GLYA0166      0      0      0      0      0      0      0      0      0      0      0
   ALAA0167      1      1      1      2      1      1      1      1      1      1      1
   LYSA0168      1      1      1   1297    331    331      7     14     14     30     14
   PHEA0169      1      1      1     19      6      6      3      3      3      8      4
   PROA0170      1      1      1      2      1      1      1      1      1      1      1
   ILEA0171      1      1      1     37     11     11      4      4      4     10      5
   LYSA0172      1      1      1   1297    199    208     25     40     40     82     42
   TRPA0173      1      1      1     37      3      9      4      4      4     10      8
   THRA0174      1      1      1      7      1      1      1      1      2     13      2
   ALAA0175      1      1      1      2      1      1      1      1      1      3      1
   PROA0176      1      1      1      2      1      1      1      1      1      1      1
   GLUA0177      1      1      1    109     65     84     22     60     96    242    115
   SERA0178      1      1      1      7      5      6      2      2      4      9      4
   LEUA0179      1      1      1     37      8      8      4      4      4      8      5
   ALAA0180      1      1      1      2      1      1      1      1      1      1      1
   TYRA0181      1      1      1     19      4      4      4      8     10     32     12
   ASNA0182      1      1      1     37     10      9      3      3      3      7      3
   LYSA0183      1      1      1   1297    256    271     50     40     40     82     42
   PHEA0184      1      1      1     19      6      6      2      2      2      5      3
   SERA0185      1      1      1      7      5      8      4      4      9     39     12
   ILEA0186      1      1      1     37     10     10      5      5      5     12      8
   LYSA0187      1      1      1   1297     74     83     24     40     40     80     38
   SERA0188      1      1      1      7      4      4      3      3      8     14      9
   ASPA0189      1      1      1     19      8     12      8     24     36     99     47
   VALA0190      1      1      1      7      1      1      1      1      1      4      1
   TRPA0191      1      1      1     37      1      2      2      2      2      3      3
   ALAA0192      1      1      1      2      1      1      1      1      1      1      1
   PHEA0193      1      1      1     19      4      4      1      1      1      4      1
   GLYA0194      0      0      0      0      0      0      0      0      0      0      0
   VALA0195      1      1      1      7      2      2      2      2      2      6      2
   LEUA0196      1      1      1     37      5      5      4      4      4     10      4
   LEUA0197      1      1      1     37     12     12      1      1      1      4      1
   TRPA0198      1      1      1     37      5      5      4      4      4     10      5
   GLUA0199      1      1      1    109     19     40     11     33     50    110     55
   ILEA0200      1      1      1     37      3      3      2      2      2      6      3
   ALAA0201      1      1      1      2      1      1      1      1      1      1      1
   THRA0202      1      1      1      7      1      1      1      1      2     13      2
   TYRA0203      1      1      1     37      4      6      3      6      6     14      6
   GLYA0204      0      0      0      0      0      0      0      0      0      0      0
   META0205      1      1      1    217     69     69     25     20     20     26     20
   SERA0206      1      1      1      7      6      7      4      4      8     23      9
   PROA0207      1      1      1      2      1      1      1      1      1      1      1
   TYRA0208      1      1      1     19      5     10      7     14     17     50     24
   PROA0209      1      1      1      2      1      1      1      1      1      1      1
   GLYA0210      0      0      0      0      0      0      0      0      0      0      0
   ILEA0211      1      1      1     37      6      6      4      4      4     10      6
   ASPA0212      1      1      1     19     14     28     15     45     39     96     36
   LEUA0213      1      1      1     37     14     14      8      8      8     17     13
   SERA0214      1      1      1      7      6      8      6      6     11     44      9
   GLNA0215      1      1      1    217     56     75     24     20     20     40     18
   VALA0216      1      1      1      7      1      1      1      1      1      4      1
   TYRA0217      1      1      1     37      8     10      5     10     13     38     16
   GLUA0218      1      1      1    109     34     49     24     60     98    241     94
   LEUA0219      1      1      1     37      7      7      1      1      1      1      1
   LEUA0220      1      1      1     37      9      9      1      1      1      4      1
   GLUA0221      1      1      1    109     19     27      7     21     35     94     31
   LYSA0222      1      1      1   1297    151    164     28     40     40     84     41
   ASPA0223      1      1      1     19      8     14      4     12     20     61     22
   TYRA0224      1      1      1     37      8     11      4      8     10     32     15
   ARGA0225      1      1      1   1297    127    139     39     80    116    318    182
   META0226      1      1      1    217     70     70     10     10     10     22     14
   GLUA0227      1      1      1    109     47     64     19     57     54    119     56
   ARGA0228      1      1      1   1297    112    121     38     80    102    278    104
   PROA0229      1      1      1      2      1      1      1      1      1      1      1
   GLUA0230      1      1      1    109     49     49     13     39     53    146     55
   GLYA0231      0      0      0      0      0      0      0      0      0      0      0
   CYSA0232      1      1      1      7      4      4      2      4      8     32     10
   PROA0233      1      1      1      2      1      1      1      1      1      1      1
   GLUA0234      1      1      1    109     57     75     30     60     96    257    114
   LYSA0235      1      1      1   1297    343    361    170     40     40     84     42
   VALA0236      1      1      1      7      2      2      2      2      2      6      3
   TYRA0237      1      1      1     19      2      4      4      8     12     38     17
   GLUA0238      1      1      1    109     33     45     25     60     85    231     93
   LEUA0239      1      1      1     37      9      9      5      5      5     11      7
   META0240      1      1      1    217     26     26     13     13     13     23     15
   ARGA0241      1      1      1   1297    200    212     93     80    116    320    191
   ALAA0242      1      1      1      2      1      1      1      1      1      1      1
   CYSA0243      1      1      1      7      1      1      1      2      4      4      4
   TRPA0244      1      1      1     37      6      8      4      4      4     10      7
   GLNA0245      1      1      1    217     28     36      7      7      6     11      5
   TRPA0246      1      1      1     37      9     15     10     10     10     22     12
   ASNA0247      1      1      1     37     17     28     14     14     13     28     12
   PROA0248      1      1      1      2      1      1      1      1      1      1      1
   SERA0249      1      1      1      7      6      9      7      7      5     20      6
   ASPA0250      1      1      1     19      8     16     12     36     53    129     30
   ARGA0251      1      1      1   1297      3      6      1      4      6     24     13
   PROA0252      1      1      1      2      1      1      1      1      1      1      1
   SERA0253      1      1      1      7      5      9      9      9     20     83     24
   PHEA0254      1      1      1     19      2      2      1      1      1      4      2
   ALAA0255      1      1      1      2      1      1      1      1      1      1      1
   GLUA0256      1      1      1    109     40     58     24     60     78    174     76
   ILEA0257      1      1      1     37      4      4      2      2      2      6      2
   HISA0258      1      1      1     37      6     14     10     30     27     57     27
   GLNA0259      1      1      1    217     48     54     26     20     20     39     19
   ALAA0260      1      1      1      2      1      1      1      1      1      1      1
   PHEA0261      1      1      1     19      2      2      1      1      1      1      1
   GLUA0262      1      1      1    109     25     31     14     42     62    148     68
   THRA0263      1      1      1      7      2      2      2      2      6     18      6
   META0264      1      1      1    217     61     61     30     20     20     42     23
   PHEA0265      1      1      1     19      1      1      1      1      1      4      2
   GLNA0266      1      1      1    217     56     65     38     20     19     40     18
   GLUA0267      1      1      1    109     34     45     19     57     72    175     65
   SERA0268      1      1      1      7      4      4      3      3      3     11      4
   SERA0269      1      1      1      7      4      4      2      2      4     18      4
   ILEA0270      1      1      1     37      2      2      2      2      2      6      3
   CTRA0270      1      1      1      2      1      1      1      3      5      5      5
   DB8B0001      1      1      1      2      1      1      2      6      5      5      5
   Total       258    258    258  49719   9316  10461   3373   3964   4971  12617   5686
