 ph              7.4   7.4   7.4   7.4   7.4
40L01B0001_001 0.071 0.071 0.070 0.071 0.071
40L01B0001_002 0.090 0.089 0.091 0.089 0.091
40L01B0001_003 0.047 0.047 0.046 0.047 0.046
40L01B0001_004 0.071 0.070 0.069 0.070 0.069
40L02B0001_005 0.006 0.006 0.006 0.006 0.006
40L02B0001_006 0.008 0.008 0.007 0.007 0.007
40L03B0001_007 0.000 0.000 0.000 0.000 0.000
40L03B0001_008 0.000 0.000 0.000 0.000 0.000
40L03B0001_009 0.000 0.000 0.000 0.000 0.000
40L03B0001_010 0.000 0.000 0.000 0.000 0.000
40L04B0001_011 0.000 0.000 0.000 0.000 0.000
40L04B0001_012 0.000 0.000 0.000 0.000 0.000
40L+1B0001_013 0.000 0.000 0.000 0.000 0.000
40L+1B0001_014 0.000 0.000 0.000 0.000 0.000
40L+1B0001_015 0.000 0.000 0.000 0.000 0.000
40L+1B0001_016 0.000 0.000 0.000 0.000 0.000
40L+2B0001_017 0.077 0.077 0.077 0.077 0.076
40L+2B0001_018 0.276 0.278 0.277 0.277 0.280
40L+2B0001_019 0.077 0.078 0.077 0.078 0.076
40L+2B0001_020 0.277 0.277 0.279 0.278 0.277
40LDMB0001_021 0.000 0.000 0.000 0.000 0.000
