 ph              7.4   7.4   7.4   7.4   7.4
HIS01A0001_001 0.121 0.121 0.122 0.121 0.121
HIS01A0001_002 0.366 0.368 0.366 0.367 0.367
HIS02A0001_003 0.197 0.198 0.197 0.197 0.198
HIS02A0001_004 0.221 0.219 0.220 0.220 0.220
HIS+1A0001_005 0.039 0.039 0.039 0.039 0.038
HIS+1A0001_006 0.057 0.056 0.057 0.057 0.056
ALA01A0002_001 1.000 1.000 1.000 1.000 1.000
GLU01A0003_001 0.000 0.000 0.000 0.000 0.000
GLU01A0003_002 0.000 0.000 0.000 0.000 0.000
GLU02A0003_003 0.000 0.000 0.000 0.000 0.000
GLU02A0003_004 0.000 0.000 0.000 0.000 0.000
GLU-1A0003_005 1.000 1.000 1.000 1.000 1.000
ARG01A0004_001 0.000 0.000 0.000 0.000 0.000
ARG02A0004_002 0.000 0.000 0.000 0.000 0.000
ARG03A0004_003 0.000 0.000 0.000 0.000 0.000
ARG+1A0004_004 1.000 1.000 1.000 1.000 1.000
LEU01A0005_001 1.000 1.000 1.000 1.000 1.000
PRO01A0006_001 1.000 1.000 1.000 1.000 1.000
TYR01A0007_001 0.003 0.003 0.003 0.003 0.003
TYR01A0007_002 0.997 0.997 0.997 0.997 0.997
TYR-1A0007_003 0.000 0.000 0.000 0.000 0.000
ASP01A0008_001 0.000 0.000 0.000 0.000 0.000
ASP01A0008_002 0.000 0.000 0.000 0.000 0.000
ASP02A0008_003 0.000 0.000 0.000 0.000 0.000
ASP02A0008_004 0.000 0.000 0.000 0.000 0.000
ASP-1A0008_005 1.000 1.000 1.000 1.000 1.000
ALA01A0009_001 1.000 1.000 1.000 1.000 1.000
SER01A0010_001 0.466 0.468 0.467 0.466 0.467
SER01A0010_002 0.342 0.341 0.343 0.342 0.342
SER01A0010_003 0.191 0.191 0.190 0.191 0.191
LYS01A0011_001 0.000 0.000 0.000 0.000 0.000
LYS+1A0011_002 1.000 1.000 1.000 1.000 1.000
TRP01A0012_001 1.000 1.000 1.000 1.000 1.000
GLU01A0013_001 0.000 0.000 0.000 0.000 0.000
GLU01A0013_002 0.000 0.000 0.000 0.000 0.000
GLU02A0013_003 0.000 0.000 0.000 0.000 0.000
GLU02A0013_004 0.000 0.000 0.000 0.000 0.000
GLU-1A0013_005 1.000 1.000 1.000 1.000 1.000
PHE01A0014_001 1.000 1.000 1.000 1.000 1.000
PRO01A0015_001 1.000 1.000 1.000 1.000 1.000
ARG01A0016_001 0.000 0.000 0.000 0.000 0.000
ARG02A0016_002 0.000 0.000 0.000 0.000 0.000
ARG02A0016_003 0.000 0.000 0.000 0.000 0.000
ARG03A0016_004 0.000 0.000 0.000 0.000 0.000
ARG+1A0016_005 1.000 1.000 1.000 1.000 1.000
ASP01A0017_001 0.000 0.000 0.000 0.000 0.000
ASP01A0017_002 0.000 0.000 0.000 0.000 0.000
ASP02A0017_003 0.000 0.000 0.000 0.000 0.000
ASP02A0017_004 0.000 0.000 0.000 0.000 0.000
ASP-1A0017_005 1.000 1.000 1.000 1.000 1.000
ARG01A0018_001 0.000 0.000 0.000 0.000 0.000
ARG02A0018_002 0.000 0.000 0.000 0.000 0.000
ARG03A0018_003 0.000 0.000 0.000 0.000 0.000
ARG+1A0018_004 1.000 1.000 1.000 1.000 1.000
LEU01A0019_001 1.000 1.000 1.000 1.000 1.000
LYS01A0020_001 0.000 0.000 0.000 0.000 0.000
LYS+1A0020_002 1.000 1.000 1.000 1.000 1.000
LEU01A0021_001 1.000 1.000 1.000 1.000 1.000
LYS01A0023_001 0.000 0.000 0.000 0.000 0.000
LYS+1A0023_002 1.000 1.000 1.000 1.000 1.000
PRO01A0024_001 1.000 1.000 1.000 1.000 1.000
LEU01A0025_001 1.000 1.000 1.000 1.000 1.000
ARG01A0027_001 0.000 0.000 0.000 0.000 0.000
ARG02A0027_002 0.000 0.000 0.000 0.000 0.000
ARG02A0027_003 0.000 0.000 0.000 0.000 0.000
ARG03A0027_004 0.000 0.000 0.000 0.000 0.000
ARG+1A0027_005 1.000 1.000 1.000 1.000 1.000
ALA01A0029_001 1.000 1.000 1.000 1.000 1.000
PHE01A0030_001 1.000 1.000 1.000 1.000 1.000
GLN01A0032_001 0.000 0.000 0.000 0.000 0.000
GLN01A0032_002 1.000 1.000 1.000 1.000 1.000
VAL01A0033_001 1.000 1.000 1.000 1.000 1.000
ILE01A0034_001 1.000 1.000 1.000 1.000 1.000
GLU01A0035_001 0.000 0.000 0.000 0.000 0.000
GLU01A0035_002 0.002 0.002 0.002 0.002 0.000
GLU02A0035_003 0.000 0.000 0.000 0.000 0.000
GLU02A0035_004 0.004 0.003 0.004 0.003 0.006
GLU-1A0035_005 0.995 0.995 0.995 0.995 0.994
ALA01A0036_001 1.000 1.000 1.000 1.000 1.000
ASP01A0037_001 0.000 0.000 0.000 0.000 0.000
ASP01A0037_002 0.003 0.003 0.003 0.000 0.003
ASP02A0037_003 0.000 0.000 0.000 0.000 0.000
ASP02A0037_004 0.000 0.000 0.000 0.000 0.000
ASP-1A0037_005 0.997 0.997 0.997 1.000 0.997
ALA01A0038_001 1.000 1.000 1.000 1.000 1.000
PHE01A0039_001 1.000 1.000 1.000 1.000 1.000
ILE01A0041_001 1.000 1.000 1.000 1.000 1.000
ASP01A0042_001 0.000 0.000 0.000 0.000 0.000
ASP01A0042_002 0.000 0.000 0.000 0.000 0.000
ASP02A0042_003 0.000 0.000 0.000 0.000 0.000
ASP02A0042_004 0.000 0.000 0.000 0.000 0.000
ASP-1A0042_005 1.000 1.000 1.000 1.000 1.000
LYS01A0043_001 0.000 0.000 0.000 0.000 0.000
LYS+1A0043_002 1.000 1.000 1.000 1.000 1.000
THR01A0044_001 1.000 1.000 1.000 1.000 1.000
ALA01A0045_001 1.000 1.000 1.000 1.000 1.000
THR01A0046_001 1.000 1.000 1.000 1.000 1.000
CYS01A0047_001 0.370 0.370 0.372 0.371 0.372
CYS01A0047_002 0.232 0.232 0.231 0.232 0.231
CYS01A0047_003 0.389 0.389 0.388 0.388 0.388
CYS-1A0047_004 0.009 0.009 0.009 0.009 0.009
ARG01A0048_001 0.000 0.000 0.000 0.000 0.000
ARG02A0048_002 0.000 0.000 0.000 0.000 0.000
ARG02A0048_003 0.000 0.000 0.000 0.000 0.000
ARG03A0048_004 0.000 0.000 0.000 0.000 0.000
ARG+1A0048_005 1.000 1.000 1.000 1.000 1.000
THR01A0049_001 0.419 0.420 0.418 0.419 0.419
THR01A0049_002 0.581 0.580 0.582 0.581 0.581
VAL01A0050_001 1.000 1.000 1.000 1.000 1.000
ALA01A0051_001 1.000 1.000 1.000 1.000 1.000
VAL01A0052_001 1.000 1.000 1.000 1.000 1.000
LYS01A0053_001 0.000 0.000 0.000 0.000 0.000
LYS+1A0053_002 1.000 1.000 1.000 1.000 1.000
MET01A0054_001 1.000 1.000 1.000 1.000 1.000
LEU01A0055_001 1.000 1.000 1.000 1.000 1.000
LYS01A0056_001 0.000 0.000 0.001 0.001 0.000
LYS+1A0056_002 1.000 1.000 0.999 0.999 1.000
GLU01A0057_001 0.000 0.000 0.000 0.000 0.000
GLU01A0057_002 0.000 0.000 0.000 0.000 0.000
GLU02A0057_003 0.000 0.000 0.000 0.000 0.000
GLU02A0057_004 0.000 0.000 0.000 0.000 0.000
GLU-1A0057_005 1.000 1.000 1.000 1.000 1.000
ALA01A0059_001 1.000 1.000 1.000 1.000 1.000
THR01A0060_001 0.400 0.400 0.400 0.398 0.400
THR01A0060_002 0.600 0.600 0.600 0.602 0.600
HIS01A0061_001 0.128 0.127 0.128 0.128 0.129
HIS01A0061_002 0.116 0.117 0.117 0.117 0.115
HIS02A0061_003 0.295 0.295 0.296 0.295 0.296
HIS02A0061_004 0.282 0.283 0.282 0.283 0.283
HIS+1A0061_005 0.104 0.103 0.102 0.102 0.102
HIS+1A0061_006 0.075 0.075 0.075 0.075 0.075
SER01A0062_001 0.081 0.081 0.081 0.081 0.081
SER01A0062_002 0.919 0.919 0.919 0.919 0.919
GLU01A0063_001 0.000 0.000 0.000 0.000 0.000
GLU01A0063_002 0.000 0.001 0.000 0.001 0.000
GLU02A0063_003 0.000 0.000 0.000 0.000 0.000
GLU02A0063_004 0.000 0.000 0.000 0.000 0.000
GLU-1A0063_005 1.000 0.999 1.000 0.999 1.000
HIS01A0064_001 0.107 0.108 0.108 0.107 0.107
HIS01A0064_002 0.247 0.248 0.248 0.249 0.248
HIS02A0064_003 0.248 0.248 0.249 0.249 0.250
HIS02A0064_004 0.233 0.232 0.232 0.231 0.232
HIS+1A0064_005 0.071 0.071 0.071 0.072 0.071
HIS+1A0064_006 0.093 0.093 0.092 0.093 0.092
ARG01A0065_001 0.000 0.000 0.000 0.000 0.000
ARG02A0065_002 0.000 0.000 0.000 0.000 0.000
ARG03A0065_003 0.000 0.000 0.000 0.000 0.000
ARG03A0065_004 0.000 0.000 0.000 0.000 0.000
ARG+1A0065_005 1.000 1.000 1.000 1.000 1.000
ALA01A0066_001 1.000 1.000 1.000 1.000 1.000
LEU01A0067_001 1.000 1.000 1.000 1.000 1.000
MET01A0068_001 1.000 1.000 1.000 1.000 1.000
SER01A0069_001 0.014 0.015 0.015 0.015 0.015
SER01A0069_002 0.240 0.241 0.241 0.240 0.239
SER01A0069_003 0.746 0.744 0.744 0.746 0.746
GLU01A0070_001 0.015 0.016 0.015 0.016 0.016
GLU01A0070_002 0.000 0.000 0.000 0.000 0.000
GLU02A0070_003 0.002 0.002 0.002 0.002 0.002
GLU02A0070_004 0.000 0.000 0.000 0.000 0.000
GLU-1A0070_005 0.983 0.982 0.983 0.981 0.982
LEU01A0071_001 1.000 1.000 1.000 1.000 1.000
LYS01A0072_001 0.000 0.000 0.000 0.000 0.000
LYS+1A0072_002 1.000 1.000 1.000 1.000 1.000
ILE01A0073_001 1.000 1.000 1.000 1.000 1.000
LEU01A0074_001 1.000 1.000 1.000 1.000 1.000
ILE01A0075_001 1.000 1.000 1.000 1.000 1.000
HIS01A0076_001 0.353 0.356 0.354 0.353 0.353
HIS01A0076_002 0.042 0.042 0.042 0.042 0.043
HIS02A0076_003 0.292 0.291 0.289 0.291 0.293
HIS02A0076_004 0.080 0.080 0.080 0.080 0.080
HIS+1A0076_005 0.221 0.220 0.222 0.222 0.220
HIS+1A0076_006 0.012 0.012 0.011 0.012 0.012
ILE01A0077_001 1.000 1.000 1.000 1.000 1.000
HIS01A0079_001 0.039 0.040 0.039 0.039 0.039
HIS01A0079_002 0.271 0.274 0.274 0.272 0.273
HIS02A0079_003 0.317 0.316 0.316 0.317 0.315
HIS02A0079_004 0.246 0.244 0.243 0.242 0.244
HIS+1A0079_005 0.062 0.061 0.063 0.062 0.062
HIS+1A0079_006 0.065 0.065 0.065 0.067 0.066
HIS01A0080_001 1.000 1.000 1.000 1.000 1.000
HIS02A0080_002 0.000 0.000 0.000 0.000 0.000
HIS+1A0080_003 0.000 0.000 0.000 0.000 0.000
LEU01A0081_001 1.000 1.000 1.000 1.000 1.000
ASN01A0082_001 1.000 1.000 1.000 1.000 1.000
VAL01A0083_001 1.000 1.000 1.000 1.000 1.000
VAL01A0084_001 1.000 1.000 1.000 1.000 1.000
ASN01A0085_001 0.181 0.182 0.182 0.181 0.181
ASN01A0085_002 0.819 0.818 0.818 0.819 0.819
LEU01A0086_001 1.000 1.000 1.000 1.000 1.000
LEU01A0087_001 1.000 1.000 1.000 1.000 1.000
ALA01A0089_001 1.000 1.000 1.000 1.000 1.000
CYS01A0090_001 0.814 0.810 0.814 0.813 0.812
CYS01A0090_002 0.132 0.134 0.131 0.133 0.133
CYS01A0090_003 0.055 0.055 0.055 0.054 0.055
CYS-1A0090_004 0.000 0.000 0.000 0.000 0.000
THR01A0091_001 0.993 0.993 0.993 0.993 0.993
THR01A0091_002 0.004 0.004 0.004 0.004 0.004
THR01A0091_003 0.003 0.002 0.003 0.002 0.002
LYS01A0092_001 0.000 0.000 0.000 0.000 0.000
LYS+1A0092_002 1.000 1.000 1.000 1.000 1.000
PRO01A0093_001 1.000 1.000 1.000 1.000 1.000
PRO01A0096_001 1.000 1.000 1.000 1.000 1.000
LEU01A0097_001 1.000 1.000 1.000 1.000 1.000
MET01A0098_001 1.000 1.000 1.000 1.000 1.000
VAL01A0099_001 1.000 1.000 1.000 1.000 1.000
ILE01A0100_001 1.000 1.000 1.000 1.000 1.000
THR01A0101_001 0.139 0.139 0.140 0.138 0.139
THR01A0101_002 0.849 0.849 0.848 0.850 0.849
THR01A0101_003 0.012 0.012 0.012 0.012 0.012
GLU01A0102_001 0.000 0.000 0.000 0.000 0.000
GLU01A0102_002 0.000 0.000 0.000 0.000 0.000
GLU02A0102_003 0.000 0.000 0.000 0.000 0.000
GLU02A0102_004 0.000 0.000 0.000 0.000 0.000
GLU-1A0102_005 1.000 1.000 1.000 1.000 1.000
PHE01A0103_001 1.000 1.000 1.000 1.000 1.000
CYS01A0104_001 0.302 0.303 0.304 0.302 0.302
CYS01A0104_002 0.518 0.517 0.518 0.518 0.519
CYS01A0104_003 0.180 0.180 0.178 0.180 0.179
CYS-1A0104_004 0.000 0.000 0.000 0.000 0.000
LYS01A0105_001 0.000 0.000 0.000 0.000 0.000
LYS+1A0105_002 1.000 1.000 1.000 1.000 1.000
PHE01A0106_001 1.000 1.000 1.000 1.000 1.000
ASN01A0108_001 1.000 1.000 1.000 1.000 1.000
LEU01A0109_001 1.000 1.000 1.000 1.000 1.000
SER01A0110_001 0.029 0.028 0.029 0.029 0.029
SER01A0110_002 0.971 0.972 0.971 0.971 0.971
THR01A0111_001 0.547 0.546 0.545 0.546 0.547
THR01A0111_002 0.453 0.454 0.455 0.454 0.453
TYR01A0112_001 1.000 1.000 1.000 1.000 1.000
TYR-1A0112_002 0.000 0.000 0.000 0.000 0.000
LEU01A0113_001 1.000 1.000 1.000 1.000 1.000
ARG01A0114_001 0.000 0.000 0.000 0.000 0.000
ARG02A0114_002 0.000 0.000 0.000 0.000 0.000
ARG03A0114_003 0.000 0.000 0.000 0.000 0.000
ARG+1A0114_004 1.000 1.000 1.000 1.000 1.000
SER01A0115_001 0.644 0.643 0.643 0.645 0.643
SER01A0115_002 0.356 0.357 0.357 0.355 0.357
LYS01A0116_001 0.000 0.000 0.000 0.000 0.000
LYS+1A0116_002 1.000 1.000 1.000 1.000 1.000
ARG01A0117_001 0.000 0.000 0.000 0.000 0.000
ARG02A0117_002 0.000 0.000 0.000 0.000 0.000
ARG03A0117_003 0.000 0.000 0.000 0.000 0.000
ARG+1A0117_004 1.000 1.000 1.000 1.000 1.000
ASN01A0118_001 0.249 0.248 0.247 0.248 0.248
ASN01A0118_002 0.751 0.752 0.753 0.752 0.752
GLU01A0119_001 0.000 0.000 0.000 0.000 0.000
GLU01A0119_002 0.000 0.000 0.000 0.000 0.000
GLU02A0119_003 0.000 0.000 0.000 0.000 0.000
GLU02A0119_004 0.000 0.000 0.000 0.000 0.000
GLU-1A0119_005 1.000 1.000 1.000 1.000 1.000
PHE01A0120_001 1.000 1.000 1.000 1.000 1.000
VAL01A0121_001 1.000 1.000 1.000 1.000 1.000
PRO01A0122_001 1.000 1.000 1.000 1.000 1.000
TYR01A0123_001 0.513 0.515 0.513 0.512 0.513
TYR01A0123_002 0.487 0.485 0.487 0.488 0.487
TYR-1A0123_003 0.000 0.000 0.000 0.000 0.000
LYS01A0124_001 0.028 0.028 0.028 0.028 0.029
LYS+1A0124_002 0.972 0.972 0.972 0.972 0.971
VAL01A0125_001 1.000 1.000 1.000 1.000 1.000
ALA01A0126_001 1.000 1.000 1.000 1.000 1.000
PRO01A0127_001 1.000 1.000 1.000 1.000 1.000
GLU01A0128_001 0.000 0.000 0.000 0.000 0.000
GLU01A0128_002 0.000 0.000 0.000 0.000 0.000
GLU02A0128_003 0.000 0.000 0.000 0.000 0.000
GLU02A0128_004 0.000 0.000 0.000 0.000 0.000
GLU-1A0128_005 1.000 1.000 1.000 1.000 1.000
ASP01A0129_001 0.000 0.000 0.000 0.000 0.000
ASP01A0129_002 0.000 0.000 0.000 0.000 0.000
ASP02A0129_003 0.000 0.000 0.000 0.000 0.000
ASP02A0129_004 0.000 0.000 0.000 0.000 0.000
ASP-1A0129_005 1.000 1.000 1.000 1.000 1.000
LEU01A0130_001 1.000 1.000 1.000 1.000 1.000
TYR01A0131_001 1.000 1.000 1.000 1.000 1.000
TYR-1A0131_002 0.000 0.000 0.000 0.000 0.000
LYS01A0132_001 0.000 0.000 0.000 0.000 0.000
LYS+1A0132_002 1.000 1.000 1.000 1.000 1.000
ASP01A0133_001 0.000 0.000 0.000 0.000 0.000
ASP01A0133_002 0.000 0.000 0.000 0.000 0.000
ASP02A0133_003 0.000 0.000 0.000 0.000 0.000
ASP02A0133_004 0.000 0.000 0.000 0.000 0.000
ASP-1A0133_005 1.000 1.000 1.000 1.000 1.000
PHE01A0134_001 1.000 1.000 1.000 1.000 1.000
LEU01A0135_001 1.000 1.000 1.000 1.000 1.000
THR01A0136_001 1.000 1.000 1.000 1.000 1.000
THR01A0136_002 0.000 0.000 0.000 0.000 0.000
LEU01A0137_001 1.000 1.000 1.000 1.000 1.000
GLU01A0138_001 0.000 0.000 0.000 0.000 0.000
GLU01A0138_002 0.000 0.000 0.000 0.000 0.000
GLU02A0138_003 0.000 0.000 0.000 0.000 0.000
GLU02A0138_004 0.000 0.000 0.000 0.000 0.000
GLU-1A0138_005 1.000 1.000 1.000 1.000 1.000
HIS01A0139_001 1.000 1.000 1.000 1.000 1.000
HIS02A0139_002 0.000 0.000 0.000 0.000 0.000
HIS+1A0139_003 0.000 0.000 0.000 0.000 0.000
LEU01A0140_001 1.000 1.000 1.000 1.000 1.000
ILE01A0141_001 1.000 1.000 1.000 1.000 1.000
CYS01A0142_001 0.052 0.052 0.052 0.051 0.052
CYS01A0142_002 0.353 0.353 0.353 0.355 0.354
CYS01A0142_003 0.580 0.580 0.580 0.579 0.579
CYS-1A0142_004 0.015 0.015 0.015 0.015 0.015
TYR01A0143_001 0.990 0.990 0.990 0.990 0.990
TYR01A0143_002 0.010 0.010 0.010 0.010 0.010
TYR-1A0143_003 0.000 0.000 0.000 0.000 0.000
SER01A0144_001 0.147 0.146 0.149 0.148 0.146
SER01A0144_002 0.853 0.854 0.851 0.852 0.854
PHE01A0145_001 1.000 1.000 1.000 1.000 1.000
GLN01A0146_001 1.000 1.000 1.000 1.000 1.000
GLN01A0146_002 0.000 0.000 0.000 0.000 0.000
VAL01A0147_001 1.000 1.000 1.000 1.000 1.000
ALA01A0148_001 1.000 1.000 1.000 1.000 1.000
LYS01A0149_001 0.048 0.047 0.047 0.047 0.047
LYS+1A0149_002 0.952 0.953 0.953 0.953 0.953
MET01A0151_001 1.000 1.000 1.000 1.000 1.000
GLU01A0152_001 0.000 0.000 0.000 0.000 0.000
GLU01A0152_002 0.003 0.004 0.004 0.004 0.004
GLU02A0152_003 0.000 0.000 0.000 0.000 0.000
GLU02A0152_004 0.000 0.000 0.000 0.000 0.000
GLU-1A0152_005 0.997 0.996 0.996 0.996 0.996
PHE01A0153_001 1.000 1.000 1.000 1.000 1.000
LEU01A0154_001 1.000 1.000 1.000 1.000 1.000
ALA01A0155_001 1.000 1.000 1.000 1.000 1.000
SER01A0156_001 1.000 1.000 1.000 1.000 1.000
ARG01A0157_001 0.000 0.000 0.000 0.000 0.000
ARG02A0157_002 0.000 0.000 0.000 0.000 0.000
ARG03A0157_003 0.000 0.000 0.000 0.000 0.000
ARG+1A0157_004 1.000 1.000 1.000 1.000 1.000
LYS01A0158_001 0.000 0.000 0.000 0.000 0.000
LYS+1A0158_002 1.000 1.000 1.000 1.000 1.000
CYS01A0159_001 0.304 0.304 0.306 0.305 0.305
CYS01A0159_002 0.531 0.532 0.529 0.531 0.530
CYS01A0159_003 0.165 0.164 0.164 0.165 0.165
CYS-1A0159_004 0.000 0.000 0.000 0.000 0.000
ILE01A0160_001 1.000 1.000 1.000 1.000 1.000
HIS01A0161_001 1.000 1.000 1.000 1.000 1.000
HIS02A0161_002 0.000 0.000 0.000 0.000 0.000
HIS+1A0161_003 0.000 0.000 0.000 0.000 0.000
ARG01A0162_001 0.000 0.000 0.000 0.000 0.000
ARG02A0162_002 0.000 0.000 0.000 0.000 0.000
ARG03A0162_003 0.000 0.000 0.000 0.000 0.000
ARG+1A0162_004 1.000 1.000 1.000 1.000 1.000
ASP01A0163_001 0.000 0.000 0.000 0.000 0.000
ASP01A0163_002 0.000 0.000 0.000 0.000 0.000
ASP02A0163_003 0.000 0.000 0.000 0.000 0.000
ASP02A0163_004 0.000 0.000 0.000 0.000 0.000
ASP-1A0163_005 1.000 1.000 1.000 1.000 1.000
LEU01A0164_001 1.000 1.000 1.000 1.000 1.000
ALA01A0165_001 1.000 1.000 1.000 1.000 1.000
ALA01A0166_001 1.000 1.000 1.000 1.000 1.000
ARG01A0167_001 0.000 0.000 0.000 0.000 0.000
ARG02A0167_002 0.000 0.000 0.000 0.000 0.000
ARG02A0167_003 0.000 0.000 0.000 0.000 0.000
ARG03A0167_004 0.000 0.000 0.000 0.000 0.000
ARG03A0167_005 0.000 0.000 0.000 0.000 0.000
ARG+1A0167_006 1.000 1.000 1.000 1.000 1.000
ASN01A0168_001 1.000 1.000 1.000 1.000 1.000
ASN01A0168_002 0.000 0.000 0.000 0.000 0.000
ILE01A0169_001 1.000 1.000 1.000 1.000 1.000
LEU01A0170_001 1.000 1.000 1.000 1.000 1.000
LEU01A0171_001 1.000 1.000 1.000 1.000 1.000
SER01A0172_001 0.075 0.074 0.075 0.074 0.075
SER01A0172_002 0.925 0.926 0.925 0.926 0.925
GLU01A0173_001 0.000 0.000 0.000 0.000 0.000
GLU01A0173_002 0.000 0.000 0.000 0.000 0.000
GLU02A0173_003 0.000 0.000 0.000 0.000 0.000
GLU02A0173_004 0.000 0.000 0.000 0.000 0.000
GLU-1A0173_005 1.000 1.000 1.000 1.000 1.000
LYS01A0174_001 0.000 0.000 0.000 0.000 0.000
LYS+1A0174_002 1.000 1.000 1.000 1.000 1.000
ASN01A0175_001 0.000 0.000 0.000 0.000 0.000
ASN01A0175_002 1.000 1.000 1.000 1.000 1.000
VAL01A0176_001 1.000 1.000 1.000 1.000 1.000
VAL01A0177_001 1.000 1.000 1.000 1.000 1.000
LYS01A0178_001 0.000 0.000 0.000 0.000 0.000
LYS+1A0178_002 1.000 1.000 1.000 1.000 1.000
ILE01A0179_001 1.000 1.000 1.000 1.000 1.000
CYS01A0180_001 0.422 0.422 0.422 0.423 0.424
CYS01A0180_002 0.242 0.243 0.242 0.242 0.242
CYS01A0180_003 0.335 0.335 0.336 0.336 0.334
CYS-1A0180_004 0.000 0.000 0.000 0.000 0.000
ASP01A0181_001 0.036 0.036 0.037 0.037 0.037
ASP01A0181_002 0.044 0.044 0.045 0.045 0.045
ASP02A0181_003 0.000 0.000 0.000 0.000 0.000
ASP02A0181_004 0.000 0.000 0.000 0.000 0.000
ASP-1A0181_005 0.919 0.920 0.918 0.918 0.919
PHE01A0182_001 1.000 1.000 1.000 1.000 1.000
LEU01A0184_001 1.000 1.000 1.000 1.000 1.000
ALA01A0185_001 1.000 1.000 1.000 1.000 1.000
ASP01A0186_001 0.000 0.000 0.000 0.000 0.000
ASP01A0186_002 0.000 0.000 0.000 0.000 0.000
ASP02A0186_003 0.000 0.000 0.000 0.000 0.000
ASP02A0186_004 0.000 0.000 0.000 0.000 0.000
ASP-1A0186_005 1.000 1.000 1.000 1.000 1.000
ALA01A0187_001 1.000 1.000 1.000 1.000 1.000
ARG01A0188_001 0.000 0.000 0.000 0.000 0.000
ARG02A0188_002 0.000 0.000 0.000 0.000 0.000
ARG02A0188_003 0.000 0.000 0.000 0.000 0.000
ARG03A0188_004 0.000 0.000 0.000 0.000 0.000
ARG+1A0188_005 1.000 1.000 1.000 1.000 1.000
LEU01A0189_001 1.000 1.000 1.000 1.000 1.000
PRO01A0190_001 1.000 1.000 1.000 1.000 1.000
LEU01A0191_001 1.000 1.000 1.000 1.000 1.000
LYS01A0192_001 0.086 0.087 0.086 0.086 0.085
LYS+1A0192_002 0.914 0.913 0.914 0.914 0.915
TRP01A0193_001 1.000 1.000 1.000 1.000 1.000
MET01A0194_001 1.000 1.000 1.000 1.000 1.000
ALA01A0195_001 1.000 1.000 1.000 1.000 1.000
PRO01A0196_001 1.000 1.000 1.000 1.000 1.000
GLU01A0197_001 0.000 0.000 0.000 0.000 0.000
GLU01A0197_002 0.000 0.000 0.000 0.000 0.000
GLU02A0197_003 0.000 0.000 0.000 0.000 0.000
GLU02A0197_004 0.000 0.000 0.000 0.000 0.000
GLU-1A0197_005 1.000 1.000 1.000 1.000 1.000
THR01A0198_001 0.646 0.646 0.647 0.645 0.645
THR01A0198_002 0.018 0.018 0.018 0.018 0.018
THR01A0198_003 0.336 0.335 0.335 0.337 0.336
ILE01A0199_001 1.000 1.000 1.000 1.000 1.000
PHE01A0200_001 1.000 1.000 1.000 1.000 1.000
ASP01A0201_001 0.000 0.000 0.000 0.000 0.000
ASP01A0201_002 0.000 0.000 0.000 0.000 0.000
ASP02A0201_003 0.000 0.000 0.000 0.000 0.000
ASP02A0201_004 0.000 0.000 0.000 0.002 0.000
ASP-1A0201_005 1.000 1.000 1.000 0.998 1.000
ARG01A0202_001 0.000 0.000 0.000 0.000 0.000
ARG02A0202_002 0.000 0.000 0.000 0.000 0.000
ARG03A0202_003 0.000 0.000 0.000 0.000 0.000
ARG+1A0202_004 1.000 1.000 1.000 1.000 1.000
VAL01A0203_001 1.000 1.000 1.000 1.000 1.000
TYR01A0204_001 1.000 1.000 1.000 1.000 1.000
TYR-1A0204_002 0.000 0.000 0.000 0.000 0.000
THR01A0205_001 0.998 0.998 0.998 0.997 0.998
THR01A0205_002 0.002 0.002 0.002 0.003 0.002
ILE01A0206_001 1.000 1.000 1.000 1.000 1.000
GLN01A0207_001 1.000 1.000 1.000 1.000 1.000
GLN01A0207_002 0.000 0.000 0.000 0.000 0.000
SER01A0208_001 0.000 0.000 0.000 0.000 0.000
SER01A0208_002 1.000 1.000 1.000 1.000 1.000
ASP01A0209_001 0.000 0.000 0.000 0.000 0.000
ASP01A0209_002 0.000 0.000 0.000 0.000 0.000
ASP02A0209_003 0.000 0.000 0.000 0.000 0.000
ASP02A0209_004 0.000 0.000 0.000 0.000 0.000
ASP-1A0209_005 1.000 1.000 1.000 1.000 1.000
VAL01A0210_001 1.000 1.000 1.000 1.000 1.000
TRP01A0211_001 1.000 1.000 1.000 1.000 1.000
SER01A0212_001 0.989 0.988 0.989 0.989 0.988
SER01A0212_002 0.011 0.012 0.011 0.011 0.012
PHE01A0213_001 1.000 1.000 1.000 1.000 1.000
VAL01A0215_001 1.000 1.000 1.000 1.000 1.000
LEU01A0216_001 1.000 1.000 1.000 1.000 1.000
LEU01A0217_001 1.000 1.000 1.000 1.000 1.000
TRP01A0218_001 1.000 1.000 1.000 1.000 1.000
GLU01A0219_001 0.000 0.000 0.000 0.000 0.000
GLU01A0219_002 0.000 0.000 0.000 0.000 0.000
GLU02A0219_003 0.000 0.000 0.000 0.000 0.000
GLU02A0219_004 0.000 0.000 0.000 0.000 0.000
GLU-1A0219_005 1.000 1.000 1.000 1.000 1.000
ILE01A0220_001 1.000 1.000 1.000 1.000 1.000
PHE01A0221_001 1.000 1.000 1.000 1.000 1.000
SER01A0222_001 0.489 0.489 0.487 0.488 0.489
SER01A0222_002 0.511 0.511 0.513 0.512 0.511
LEU01A0223_001 1.000 1.000 1.000 1.000 1.000
ALA01A0225_001 1.000 1.000 1.000 1.000 1.000
SER01A0226_001 0.045 0.045 0.044 0.045 0.044
SER01A0226_002 0.955 0.955 0.956 0.955 0.956
PRO01A0227_001 1.000 1.000 1.000 1.000 1.000
TYR01A0228_001 0.020 0.020 0.020 0.020 0.020
TYR01A0228_002 0.980 0.980 0.980 0.980 0.980
TYR-1A0228_003 0.000 0.000 0.000 0.000 0.000
PRO01A0229_001 1.000 1.000 1.000 1.000 1.000
VAL01A0231_001 1.000 1.000 1.000 1.000 1.000
LYS01A0232_001 0.000 0.000 0.000 0.000 0.000
LYS+1A0232_002 1.000 1.000 1.000 1.000 1.000
ILE01A0233_001 1.000 1.000 1.000 1.000 1.000
ASP01A0234_001 0.000 0.000 0.000 0.000 0.000
ASP01A0234_002 0.000 0.000 0.000 0.000 0.000
ASP02A0234_003 0.000 0.000 0.000 0.000 0.000
ASP02A0234_004 0.000 0.000 0.000 0.000 0.000
ASP-1A0234_005 1.000 1.000 1.000 1.000 1.000
GLU01A0235_001 0.000 0.000 0.000 0.000 0.000
GLU01A0235_002 0.000 0.000 0.000 0.000 0.000
GLU02A0235_003 0.000 0.000 0.000 0.000 0.000
GLU02A0235_004 0.000 0.000 0.000 0.000 0.000
GLU-1A0235_005 1.000 1.000 1.000 1.000 1.000
GLU01A0236_001 0.000 0.000 0.000 0.000 0.000
GLU01A0236_002 0.000 0.000 0.000 0.000 0.000
GLU02A0236_003 0.000 0.000 0.000 0.000 0.000
GLU02A0236_004 0.000 0.000 0.000 0.000 0.000
GLU-1A0236_005 1.000 1.000 1.000 1.000 1.000
PHE01A0237_001 1.000 1.000 1.000 1.000 1.000
CYS01A0238_001 0.137 0.137 0.136 0.136 0.136
CYS01A0238_002 0.407 0.408 0.408 0.408 0.407
CYS01A0238_003 0.456 0.455 0.456 0.456 0.457
CYS-1A0238_004 0.000 0.000 0.000 0.000 0.000
ARG01A0239_001 0.000 0.000 0.000 0.000 0.000
ARG02A0239_002 0.000 0.000 0.000 0.000 0.000
ARG03A0239_003 0.000 0.000 0.000 0.000 0.000
ARG03A0239_004 0.000 0.000 0.000 0.000 0.000
ARG+1A0239_005 1.000 1.000 1.000 1.000 1.000
ARG01A0240_001 0.000 0.000 0.000 0.000 0.000
ARG02A0240_002 0.000 0.000 0.000 0.000 0.000
ARG03A0240_003 0.000 0.000 0.000 0.000 0.000
ARG+1A0240_004 1.000 1.000 1.000 1.000 1.000
LEU01A0241_001 1.000 1.000 1.000 1.000 1.000
LYS01A0242_001 0.000 0.000 0.000 0.000 0.000
LYS+1A0242_002 1.000 1.000 1.000 1.000 1.000
GLU01A0243_001 0.000 0.000 0.000 0.000 0.000
GLU01A0243_002 0.000 0.000 0.000 0.000 0.000
GLU02A0243_003 0.000 0.000 0.000 0.000 0.000
GLU02A0243_004 0.000 0.000 0.000 0.000 0.000
GLU-1A0243_005 1.000 1.000 1.000 1.000 1.000
THR01A0245_001 0.983 0.982 0.982 0.982 0.982
THR01A0245_002 0.017 0.018 0.018 0.018 0.018
ARG01A0246_001 0.000 0.000 0.000 0.000 0.000
ARG02A0246_002 0.000 0.000 0.000 0.000 0.000
ARG02A0246_003 0.000 0.000 0.000 0.000 0.000
ARG03A0246_004 0.000 0.000 0.000 0.000 0.000
ARG03A0246_005 0.000 0.000 0.000 0.000 0.000
ARG+1A0246_006 1.000 1.000 1.000 1.000 1.000
MET01A0247_001 1.000 1.000 1.000 1.000 1.000
ARG01A0248_001 0.000 0.000 0.000 0.000 0.000
ARG02A0248_002 0.000 0.000 0.000 0.000 0.000
ARG03A0248_003 0.000 0.000 0.000 0.000 0.000
ARG+1A0248_004 1.000 1.000 1.000 1.000 1.000
ALA01A0249_001 1.000 1.000 1.000 1.000 1.000
PRO01A0250_001 1.000 1.000 1.000 1.000 1.000
ASP01A0251_001 0.000 0.000 0.000 0.000 0.000
ASP01A0251_002 0.000 0.000 0.000 0.000 0.000
ASP02A0251_003 0.000 0.000 0.000 0.000 0.000
ASP02A0251_004 0.000 0.000 0.000 0.000 0.000
ASP-1A0251_005 1.000 1.000 1.000 1.000 1.000
TYR01A0252_001 1.000 1.000 1.000 1.000 1.000
TYR-1A0252_002 0.000 0.000 0.000 0.000 0.000
THR01A0253_001 1.000 1.000 1.000 1.000 1.000
THR01A0254_001 0.850 0.850 0.851 0.848 0.850
THR01A0254_002 0.150 0.150 0.149 0.152 0.150
PRO01A0255_001 1.000 1.000 1.000 1.000 1.000
GLU01A0256_001 0.000 0.000 0.000 0.000 0.000
GLU01A0256_002 0.000 0.000 0.000 0.000 0.000
GLU02A0256_003 0.000 0.000 0.000 0.000 0.000
GLU02A0256_004 0.000 0.000 0.000 0.000 0.000
GLU-1A0256_005 1.000 1.000 1.000 1.000 1.000
MET01A0257_001 1.000 1.000 1.000 1.000 1.000
TYR01A0258_001 0.997 0.997 0.997 0.997 0.997
TYR01A0258_002 0.003 0.003 0.003 0.003 0.003
TYR-1A0258_003 0.000 0.000 0.000 0.000 0.000
GLN01A0259_001 0.964 0.964 0.964 0.964 0.965
GLN01A0259_002 0.036 0.036 0.036 0.036 0.035
THR01A0260_001 0.862 0.862 0.863 0.863 0.863
THR01A0260_002 0.138 0.138 0.137 0.137 0.137
MET01A0261_001 1.000 1.000 1.000 1.000 1.000
LEU01A0262_001 1.000 1.000 1.000 1.000 1.000
ASP01A0263_001 0.000 0.000 0.000 0.000 0.000
ASP01A0263_002 0.001 0.001 0.001 0.000 0.001
ASP02A0263_003 0.000 0.000 0.000 0.000 0.000
ASP02A0263_004 0.004 0.004 0.003 0.005 0.004
ASP-1A0263_005 0.995 0.996 0.996 0.995 0.996
CYS01A0264_001 0.153 0.154 0.154 0.153 0.154
CYS01A0264_002 0.629 0.628 0.630 0.630 0.628
CYS01A0264_003 0.218 0.218 0.217 0.217 0.218
CYS-1A0264_004 0.000 0.000 0.000 0.000 0.000
TRP01A0265_001 1.000 1.000 1.000 1.000 1.000
HIS01A0266_001 1.000 1.000 1.000 1.000 1.000
HIS02A0266_002 0.000 0.000 0.000 0.000 0.000
HIS+1A0266_003 0.000 0.000 0.000 0.000 0.000
GLU01A0268_001 0.000 0.000 0.000 0.000 0.000
GLU01A0268_002 0.000 0.000 0.000 0.000 0.000
GLU02A0268_003 0.000 0.000 0.000 0.000 0.000
GLU02A0268_004 0.000 0.000 0.000 0.000 0.000
GLU-1A0268_005 1.000 1.000 1.000 1.000 1.000
PRO01A0269_001 1.000 1.000 1.000 1.000 1.000
SER01A0270_001 0.342 0.344 0.341 0.342 0.343
SER01A0270_002 0.658 0.656 0.659 0.658 0.657
GLN01A0271_001 0.129 0.130 0.129 0.130 0.131
GLN01A0271_002 0.871 0.870 0.871 0.870 0.869
ARG01A0272_001 0.000 0.000 0.000 0.000 0.000
ARG02A0272_002 0.000 0.000 0.000 0.000 0.000
ARG02A0272_003 0.000 0.000 0.000 0.000 0.000
ARG03A0272_004 0.000 0.000 0.000 0.000 0.000
ARG03A0272_005 0.000 0.000 0.000 0.000 0.000
ARG+1A0272_006 1.000 1.000 1.000 1.000 1.000
PRO01A0273_001 1.000 1.000 1.000 1.000 1.000
THR01A0274_001 0.998 0.998 0.998 0.998 0.998
THR01A0274_002 0.002 0.002 0.002 0.002 0.002
PHE01A0275_001 1.000 1.000 1.000 1.000 1.000
SER01A0276_001 0.985 0.984 0.985 0.984 0.985
SER01A0276_002 0.015 0.016 0.015 0.016 0.015
GLU01A0277_001 0.000 0.000 0.000 0.000 0.000
GLU01A0277_002 0.000 0.000 0.000 0.000 0.000
GLU02A0277_003 0.000 0.000 0.000 0.000 0.000
GLU02A0277_004 0.000 0.000 0.000 0.000 0.000
GLU-1A0277_005 1.000 1.000 1.000 1.000 1.000
LEU01A0278_001 1.000 1.000 1.000 1.000 1.000
VAL01A0279_001 1.000 1.000 1.000 1.000 1.000
GLU01A0280_001 0.000 0.000 0.000 0.000 0.000
GLU01A0280_002 0.000 0.000 0.000 0.000 0.000
GLU02A0280_003 0.000 0.000 0.000 0.000 0.000
GLU02A0280_004 0.002 0.000 0.000 0.002 0.000
GLU-1A0280_005 0.998 1.000 1.000 0.998 1.000
HIS01A0281_001 0.441 0.440 0.447 0.442 0.444
HIS01A0281_002 0.048 0.049 0.048 0.047 0.048
HIS02A0281_003 0.169 0.168 0.166 0.166 0.166
HIS02A0281_004 0.031 0.031 0.031 0.031 0.031
HIS+1A0281_005 0.295 0.295 0.290 0.296 0.294
HIS+1A0281_006 0.017 0.017 0.018 0.017 0.018
LEU01A0282_001 1.000 1.000 1.000 1.000 1.000
ASN01A0284_001 0.008 0.008 0.008 0.008 0.008
ASN01A0284_002 0.992 0.992 0.992 0.992 0.992
LEU01A0285_001 1.000 1.000 1.000 1.000 1.000
LEU01A0286_001 1.000 1.000 1.000 1.000 1.000
GLN01A0287_001 0.331 0.331 0.330 0.332 0.330
GLN01A0287_002 0.669 0.669 0.670 0.668 0.670
ALA01A0288_001 1.000 1.000 1.000 1.000 1.000
ASN01A0289_001 0.265 0.264 0.264 0.265 0.265
ASN01A0289_002 0.735 0.736 0.736 0.735 0.735
ALA01A0290_001 1.000 1.000 1.000 1.000 1.000
GLN01A0291_001 0.036 0.036 0.036 0.036 0.036
GLN01A0291_002 0.964 0.964 0.964 0.964 0.964
GLN01A0292_001 0.056 0.057 0.057 0.057 0.058
GLN01A0292_002 0.944 0.943 0.943 0.943 0.942
27601B0001_001 0.000 0.000 0.000 0.000 0.000
27601B0001_002 0.004 0.004 0.004 0.003 0.004
27602B0001_003 0.996 0.996 0.996 0.996 0.996
27602B0001_004 0.000 0.000 0.000 0.000 0.000
276+1B0001_005 0.000 0.000 0.000 0.000 0.000
276+1B0001_006 0.000 0.000 0.000 0.000 0.000
276+2B0001_007 0.000 0.000 0.000 0.000 0.000
276+2B0001_008 0.000 0.000 0.000 0.000 0.000
27603B0001_009 0.000 0.000 0.000 0.000 0.000
27603B0001_010 0.000 0.000 0.000 0.000 0.000
276+3B0001_011 0.000 0.000 0.000 0.000 0.000
276+3B0001_012 0.000 0.000 0.000 0.000 0.000
276+3B0001_013 0.000 0.000 0.000 0.000 0.000
276+3B0001_014 0.000 0.000 0.000 0.000 0.000
27604B0001_015 0.000 0.000 0.000 0.000 0.000
27604B0001_016 0.000 0.000 0.000 0.000 0.000
27604B0001_017 0.000 0.000 0.000 0.000 0.000
27604B0001_018 0.000 0.000 0.000 0.000 0.000
276+aB0001_019 0.000 0.000 0.000 0.000 0.000
276+aB0001_020 0.000 0.000 0.000 0.000 0.000
276+aB0001_021 0.000 0.000 0.000 0.000 0.000
276+aB0001_022 0.000 0.000 0.000 0.000 0.000
276+4B0001_023 0.000 0.000 0.000 0.000 0.000
276+4B0001_024 0.000 0.000 0.000 0.000 0.000
276DMB0001_025 0.000 0.000 0.000 0.000 0.000
