 ph              7.4   7.4   7.4   7.4   7.4
LEU01A0001_001 1.000 1.000 1.000 1.000 1.000
PRO01A0002_001 1.000 1.000 1.000 1.000 1.000
LEU01A0003_001 1.000 1.000 1.000 1.000 1.000
ASP01A0004_001 0.000 0.000 0.000 0.000 0.000
ASP01A0004_002 0.000 0.000 0.000 0.000 0.000
ASP02A0004_003 0.000 0.000 0.000 0.000 0.000
ASP02A0004_004 0.000 0.000 0.000 0.000 0.000
ASP-1A0004_005 1.000 1.000 1.000 1.000 1.000
PRO01A0005_001 1.000 1.000 1.000 1.000 1.000
LEU01A0006_001 1.000 1.000 1.000 1.000 1.000
TRP01A0007_001 1.000 1.000 1.000 1.000 1.000
GLU01A0008_001 0.000 0.000 0.000 0.000 0.000
GLU01A0008_002 0.000 0.000 0.000 0.000 0.000
GLU02A0008_003 0.000 0.000 0.000 0.000 0.000
GLU02A0008_004 0.000 0.000 0.000 0.000 0.000
GLU-1A0008_005 1.000 1.000 1.000 1.000 1.000
PHE01A0009_001 1.000 1.000 1.000 1.000 1.000
PRO01A0010_001 1.000 1.000 1.000 1.000 1.000
ARG01A0011_001 0.000 0.000 0.000 0.000 0.000
ARG02A0011_002 0.000 0.000 0.000 0.000 0.000
ARG03A0011_003 0.000 0.000 0.000 0.000 0.000
ARG+1A0011_004 1.000 1.000 1.000 1.000 1.000
ASP01A0012_001 0.000 0.000 0.000 0.000 0.000
ASP01A0012_002 0.000 0.000 0.000 0.000 0.000
ASP02A0012_003 0.000 0.000 0.000 0.000 0.000
ASP02A0012_004 0.000 0.000 0.000 0.000 0.000
ASP-1A0012_005 1.000 1.000 1.000 1.000 1.000
ARG01A0013_001 0.000 0.000 0.000 0.000 0.000
ARG02A0013_002 0.000 0.000 0.000 0.000 0.000
ARG03A0013_003 0.000 0.000 0.000 0.000 0.000
ARG+1A0013_004 1.000 1.000 1.000 1.000 1.000
LEU01A0014_001 1.000 1.000 1.000 1.000 1.000
VAL01A0015_001 1.000 1.000 1.000 1.000 1.000
LEU01A0016_001 1.000 1.000 1.000 1.000 1.000
LYS01A0018_001 0.002 0.002 0.002 0.002 0.002
LYS+1A0018_002 0.998 0.998 0.998 0.998 0.998
PRO01A0019_001 1.000 1.000 1.000 1.000 1.000
LEU01A0020_001 1.000 1.000 1.000 1.000 1.000
GLU01A0022_001 0.000 0.000 0.000 0.000 0.000
GLU01A0022_002 0.000 0.000 0.000 0.000 0.000
GLU02A0022_003 0.000 0.000 0.000 0.000 0.000
GLU02A0022_004 0.000 0.000 0.000 0.000 0.000
GLU-1A0022_005 1.000 1.000 1.000 1.000 1.000
ALA01A0024_001 1.000 1.000 1.000 1.000 1.000
PHE01A0025_001 1.000 1.000 1.000 1.000 1.000
GLN01A0027_001 0.893 0.893 0.892 0.891 0.891
GLN01A0027_002 0.107 0.107 0.108 0.109 0.109
VAL01A0028_001 1.000 1.000 1.000 1.000 1.000
VAL01A0029_001 1.000 1.000 1.000 1.000 1.000
ARG01A0030_001 0.000 0.000 0.000 0.000 0.000
ARG02A0030_002 0.000 0.000 0.000 0.000 0.000
ARG03A0030_003 0.000 0.000 0.000 0.000 0.000
ARG+1A0030_004 1.000 1.000 1.000 1.000 1.000
ALA01A0031_001 1.000 1.000 1.000 1.000 1.000
GLU01A0032_001 0.000 0.000 0.000 0.000 0.000
GLU01A0032_002 0.001 0.001 0.001 0.001 0.001
GLU02A0032_003 0.000 0.000 0.000 0.000 0.000
GLU02A0032_004 0.006 0.007 0.006 0.008 0.006
GLU-1A0032_005 0.993 0.992 0.993 0.992 0.993
ALA01A0033_001 1.000 1.000 1.000 1.000 1.000
PHE01A0034_001 1.000 1.000 1.000 1.000 1.000
MET01A0036_001 1.000 1.000 1.000 1.000 1.000
ASP01A0037_001 0.000 0.000 0.000 0.000 0.000
ASP01A0037_002 0.000 0.000 0.000 0.000 0.000
ASP02A0037_003 0.000 0.000 0.000 0.000 0.000
ASP02A0037_004 0.000 0.000 0.000 0.000 0.000
ASP-1A0037_005 1.000 1.000 1.000 1.000 1.000
PRO01A0038_001 1.000 1.000 1.000 1.000 1.000
ALA01A0039_001 1.000 1.000 1.000 1.000 1.000
ARG01A0040_001 0.000 0.000 0.000 0.000 0.000
ARG02A0040_002 0.000 0.000 0.000 0.000 0.000
ARG03A0040_003 0.000 0.000 0.000 0.000 0.000
ARG+1A0040_004 1.000 1.000 1.000 1.000 1.000
PRO01A0041_001 1.000 1.000 1.000 1.000 1.000
ASP01A0042_001 0.000 0.000 0.000 0.000 0.000
ASP01A0042_002 0.000 0.000 0.000 0.000 0.000
ASP02A0042_003 0.000 0.000 0.000 0.000 0.000
ASP02A0042_004 0.000 0.000 0.000 0.000 0.000
ASP-1A0042_005 1.000 1.000 1.000 1.000 1.000
GLN01A0043_001 0.508 0.509 0.506 0.507 0.507
GLN01A0043_002 0.492 0.491 0.494 0.493 0.493
ALA01A0044_001 1.000 1.000 1.000 1.000 1.000
SER01A0045_001 1.000 1.000 1.000 1.000 1.000
THR01A0046_001 0.416 0.416 0.416 0.415 0.416
THR01A0046_002 0.584 0.584 0.584 0.585 0.584
VAL01A0047_001 1.000 1.000 1.000 1.000 1.000
ALA01A0048_001 1.000 1.000 1.000 1.000 1.000
VAL01A0049_001 1.000 1.000 1.000 1.000 1.000
LYS01A0050_001 0.000 0.000 0.000 0.000 0.000
LYS+1A0050_002 1.000 1.000 1.000 1.000 1.000
MET01A0051_001 1.000 1.000 1.000 1.000 1.000
LEU01A0052_001 1.000 1.000 1.000 1.000 1.000
LYS01A0053_001 0.000 0.000 0.000 0.000 0.000
LYS+1A0053_002 1.000 1.000 1.000 1.000 1.000
ASP01A0054_001 0.000 0.000 0.000 0.000 0.000
ASP01A0054_002 0.000 0.000 0.000 0.000 0.000
ASP02A0054_003 0.000 0.000 0.000 0.000 0.000
ASP02A0054_004 0.000 0.000 0.000 0.000 0.000
ASP-1A0054_005 1.000 1.000 1.000 1.000 1.000
ASN01A0055_001 0.360 0.361 0.361 0.360 0.361
ASN01A0055_002 0.640 0.639 0.639 0.640 0.639
ALA01A0056_001 1.000 1.000 1.000 1.000 1.000
SER01A0057_001 1.000 1.000 1.000 1.000 1.000
SER01A0057_002 0.000 0.000 0.000 0.000 0.000
ASP01A0058_001 0.000 0.000 0.000 0.000 0.000
ASP01A0058_002 0.000 0.000 0.000 0.000 0.000
ASP02A0058_003 0.000 0.000 0.000 0.000 0.000
ASP02A0058_004 0.000 0.000 0.000 0.000 0.000
ASP-1A0058_005 1.000 1.000 1.000 1.000 1.000
LYS01A0059_001 0.000 0.000 0.000 0.000 0.000
LYS+1A0059_002 1.000 1.000 1.000 1.000 1.000
ASP01A0060_001 0.000 0.000 0.000 0.000 0.000
ASP01A0060_002 0.000 0.000 0.000 0.000 0.000
ASP02A0060_003 0.000 0.000 0.000 0.000 0.000
ASP02A0060_004 0.000 0.000 0.000 0.000 0.000
ASP-1A0060_005 1.000 1.000 1.000 1.000 1.000
LEU01A0061_001 1.000 1.000 1.000 1.000 1.000
ALA01A0062_001 1.000 1.000 1.000 1.000 1.000
ASP01A0063_001 0.000 0.000 0.000 0.000 0.000
ASP01A0063_002 0.000 0.002 0.002 0.000 0.002
ASP02A0063_003 0.000 0.000 0.000 0.000 0.000
ASP02A0063_004 0.000 0.000 0.000 0.000 0.000
ASP-1A0063_005 1.000 0.998 0.998 1.000 0.998
LEU01A0064_001 1.000 1.000 1.000 1.000 1.000
VAL01A0065_001 1.000 1.000 1.000 1.000 1.000
SER01A0066_001 1.000 1.000 1.000 1.000 1.000
GLU01A0067_001 0.000 0.000 0.000 0.000 0.000
GLU01A0067_002 0.000 0.000 0.000 0.000 0.000
GLU02A0067_003 0.000 0.000 0.000 0.000 0.000
GLU02A0067_004 0.000 0.000 0.000 0.000 0.000
GLU-1A0067_005 1.000 1.000 1.000 1.000 1.000
MET01A0068_001 1.000 1.000 1.000 1.000 1.000
GLU01A0069_001 0.000 0.000 0.000 0.000 0.000
GLU01A0069_002 0.000 0.000 0.000 0.000 0.000
GLU02A0069_003 0.000 0.000 0.000 0.000 0.000
GLU02A0069_004 0.000 0.000 0.000 0.000 0.000
GLU-1A0069_005 1.000 1.000 1.000 1.000 1.000
VAL01A0070_001 1.000 1.000 1.000 1.000 1.000
MET01A0071_001 1.000 1.000 1.000 1.000 1.000
LYS01A0072_001 0.000 0.000 0.000 0.000 0.000
LYS+1A0072_002 1.000 1.000 1.000 1.000 1.000
LEU01A0073_001 1.000 1.000 1.000 1.000 1.000
ILE01A0074_001 1.000 1.000 1.000 1.000 1.000
ARG01A0076_001 0.000 0.000 0.000 0.000 0.000
ARG02A0076_002 0.000 0.000 0.000 0.000 0.000
ARG03A0076_003 0.000 0.000 0.000 0.000 0.000
ARG+1A0076_004 1.000 1.000 1.000 1.000 1.000
HIS01A0077_001 1.000 1.000 1.000 1.000 1.000
HIS02A0077_002 0.000 0.000 0.000 0.000 0.000
HIS+1A0077_003 0.000 0.000 0.000 0.000 0.000
LYS01A0078_001 0.005 0.005 0.005 0.005 0.005
LYS+1A0078_002 0.995 0.995 0.995 0.995 0.995
ASN01A0079_001 1.000 0.999 1.000 0.999 1.000
ASN01A0079_002 0.000 0.001 0.000 0.001 0.000
ILE01A0080_001 1.000 1.000 1.000 1.000 1.000
ILE01A0081_001 1.000 1.000 1.000 1.000 1.000
ASN01A0082_001 1.000 1.000 1.000 1.000 1.000
ASN01A0082_002 0.000 0.000 0.000 0.000 0.000
LEU01A0083_001 1.000 1.000 1.000 1.000 1.000
LEU01A0084_001 1.000 1.000 1.000 1.000 1.000
VAL01A0086_001 1.000 1.000 1.000 1.000 1.000
CYS01A0087_001 0.896 0.896 0.896 0.897 0.897
CYS01A0087_002 0.056 0.056 0.055 0.056 0.055
CYS01A0087_003 0.048 0.048 0.048 0.048 0.048
CYS-1A0087_004 0.000 0.000 0.000 0.000 0.000
THR01A0088_001 0.999 1.000 1.000 0.999 1.000
THR01A0088_002 0.000 0.000 0.000 0.000 0.000
THR01A0088_003 0.001 0.000 0.000 0.001 0.000
GLN01A0089_001 0.991 0.991 0.991 0.991 0.991
GLN01A0089_002 0.009 0.009 0.009 0.009 0.009
GLU01A0090_001 0.000 0.000 0.000 0.000 0.000
GLU01A0090_002 0.000 0.000 0.000 0.000 0.000
GLU02A0090_003 0.000 0.000 0.000 0.000 0.000
GLU02A0090_004 0.000 0.000 0.000 0.000 0.000
GLU-1A0090_005 1.000 1.000 1.000 1.000 1.000
PRO01A0092_001 1.000 1.000 1.000 1.000 1.000
LEU01A0093_001 1.000 1.000 1.000 1.000 1.000
TYR01A0094_001 1.000 1.000 1.000 1.000 1.000
TYR-1A0094_002 0.000 0.000 0.000 0.000 0.000
VAL01A0095_001 1.000 1.000 1.000 1.000 1.000
ILE01A0096_001 1.000 1.000 1.000 1.000 1.000
VAL01A0097_001 1.000 1.000 1.000 1.000 1.000
GLU01A0098_001 0.000 0.000 0.000 0.000 0.000
GLU01A0098_002 0.000 0.000 0.000 0.000 0.000
GLU02A0098_003 0.000 0.000 0.000 0.000 0.000
GLU02A0098_004 0.000 0.000 0.000 0.000 0.000
GLU-1A0098_005 1.000 1.000 1.000 1.000 1.000
CYS01A0099_001 0.443 0.443 0.443 0.444 0.446
CYS01A0099_002 0.357 0.357 0.359 0.357 0.355
CYS01A0099_003 0.200 0.200 0.199 0.199 0.199
CYS-1A0099_004 0.000 0.000 0.000 0.000 0.000
ALA01A0100_001 1.000 1.000 1.000 1.000 1.000
ALA01A0101_001 1.000 1.000 1.000 1.000 1.000
LYS01A0102_001 0.000 0.000 0.000 0.000 0.000
LYS+1A0102_002 1.000 1.000 1.000 1.000 1.000
ASN01A0104_001 1.000 1.000 1.000 1.000 1.000
ASN01A0104_002 0.000 0.000 0.000 0.000 0.000
LEU01A0105_001 1.000 1.000 1.000 1.000 1.000
ARG01A0106_001 0.000 0.000 0.000 0.000 0.000
ARG02A0106_002 0.000 0.000 0.000 0.000 0.000
ARG03A0106_003 0.000 0.000 0.000 0.000 0.000
ARG+1A0106_004 1.000 1.000 1.000 1.000 1.000
GLU01A0107_001 0.000 0.000 0.000 0.000 0.000
GLU01A0107_002 0.000 0.000 0.000 0.000 0.000
GLU02A0107_003 0.000 0.000 0.000 0.000 0.000
GLU02A0107_004 0.000 0.000 0.000 0.000 0.000
GLU-1A0107_005 1.000 1.000 1.000 1.000 1.000
PHE01A0108_001 1.000 1.000 1.000 1.000 1.000
LEU01A0109_001 1.000 1.000 1.000 1.000 1.000
ARG01A0110_001 0.000 0.000 0.000 0.000 0.000
ARG02A0110_002 0.000 0.000 0.000 0.000 0.000
ARG03A0110_003 0.000 0.000 0.000 0.000 0.000
ARG+1A0110_004 1.000 1.000 1.000 1.000 1.000
ALA01A0111_001 1.000 1.000 1.000 1.000 1.000
ARG01A0112_001 0.000 0.000 0.000 0.000 0.000
ARG02A0112_002 0.000 0.000 0.000 0.000 0.000
ARG03A0112_003 0.000 0.000 0.000 0.000 0.000
ARG03A0112_004 0.000 0.000 0.000 0.000 0.000
ARG+1A0112_005 1.000 1.000 1.000 1.000 1.000
ARG01A0113_001 0.000 0.000 0.000 0.000 0.000
ARG02A0113_002 0.000 0.000 0.000 0.000 0.000
ARG03A0113_003 0.000 0.000 0.000 0.000 0.000
ARG+1A0113_004 1.000 1.000 1.000 1.000 1.000
PRO01A0114_001 1.000 1.000 1.000 1.000 1.000
PRO01A0115_001 1.000 1.000 1.000 1.000 1.000
PRO01A0117_001 1.000 1.000 1.000 1.000 1.000
ASP01A0118_001 0.000 0.000 0.000 0.000 0.000
ASP01A0118_002 0.000 0.000 0.000 0.000 0.000
ASP02A0118_003 0.000 0.000 0.000 0.000 0.000
ASP02A0118_004 0.000 0.000 0.000 0.000 0.000
ASP-1A0118_005 1.000 1.000 1.000 1.000 1.000
LEU01A0119_001 1.000 1.000 1.000 1.000 1.000
SER01A0120_001 0.069 0.069 0.068 0.069 0.069
SER01A0120_002 0.931 0.931 0.932 0.931 0.931
PRO01A0121_001 1.000 1.000 1.000 1.000 1.000
ASP01A0122_001 0.000 0.000 0.000 0.000 0.000
ASP01A0122_002 0.000 0.000 0.000 0.000 0.000
ASP02A0122_003 0.000 0.000 0.000 0.000 0.000
ASP02A0122_004 0.000 0.000 0.000 0.000 0.000
ASP-1A0122_005 1.000 1.000 1.000 1.000 1.000
PRO01A0124_001 1.000 1.000 1.000 1.000 1.000
ARG01A0125_001 0.000 0.000 0.000 0.000 0.000
ARG02A0125_002 0.000 0.000 0.000 0.000 0.000
ARG02A0125_003 0.000 0.000 0.000 0.000 0.000
ARG03A0125_004 0.000 0.000 0.000 0.000 0.000
ARG+1A0125_005 1.000 1.000 1.000 1.000 1.000
SER01A0126_001 1.000 1.000 1.000 1.000 1.000
SER01A0127_001 0.283 0.284 0.284 0.284 0.284
SER01A0127_002 0.717 0.716 0.716 0.716 0.716
GLU01A0128_001 0.000 0.000 0.000 0.000 0.000
GLU01A0128_002 0.000 0.000 0.000 0.000 0.000
GLU02A0128_003 0.000 0.000 0.000 0.000 0.000
GLU02A0128_004 0.000 0.000 0.000 0.000 0.000
GLU-1A0128_005 1.000 1.000 1.000 1.000 1.000
PRO01A0130_001 1.000 1.000 1.000 1.000 1.000
LEU01A0131_001 1.000 1.000 1.000 1.000 1.000
SER01A0132_001 1.000 1.000 1.000 1.000 1.000
PHE01A0133_001 1.000 1.000 1.000 1.000 1.000
PRO01A0134_001 1.000 1.000 1.000 1.000 1.000
VAL01A0135_001 1.000 1.000 1.000 1.000 1.000
LEU01A0136_001 1.000 1.000 1.000 1.000 1.000
VAL01A0137_001 1.000 1.000 1.000 1.000 1.000
SER01A0138_001 0.000 0.000 0.000 0.000 0.000
SER01A0138_002 1.000 1.000 1.000 1.000 1.000
CYS01A0139_001 0.260 0.259 0.260 0.259 0.259
CYS01A0139_002 0.596 0.596 0.595 0.597 0.597
CYS01A0139_003 0.144 0.145 0.144 0.145 0.144
CYS-1A0139_004 0.000 0.000 0.000 0.000 0.000
ALA01A0140_001 1.000 1.000 1.000 1.000 1.000
TYR01A0141_001 1.000 1.000 1.000 1.000 1.000
TYR-1A0141_002 0.000 0.000 0.000 0.000 0.000
GLN01A0142_001 1.000 1.000 1.000 1.000 1.000
GLN01A0142_002 0.000 0.000 0.000 0.000 0.000
VAL01A0143_001 1.000 1.000 1.000 1.000 1.000
ALA01A0144_001 1.000 1.000 1.000 1.000 1.000
ARG01A0145_001 0.000 0.000 0.000 0.000 0.000
ARG02A0145_002 0.000 0.000 0.000 0.000 0.000
ARG02A0145_003 0.000 0.000 0.000 0.000 0.000
ARG03A0145_004 0.000 0.000 0.000 0.000 0.000
ARG+1A0145_005 1.000 1.000 1.000 1.000 1.000
MET01A0147_001 1.000 1.000 1.000 1.000 1.000
GLN01A0148_001 0.920 0.920 0.920 0.920 0.920
GLN01A0148_002 0.080 0.080 0.080 0.080 0.080
TYR01A0149_001 0.002 0.002 0.002 0.002 0.002
TYR01A0149_002 0.998 0.998 0.998 0.998 0.998
TYR-1A0149_003 0.000 0.000 0.000 0.000 0.000
LEU01A0150_001 1.000 1.000 1.000 1.000 1.000
GLU01A0151_001 0.000 0.000 0.000 0.000 0.000
GLU01A0151_002 0.002 0.002 0.002 0.002 0.002
GLU02A0151_003 0.000 0.000 0.000 0.000 0.000
GLU02A0151_004 0.004 0.003 0.004 0.003 0.004
GLU-1A0151_005 0.994 0.995 0.994 0.995 0.994
SER01A0152_001 0.867 0.867 0.868 0.868 0.868
SER01A0152_002 0.000 0.000 0.000 0.000 0.000
SER01A0152_003 0.133 0.133 0.132 0.132 0.132
ARG01A0153_001 0.000 0.000 0.000 0.000 0.000
ARG02A0153_002 0.000 0.000 0.000 0.000 0.000
ARG03A0153_003 0.000 0.000 0.000 0.000 0.000
ARG03A0153_004 0.000 0.000 0.000 0.000 0.000
ARG+1A0153_005 1.000 1.000 1.000 1.000 1.000
LYS01A0154_001 0.000 0.000 0.000 0.000 0.000
LYS+1A0154_002 1.000 1.000 1.000 1.000 1.000
CYS01A0155_001 0.685 0.686 0.685 0.684 0.686
CYS01A0155_002 0.000 0.000 0.000 0.000 0.000
CYS01A0155_003 0.315 0.314 0.315 0.316 0.314
CYS-1A0155_004 0.000 0.000 0.000 0.000 0.000
ILE01A0156_001 1.000 1.000 1.000 1.000 1.000
HIS01A0157_001 1.000 1.000 1.000 1.000 1.000
HIS02A0157_002 0.000 0.000 0.000 0.000 0.000
HIS+1A0157_003 0.000 0.000 0.000 0.000 0.000
ARG01A0158_001 0.142 0.141 0.141 0.143 0.140
ARG02A0158_002 0.003 0.003 0.003 0.003 0.003
ARG03A0158_003 0.077 0.075 0.075 0.077 0.075
ARG+1A0158_004 0.777 0.781 0.781 0.777 0.782
ASP01A0159_001 0.000 0.000 0.000 0.000 0.000
ASP01A0159_002 0.000 0.000 0.000 0.000 0.000
ASP02A0159_003 0.000 0.000 0.000 0.000 0.000
ASP02A0159_004 0.000 0.000 0.000 0.000 0.000
ASP-1A0159_005 1.000 1.000 1.000 1.000 1.000
LEU01A0160_001 1.000 1.000 1.000 1.000 1.000
ALA01A0161_001 1.000 1.000 1.000 1.000 1.000
ALA01A0162_001 1.000 1.000 1.000 1.000 1.000
ARG01A0163_001 0.002 0.002 0.000 0.002 0.002
ARG02A0163_002 0.000 0.000 0.000 0.000 0.000
ARG03A0163_003 0.000 0.000 0.000 0.000 0.000
ARG+1A0163_004 0.998 0.998 1.000 0.998 0.998
ASN01A0164_001 1.000 1.000 1.000 1.000 1.000
ASN01A0164_002 0.000 0.000 0.000 0.000 0.000
VAL01A0165_001 1.000 1.000 1.000 1.000 1.000
LEU01A0166_001 1.000 1.000 1.000 1.000 1.000
VAL01A0167_001 1.000 1.000 1.000 1.000 1.000
THR01A0168_001 0.838 0.838 0.836 0.837 0.836
THR01A0168_002 0.162 0.162 0.164 0.163 0.164
GLU01A0169_001 0.000 0.000 0.000 0.000 0.000
GLU01A0169_002 0.000 0.000 0.000 0.000 0.000
GLU02A0169_003 0.000 0.000 0.000 0.000 0.000
GLU02A0169_004 0.000 0.000 0.000 0.000 0.000
GLU-1A0169_005 1.000 1.000 1.000 1.000 1.000
ASP01A0170_001 0.000 0.000 0.000 0.000 0.000
ASP01A0170_002 0.000 0.000 0.000 0.000 0.000
ASP02A0170_003 0.000 0.000 0.000 0.000 0.000
ASP02A0170_004 0.000 0.000 0.000 0.000 0.000
ASP-1A0170_005 1.000 1.000 1.000 1.000 1.000
ASN01A0171_001 1.000 1.000 1.000 1.000 1.000
VAL01A0172_001 1.000 1.000 1.000 1.000 1.000
MET01A0173_001 1.000 1.000 1.000 1.000 1.000
LYS01A0174_001 0.000 0.000 0.000 0.000 0.000
LYS+1A0174_002 1.000 1.000 1.000 1.000 1.000
ILE01A0175_001 1.000 1.000 1.000 1.000 1.000
ALA01A0176_001 1.000 1.000 1.000 1.000 1.000
ASP01A0177_001 0.004 0.005 0.004 0.004 0.004
ASP01A0177_002 0.996 0.995 0.996 0.996 0.995
ASP02A0177_003 0.000 0.000 0.000 0.000 0.000
ASP02A0177_004 0.000 0.000 0.000 0.000 0.000
ASP-1A0177_005 0.000 0.000 0.000 0.000 0.000
PHE01A0178_001 1.000 1.000 1.000 1.000 1.000
LEU01A0180_001 1.000 1.000 1.000 1.000 1.000
ALA01A0181_001 1.000 1.000 1.000 1.000 1.000
ARG01A0182_001 0.000 0.000 0.000 0.000 0.000
ARG02A0182_002 0.000 0.000 0.000 0.000 0.000
ARG03A0182_003 0.000 0.000 0.000 0.000 0.000
ARG03A0182_004 0.000 0.000 0.000 0.000 0.000
ARG+1A0182_005 1.000 1.000 1.000 1.000 1.000
VAL01A0184_001 1.000 1.000 1.000 1.000 1.000
HIS01A0185_001 0.013 0.012 0.013 0.012 0.013
HIS02A0185_002 0.675 0.678 0.676 0.678 0.675
HIS+1A0185_003 0.312 0.310 0.312 0.310 0.312
HIS01A0186_001 0.070 0.070 0.070 0.071 0.070
HIS01A0186_002 0.029 0.028 0.028 0.029 0.028
HIS02A0186_003 0.725 0.728 0.727 0.723 0.731
HIS02A0186_004 0.078 0.078 0.079 0.079 0.078
HIS+1A0186_005 0.091 0.090 0.088 0.092 0.088
HIS+1A0186_006 0.006 0.006 0.007 0.007 0.006
ILE01A0187_001 1.000 1.000 1.000 1.000 1.000
ASP01A0188_001 0.000 0.000 0.000 0.000 0.000
ASP01A0188_002 0.000 0.000 0.000 0.000 0.000
ASP02A0188_003 0.000 0.000 0.000 0.000 0.000
ASP02A0188_004 0.000 0.000 0.000 0.000 0.000
ASP-1A0188_005 1.000 1.000 1.000 1.000 1.000
TYR01A0189_001 1.000 1.000 1.000 1.000 1.000
TYR-1A0189_002 0.000 0.000 0.000 0.000 0.000
TYR01A0190_001 1.000 1.000 1.000 1.000 1.000
TYR-1A0190_002 0.000 0.000 0.000 0.000 0.000
LYS01A0191_001 0.017 0.017 0.017 0.017 0.017
LYS+1A0191_002 0.983 0.983 0.983 0.983 0.983
LYS01A0192_001 0.016 0.016 0.017 0.016 0.016
LYS+1A0192_002 0.984 0.984 0.983 0.984 0.984
THR01A0193_001 0.621 0.622 0.621 0.623 0.623
THR01A0193_002 0.379 0.378 0.379 0.377 0.377
SER01A0194_001 0.355 0.356 0.357 0.353 0.355
SER01A0194_002 0.645 0.644 0.643 0.647 0.645
ASN01A0195_001 0.185 0.185 0.184 0.183 0.184
ASN01A0195_002 0.815 0.815 0.816 0.817 0.816
ARG01A0197_001 0.000 0.000 0.000 0.000 0.000
ARG02A0197_002 0.000 0.000 0.000 0.000 0.000
ARG02A0197_003 0.000 0.000 0.000 0.000 0.000
ARG03A0197_004 0.000 0.000 0.000 0.000 0.000
ARG03A0197_005 0.000 0.000 0.001 0.000 0.000
ARG+1A0197_006 1.000 1.000 0.999 1.000 1.000
LEU01A0198_001 1.000 1.000 1.000 1.000 1.000
PRO01A0199_001 1.000 1.000 1.000 1.000 1.000
VAL01A0200_001 1.000 1.000 1.000 1.000 1.000
LYS01A0201_001 0.028 0.029 0.029 0.029 0.029
LYS+1A0201_002 0.972 0.971 0.971 0.971 0.971
TRP01A0202_001 1.000 1.000 1.000 1.000 1.000
MET01A0203_001 1.000 1.000 1.000 1.000 1.000
ALA01A0204_001 1.000 1.000 1.000 1.000 1.000
PRO01A0205_001 1.000 1.000 1.000 1.000 1.000
GLU01A0206_001 0.000 0.000 0.000 0.000 0.000
GLU01A0206_002 0.000 0.000 0.000 0.000 0.000
GLU02A0206_003 0.000 0.000 0.000 0.000 0.000
GLU02A0206_004 0.000 0.000 0.000 0.000 0.000
GLU-1A0206_005 1.000 1.000 1.000 1.000 1.000
ALA01A0207_001 1.000 1.000 1.000 1.000 1.000
LEU01A0208_001 1.000 1.000 1.000 1.000 1.000
PHE01A0209_001 1.000 1.000 1.000 1.000 1.000
ASP01A0210_001 0.000 0.000 0.000 0.000 0.000
ASP01A0210_002 0.000 0.000 0.000 0.000 0.000
ASP02A0210_003 0.000 0.000 0.000 0.000 0.000
ASP02A0210_004 0.000 0.000 0.000 0.000 0.000
ASP-1A0210_005 1.000 1.000 1.000 1.000 1.000
GLU01A0211_001 0.000 0.000 0.000 0.000 0.000
GLU01A0211_002 0.000 0.002 0.000 0.000 0.000
GLU02A0211_003 0.000 0.000 0.000 0.000 0.000
GLU02A0211_004 0.003 0.000 0.003 0.003 0.003
GLU-1A0211_005 0.997 0.998 0.997 0.997 0.997
VAL01A0212_001 1.000 1.000 1.000 1.000 1.000
TYR01A0213_001 1.000 1.000 1.000 1.000 1.000
TYR-1A0213_002 0.000 0.000 0.000 0.000 0.000
THR01A0214_001 1.000 1.000 1.000 1.000 1.000
HIS01A0215_001 0.002 0.002 0.002 0.002 0.002
HIS01A0215_002 0.161 0.158 0.160 0.160 0.160
HIS02A0215_003 0.639 0.640 0.636 0.640 0.640
HIS02A0215_004 0.019 0.019 0.019 0.020 0.019
HIS+1A0215_005 0.153 0.154 0.155 0.151 0.152
HIS+1A0215_006 0.027 0.027 0.027 0.027 0.027
GLN01A0216_001 0.950 0.950 0.950 0.951 0.951
GLN01A0216_002 0.050 0.050 0.050 0.049 0.049
SER01A0217_001 0.997 0.997 0.997 0.997 0.997
SER01A0217_002 0.003 0.003 0.003 0.003 0.003
ASP01A0218_001 0.000 0.000 0.000 0.000 0.000
ASP01A0218_002 0.000 0.000 0.000 0.000 0.000
ASP02A0218_003 0.000 0.000 0.000 0.000 0.000
ASP02A0218_004 0.000 0.000 0.000 0.000 0.000
ASP-1A0218_005 1.000 1.000 1.000 1.000 1.000
VAL01A0219_001 1.000 1.000 1.000 1.000 1.000
TRP01A0220_001 1.000 1.000 1.000 1.000 1.000
SER01A0221_001 0.986 0.986 0.986 0.986 0.986
SER01A0221_002 0.014 0.014 0.014 0.014 0.014
PHE01A0222_001 1.000 1.000 1.000 1.000 1.000
ILE01A0224_001 1.000 1.000 1.000 1.000 1.000
LEU01A0225_001 1.000 1.000 1.000 1.000 1.000
LEU01A0226_001 1.000 1.000 1.000 1.000 1.000
TRP01A0227_001 1.000 1.000 1.000 1.000 1.000
GLU01A0228_001 0.000 0.000 0.000 0.000 0.000
GLU01A0228_002 0.000 0.000 0.000 0.000 0.000
GLU02A0228_003 0.000 0.000 0.000 0.000 0.000
GLU02A0228_004 0.000 0.000 0.000 0.000 0.000
GLU-1A0228_005 1.000 1.000 1.000 1.000 1.000
ILE01A0229_001 1.000 1.000 1.000 1.000 1.000
PHE01A0230_001 1.000 1.000 1.000 1.000 1.000
THR01A0231_001 0.798 0.796 0.800 0.799 0.798
THR01A0231_002 0.000 0.000 0.000 0.000 0.000
THR01A0231_003 0.202 0.204 0.200 0.201 0.202
LEU01A0232_001 1.000 1.000 1.000 1.000 1.000
SER01A0235_001 1.000 1.000 1.000 1.000 1.000
PRO01A0236_001 1.000 1.000 1.000 1.000 1.000
TYR01A0237_001 0.052 0.053 0.053 0.052 0.052
TYR01A0237_002 0.948 0.947 0.947 0.948 0.948
TYR-1A0237_003 0.000 0.000 0.000 0.000 0.000
PRO01A0238_001 1.000 1.000 1.000 1.000 1.000
ILE01A0240_001 1.000 1.000 1.000 1.000 1.000
PRO01A0241_001 1.000 1.000 1.000 1.000 1.000
VAL01A0242_001 1.000 1.000 1.000 1.000 1.000
GLU01A0243_001 0.000 0.000 0.000 0.000 0.000
GLU01A0243_002 0.000 0.000 0.000 0.000 0.000
GLU02A0243_003 0.000 0.000 0.000 0.000 0.000
GLU02A0243_004 0.000 0.000 0.000 0.000 0.000
GLU-1A0243_005 1.000 1.000 1.000 1.000 1.000
GLU01A0244_001 0.000 0.000 0.000 0.000 0.000
GLU01A0244_002 0.003 0.003 0.003 0.003 0.002
GLU02A0244_003 0.000 0.000 0.000 0.000 0.000
GLU02A0244_004 0.000 0.000 0.000 0.000 0.001
GLU-1A0244_005 0.997 0.997 0.997 0.997 0.997
LEU01A0245_001 1.000 1.000 1.000 1.000 1.000
PHE01A0246_001 1.000 1.000 1.000 1.000 1.000
SER01A0247_001 0.217 0.217 0.217 0.216 0.217
SER01A0247_002 0.783 0.783 0.783 0.784 0.783
LEU01A0248_001 1.000 1.000 1.000 1.000 1.000
LEU01A0249_001 1.000 1.000 1.000 1.000 1.000
ARG01A0250_001 0.000 0.000 0.000 0.000 0.000
ARG02A0250_002 0.000 0.000 0.000 0.000 0.000
ARG03A0250_003 0.000 0.000 0.000 0.000 0.000
ARG+1A0250_004 1.000 1.000 1.000 1.000 1.000
GLU01A0251_001 0.000 0.000 0.000 0.000 0.000
GLU01A0251_002 0.001 0.000 0.000 0.001 0.000
GLU02A0251_003 0.000 0.000 0.000 0.000 0.000
GLU02A0251_004 0.003 0.003 0.003 0.002 0.003
GLU-1A0251_005 0.997 0.997 0.997 0.997 0.997
HIS01A0253_001 0.446 0.448 0.447 0.448 0.449
HIS01A0253_002 0.125 0.125 0.125 0.125 0.125
HIS02A0253_003 0.102 0.102 0.102 0.102 0.101
HIS02A0253_004 0.321 0.318 0.321 0.320 0.320
HIS+1A0253_005 0.001 0.000 0.001 0.001 0.001
HIS+1A0253_006 0.004 0.006 0.004 0.004 0.004
ARG01A0254_001 0.000 0.000 0.000 0.000 0.000
ARG02A0254_002 0.000 0.000 0.000 0.000 0.000
ARG03A0254_003 0.000 0.000 0.000 0.000 0.000
ARG+1A0254_004 1.000 1.000 1.000 1.000 1.000
MET01A0255_001 1.000 1.000 1.000 1.000 1.000
ASP01A0256_001 0.000 0.000 0.000 0.000 0.000
ASP01A0256_002 0.000 0.000 0.000 0.000 0.000
ASP02A0256_003 0.000 0.000 0.000 0.000 0.000
ASP02A0256_004 0.000 0.000 0.000 0.000 0.000
ASP-1A0256_005 1.000 1.000 1.000 1.000 1.000
ARG01A0257_001 0.000 0.000 0.000 0.000 0.000
ARG02A0257_002 0.000 0.000 0.000 0.000 0.000
ARG03A0257_003 0.000 0.000 0.000 0.000 0.000
ARG+1A0257_004 1.000 1.000 1.000 1.000 1.000
PRO01A0258_001 1.000 1.000 1.000 1.000 1.000
PRO01A0259_001 1.000 1.000 1.000 1.000 1.000
HIS01A0260_001 0.203 0.204 0.203 0.204 0.203
HIS01A0260_002 0.095 0.095 0.094 0.095 0.095
HIS02A0260_003 0.364 0.363 0.362 0.362 0.361
HIS02A0260_004 0.120 0.119 0.120 0.120 0.120
HIS+1A0260_005 0.131 0.131 0.133 0.132 0.132
HIS+1A0260_006 0.087 0.088 0.088 0.089 0.088
CYS01A0261_001 0.245 0.246 0.246 0.247 0.245
CYS01A0261_002 0.384 0.384 0.384 0.383 0.383
CYS01A0261_003 0.371 0.370 0.370 0.370 0.372
CYS-1A0261_004 0.000 0.000 0.000 0.000 0.000
PRO01A0262_001 1.000 1.000 1.000 1.000 1.000
PRO01A0263_001 1.000 1.000 1.000 1.000 1.000
GLU01A0264_001 0.000 0.000 0.000 0.000 0.000
GLU01A0264_002 0.000 0.000 0.000 0.000 0.000
GLU02A0264_003 0.000 0.000 0.000 0.000 0.000
GLU02A0264_004 0.000 0.000 0.000 0.000 0.000
GLU-1A0264_005 1.000 1.000 1.000 1.000 1.000
LEU01A0265_001 1.000 1.000 1.000 1.000 1.000
TYR01A0266_001 0.996 0.997 0.996 0.996 0.996
TYR01A0266_002 0.004 0.003 0.004 0.004 0.004
TYR-1A0266_003 0.000 0.000 0.000 0.000 0.000
LEU01A0268_001 1.000 1.000 1.000 1.000 1.000
MET01A0269_001 1.000 1.000 1.000 1.000 1.000
ARG01A0270_001 0.000 0.000 0.000 0.000 0.000
ARG02A0270_002 0.000 0.000 0.000 0.000 0.000
ARG02A0270_003 0.000 0.000 0.000 0.000 0.000
ARG03A0270_004 0.000 0.000 0.000 0.000 0.000
ARG+1A0270_005 1.000 1.000 1.000 1.000 1.000
GLU01A0271_001 0.000 0.000 0.000 0.000 0.000
GLU01A0271_002 0.000 0.000 0.000 0.000 0.000
GLU02A0271_003 0.000 0.000 0.000 0.000 0.000
GLU02A0271_004 0.000 0.000 0.000 0.000 0.000
GLU-1A0271_005 1.000 1.000 1.000 1.000 1.000
CYS01A0272_001 0.277 0.276 0.276 0.275 0.278
CYS01A0272_002 0.525 0.525 0.525 0.527 0.524
CYS01A0272_003 0.199 0.199 0.199 0.198 0.198
CYS-1A0272_004 0.000 0.000 0.000 0.000 0.000
TRP01A0273_001 1.000 1.000 1.000 1.000 1.000
HIS01A0274_001 0.014 0.015 0.014 0.014 0.014
HIS01A0274_002 0.000 0.000 0.000 0.000 0.000
HIS02A0274_003 0.913 0.913 0.914 0.914 0.912
HIS02A0274_004 0.000 0.000 0.000 0.000 0.000
HIS+1A0274_005 0.073 0.072 0.072 0.072 0.073
HIS+1A0274_006 0.000 0.000 0.000 0.000 0.000
ALA01A0275_001 1.000 1.000 1.000 1.000 1.000
ALA01A0276_001 1.000 1.000 1.000 1.000 1.000
PRO01A0277_001 1.000 1.000 1.000 1.000 1.000
SER01A0278_001 0.031 0.032 0.031 0.031 0.031
SER01A0278_002 0.969 0.968 0.969 0.969 0.969
GLN01A0279_001 0.929 0.928 0.928 0.928 0.928
GLN01A0279_002 0.071 0.072 0.072 0.072 0.072
ARG01A0280_001 0.000 0.000 0.000 0.000 0.000
ARG02A0280_002 0.000 0.000 0.000 0.000 0.000
ARG02A0280_003 0.000 0.000 0.000 0.000 0.000
ARG03A0280_004 0.000 0.000 0.000 0.000 0.000
ARG03A0280_005 0.000 0.000 0.000 0.000 0.000
ARG+1A0280_006 1.000 1.000 1.000 1.000 1.000
PRO01A0281_001 1.000 1.000 1.000 1.000 1.000
THR01A0282_001 1.000 1.000 1.000 1.000 1.000
PHE01A0283_001 1.000 1.000 1.000 1.000 1.000
LYS01A0284_001 0.000 0.000 0.000 0.000 0.000
LYS+1A0284_002 1.000 1.000 1.000 1.000 1.000
GLN01A0285_001 1.000 1.000 1.000 1.000 1.000
GLN01A0285_002 0.000 0.000 0.000 0.000 0.000
LEU01A0286_001 1.000 1.000 1.000 1.000 1.000
VAL01A0287_001 1.000 1.000 1.000 1.000 1.000
GLU01A0288_001 0.000 0.000 0.000 0.000 0.000
GLU01A0288_002 0.000 0.000 0.000 0.000 0.000
GLU02A0288_003 0.000 0.000 0.000 0.000 0.000
GLU02A0288_004 0.000 0.002 0.002 0.000 0.000
GLU-1A0288_005 1.000 0.998 0.998 1.000 1.000
ALA01A0289_001 1.000 1.000 1.000 1.000 1.000
LEU01A0290_001 1.000 1.000 1.000 1.000 1.000
ASP01A0291_001 0.000 0.000 0.000 0.000 0.000
ASP01A0291_002 0.005 0.005 0.005 0.005 0.004
ASP02A0291_003 0.000 0.000 0.000 0.000 0.000
ASP02A0291_004 0.003 0.003 0.003 0.003 0.003
ASP-1A0291_005 0.992 0.993 0.993 0.993 0.992
LYS01A0292_001 0.000 0.000 0.000 0.000 0.000
LYS+1A0292_002 1.000 1.000 1.000 1.000 1.000
VAL01A0293_001 1.000 1.000 1.000 1.000 1.000
LEU01A0294_001 1.000 1.000 1.000 1.000 1.000
LEU01A0295_001 1.000 1.000 1.000 1.000 1.000
ALA01A0296_001 1.000 1.000 1.000 1.000 1.000
VAL01A0297_001 1.000 1.000 1.000 1.000 1.000
0LI+1B0002_001 0.000 0.000 0.000 0.000 0.000
0LI+2B0002_002 0.305 0.301 0.302 0.305 0.301
0LI01B0002_003 0.695 0.699 0.698 0.695 0.699
0LIDMB0002_004 0.000 0.000 0.000 0.000 0.000
