 ph              7.4   7.4   7.4   7.4   7.4
LEU01A0001_001 1.000 1.000 1.000 1.000 1.000
LEU01A0002_001 1.000 1.000 1.000 1.000 1.000
ARG01A0003_001 0.000 0.000 0.000 0.000 0.000
ARG02A0003_002 0.000 0.000 0.000 0.000 0.000
ARG03A0003_003 0.000 0.000 0.000 0.000 0.000
ARG+1A0003_004 1.000 1.000 1.000 1.000 1.000
ILE01A0004_001 1.000 1.000 1.000 1.000 1.000
LEU01A0005_001 1.000 1.000 1.000 1.000 1.000
LYS01A0006_001 0.002 0.001 0.002 0.002 0.002
LYS+1A0006_002 0.998 0.999 0.998 0.998 0.998
GLU01A0007_001 0.000 0.000 0.000 0.000 0.000
GLU01A0007_002 0.000 0.000 0.000 0.000 0.000
GLU02A0007_003 0.000 0.000 0.000 0.000 0.000
GLU02A0007_004 0.000 0.000 0.000 0.000 0.000
GLU-1A0007_005 1.000 1.000 1.000 1.000 1.000
THR01A0008_001 1.000 1.000 1.000 1.000 1.000
GLU01A0009_001 0.000 0.000 0.000 0.000 0.000
GLU01A0009_002 0.000 0.000 0.000 0.000 0.000
GLU02A0009_003 0.000 0.000 0.000 0.000 0.000
GLU02A0009_004 0.002 0.002 0.000 0.000 0.002
GLU-1A0009_005 0.998 0.998 1.000 1.000 0.998
PHE01A0010_001 1.000 1.000 1.000 1.000 1.000
LYS01A0011_001 1.000 1.000 1.000 1.000 1.000
LYS+1A0011_002 0.000 0.000 0.000 0.000 0.000
LYS01A0012_001 0.000 0.000 0.000 0.000 0.000
LYS+1A0012_002 1.000 1.000 1.000 1.000 1.000
ILE01A0013_001 1.000 1.000 1.000 1.000 1.000
LYS01A0014_001 0.113 0.113 0.113 0.114 0.112
LYS+1A0014_002 0.887 0.887 0.887 0.886 0.888
VAL01A0015_001 1.000 1.000 1.000 1.000 1.000
LEU01A0016_001 1.000 1.000 1.000 1.000 1.000
SER01A0018_001 1.000 1.000 1.000 1.000 1.000
ALA01A0020_001 1.000 1.000 1.000 1.000 1.000
PHE01A0021_001 1.000 1.000 1.000 1.000 1.000
THR01A0023_001 1.000 1.000 1.000 1.000 1.000
VAL01A0024_001 1.000 1.000 1.000 1.000 1.000
TYR01A0025_001 1.000 1.000 1.000 1.000 1.000
TYR-1A0025_002 0.000 0.000 0.000 0.000 0.000
LYS01A0026_001 0.101 0.101 0.101 0.102 0.101
LYS+1A0026_002 0.899 0.899 0.899 0.898 0.899
LEU01A0028_001 1.000 1.000 1.000 1.000 1.000
TRP01A0029_001 1.000 1.000 1.000 1.000 1.000
ILE01A0030_001 1.000 1.000 1.000 1.000 1.000
PRO01A0031_001 1.000 1.000 1.000 1.000 1.000
GLU01A0032_001 0.000 0.000 0.000 0.000 0.000
GLU01A0032_002 0.000 0.000 0.000 0.000 0.000
GLU02A0032_003 0.000 0.000 0.000 0.000 0.000
GLU02A0032_004 0.000 0.000 0.000 0.000 0.000
GLU-1A0032_005 1.000 1.000 1.000 1.000 1.000
GLU01A0034_001 0.000 0.000 0.000 0.000 0.000
GLU01A0034_002 0.000 0.000 0.000 0.000 0.000
GLU02A0034_003 0.000 0.000 0.001 0.000 0.000
GLU02A0034_004 0.004 0.005 0.004 0.004 0.004
GLU-1A0034_005 0.995 0.995 0.996 0.995 0.996
LYS01A0035_001 0.000 0.000 0.000 0.000 0.000
LYS+1A0035_002 1.000 1.000 1.000 1.000 1.000
VAL01A0036_001 1.000 1.000 1.000 1.000 1.000
LYS01A0037_001 1.000 1.000 1.000 1.000 1.000
LYS+1A0037_002 0.000 0.000 0.000 0.000 0.000
ILE01A0038_001 1.000 1.000 1.000 1.000 1.000
PRO01A0039_001 1.000 1.000 1.000 1.000 1.000
VAL01A0040_001 1.000 1.000 1.000 1.000 1.000
ALA01A0041_001 1.000 1.000 1.000 1.000 1.000
ILE01A0042_001 1.000 1.000 1.000 1.000 1.000
LYS01A0043_001 0.000 0.000 0.000 0.000 0.000
LYS+1A0043_002 1.000 1.000 1.000 1.000 1.000
GLU01A0044_001 0.000 0.000 0.000 0.000 0.000
GLU01A0044_002 0.000 0.000 0.000 0.000 0.000
GLU02A0044_003 0.000 0.000 0.000 0.000 0.000
GLU02A0044_004 0.003 0.003 0.002 0.003 0.003
GLU-1A0044_005 0.997 0.997 0.997 0.997 0.997
LEU01A0045_001 1.000 1.000 1.000 1.000 1.000
ARG01A0046_001 0.000 0.000 0.000 0.000 0.000
ARG02A0046_002 0.000 0.000 0.000 0.000 0.000
ARG03A0046_003 0.000 0.000 0.000 0.000 0.000
ARG+1A0046_004 1.000 1.000 1.000 1.000 1.000
GLU01A0047_001 0.000 0.000 0.000 0.000 0.000
GLU01A0047_002 0.000 0.000 0.000 0.000 0.000
GLU02A0047_003 0.000 0.000 0.000 0.000 0.000
GLU02A0047_004 0.003 0.003 0.003 0.003 0.003
GLU-1A0047_005 0.997 0.997 0.997 0.997 0.997
ALA01A0048_001 1.000 1.000 1.000 1.000 1.000
THR01A0049_001 1.000 1.000 1.000 1.000 1.000
SER01A0050_001 0.000 0.000 0.000 0.000 0.000
SER01A0050_002 0.822 0.823 0.823 0.822 0.823
SER01A0050_003 0.178 0.177 0.177 0.178 0.177
PRO01A0051_001 1.000 1.000 1.000 1.000 1.000
LYS01A0052_001 0.003 0.004 0.003 0.004 0.004
LYS+1A0052_002 0.997 0.996 0.997 0.996 0.996
ALA01A0053_001 1.000 1.000 1.000 1.000 1.000
ASN01A0054_001 0.899 0.899 0.898 0.898 0.899
ASN01A0054_002 0.101 0.101 0.102 0.102 0.101
LYS01A0055_001 0.098 0.099 0.099 0.099 0.099
LYS+1A0055_002 0.902 0.901 0.901 0.901 0.901
GLU01A0056_001 0.000 0.000 0.000 0.000 0.000
GLU01A0056_002 0.000 0.000 0.000 0.000 0.000
GLU02A0056_003 0.000 0.000 0.000 0.000 0.000
GLU02A0056_004 0.000 0.000 0.000 0.000 0.000
GLU-1A0056_005 1.000 1.000 1.000 1.000 1.000
ILE01A0057_001 1.000 1.000 1.000 1.000 1.000
LEU01A0058_001 1.000 1.000 1.000 1.000 1.000
ASP01A0059_001 0.000 0.000 0.000 0.000 0.000
ASP01A0059_002 0.000 0.000 0.000 0.000 0.000
ASP02A0059_003 0.000 0.000 0.000 0.000 0.000
ASP02A0059_004 0.002 0.000 0.002 0.002 0.000
ASP-1A0059_005 0.998 1.000 0.998 0.998 1.000
GLU01A0060_001 0.000 0.000 0.000 0.000 0.000
GLU01A0060_002 0.000 0.000 0.000 0.000 0.000
GLU02A0060_003 0.887 0.886 0.887 0.887 0.887
GLU02A0060_004 0.113 0.114 0.113 0.113 0.113
GLU-1A0060_005 0.000 0.000 0.000 0.000 0.000
ALA01A0061_001 1.000 1.000 1.000 1.000 1.000
TYR01A0062_001 0.479 0.480 0.478 0.480 0.480
TYR01A0062_002 0.520 0.520 0.522 0.520 0.520
TYR-1A0062_003 0.000 0.000 0.000 0.000 0.000
VAL01A0063_001 1.000 1.000 1.000 1.000 1.000
MET01A0064_001 1.000 1.000 1.000 1.000 1.000
ALA01A0065_001 1.000 1.000 1.000 1.000 1.000
SER01A0066_001 0.989 0.989 0.989 0.989 0.988
SER01A0066_002 0.000 0.000 0.000 0.000 0.000
SER01A0066_003 0.011 0.011 0.011 0.011 0.012
VAL01A0067_001 1.000 1.000 1.000 1.000 1.000
ASP01A0068_001 0.000 0.000 0.000 0.000 0.000
ASP01A0068_002 0.000 0.000 0.000 0.000 0.000
ASP02A0068_003 0.000 0.000 0.000 0.000 0.000
ASP02A0068_004 0.000 0.000 0.000 0.000 0.000
ASP-1A0068_005 1.000 1.000 1.000 1.000 1.000
ASN01A0069_001 1.000 1.000 1.000 1.000 1.000
ASN01A0069_002 0.000 0.000 0.000 0.000 0.000
PRO01A0070_001 1.000 1.000 1.000 1.000 1.000
HIS01A0071_001 0.065 0.064 0.065 0.064 0.065
HIS01A0071_002 0.027 0.027 0.027 0.027 0.027
HIS02A0071_003 0.316 0.316 0.318 0.319 0.316
HIS02A0071_004 0.588 0.589 0.586 0.587 0.588
HIS+1A0071_005 0.000 0.000 0.000 0.000 0.000
HIS+1A0071_006 0.003 0.003 0.003 0.003 0.003
VAL01A0072_001 1.000 1.000 1.000 1.000 1.000
CYS01A0073_001 0.242 0.242 0.243 0.242 0.242
CYS01A0073_002 0.331 0.332 0.332 0.331 0.331
CYS01A0073_003 0.426 0.426 0.426 0.427 0.428
CYS-1A0073_004 0.000 0.000 0.000 0.000 0.000
ARG01A0074_001 0.000 0.000 0.000 0.000 0.000
ARG02A0074_002 0.000 0.000 0.000 0.000 0.000
ARG03A0074_003 0.000 0.000 0.000 0.000 0.000
ARG03A0074_004 0.000 0.000 0.000 0.000 0.000
ARG+1A0074_005 1.000 1.000 1.000 1.000 1.000
LEU01A0075_001 1.000 1.000 1.000 1.000 1.000
LEU01A0076_001 1.000 1.000 1.000 1.000 1.000
ILE01A0078_001 1.000 1.000 1.000 1.000 1.000
CYS01A0079_001 0.232 0.230 0.232 0.232 0.231
CYS01A0079_002 0.568 0.571 0.567 0.567 0.569
CYS01A0079_003 0.200 0.199 0.201 0.201 0.200
CYS-1A0079_004 0.000 0.000 0.000 0.000 0.000
LEU01A0080_001 1.000 1.000 1.000 1.000 1.000
THR01A0081_001 0.305 0.305 0.305 0.306 0.306
THR01A0081_002 0.695 0.695 0.695 0.694 0.694
SER01A0082_001 0.666 0.665 0.665 0.666 0.666
SER01A0082_002 0.334 0.335 0.335 0.334 0.334
THR01A0083_001 0.063 0.063 0.062 0.062 0.064
THR01A0083_002 0.025 0.025 0.025 0.025 0.025
THR01A0083_003 0.912 0.912 0.913 0.913 0.911
VAL01A0084_001 1.000 1.000 1.000 1.000 1.000
GLN01A0085_001 1.000 1.000 1.000 1.000 1.000
GLN01A0085_002 0.000 0.000 0.000 0.000 0.000
LEU01A0086_001 1.000 1.000 1.000 1.000 1.000
ILE01A0087_001 1.000 1.000 1.000 1.000 1.000
THR01A0088_001 1.000 1.000 1.000 1.000 1.000
GLN01A0089_001 0.823 0.823 0.825 0.824 0.823
GLN01A0089_002 0.177 0.177 0.175 0.176 0.177
LEU01A0090_001 1.000 1.000 1.000 1.000 1.000
MET01A0091_001 1.000 1.000 1.000 1.000 1.000
PRO01A0092_001 1.000 1.000 1.000 1.000 1.000
PHE01A0093_001 1.000 1.000 1.000 1.000 1.000
CYS01A0095_001 0.002 0.002 0.002 0.002 0.002
CYS01A0095_002 0.200 0.200 0.201 0.199 0.199
CYS01A0095_003 0.490 0.490 0.488 0.490 0.491
CYS-1A0095_004 0.308 0.308 0.308 0.309 0.308
LEU01A0096_001 1.000 1.000 1.000 1.000 1.000
LEU01A0097_001 1.000 1.000 1.000 1.000 1.000
ASP01A0098_001 0.000 0.000 0.000 0.000 0.000
ASP01A0098_002 0.000 0.000 0.000 0.000 0.000
ASP02A0098_003 0.000 0.000 0.000 0.000 0.000
ASP02A0098_004 1.000 1.000 1.000 1.000 1.000
ASP-1A0098_005 0.000 0.000 0.000 0.000 0.000
TYR01A0099_001 1.000 1.000 1.000 1.000 1.000
TYR-1A0099_002 0.000 0.000 0.000 0.000 0.000
VAL01A0100_001 1.000 1.000 1.000 1.000 1.000
ARG01A0101_001 0.000 0.000 0.000 0.000 0.000
ARG02A0101_002 0.000 0.000 0.000 0.000 0.000
ARG03A0101_003 0.000 0.000 0.000 0.000 0.000
ARG03A0101_004 0.000 0.000 0.000 0.000 0.000
ARG+1A0101_005 1.000 1.000 1.000 1.000 1.000
GLU01A0102_001 0.000 0.000 0.000 0.000 0.000
GLU01A0102_002 0.000 0.000 0.000 0.000 0.000
GLU02A0102_003 0.000 0.000 0.000 0.000 0.000
GLU02A0102_004 0.000 0.000 0.000 0.000 0.000
GLU-1A0102_005 1.000 1.000 1.000 1.000 1.000
HIS01A0103_001 0.005 0.005 0.005 0.005 0.005
HIS02A0103_002 0.833 0.834 0.833 0.833 0.834
HIS+1A0103_003 0.162 0.161 0.162 0.162 0.160
LYS01A0104_001 0.000 0.000 0.000 0.000 0.000
LYS+1A0104_002 1.000 1.000 1.000 1.000 1.000
ASP01A0105_001 0.000 0.000 0.000 0.000 0.000
ASP01A0105_002 0.000 0.000 0.000 0.000 0.000
ASP02A0105_003 0.000 0.000 0.000 0.000 0.000
ASP02A0105_004 0.000 0.000 0.000 0.000 0.000
ASP-1A0105_005 1.000 1.000 1.000 1.000 1.000
ASN01A0106_001 0.133 0.133 0.134 0.133 0.134
ASN01A0106_002 0.867 0.867 0.866 0.867 0.866
ILE01A0107_001 1.000 1.000 1.000 1.000 1.000
SER01A0109_001 0.298 0.296 0.297 0.296 0.297
SER01A0109_002 0.702 0.704 0.703 0.704 0.703
GLN01A0110_001 0.143 0.143 0.143 0.144 0.144
GLN01A0110_002 0.857 0.857 0.857 0.856 0.856
TYR01A0111_001 0.600 0.600 0.599 0.599 0.599
TYR01A0111_002 0.392 0.392 0.394 0.393 0.393
TYR-1A0111_003 0.008 0.008 0.008 0.008 0.008
LEU01A0112_001 1.000 1.000 1.000 1.000 1.000
LEU01A0113_001 1.000 1.000 1.000 1.000 1.000
ASN01A0114_001 0.817 0.816 0.816 0.816 0.817
ASN01A0114_002 0.183 0.184 0.184 0.184 0.183
TRP01A0115_001 1.000 1.000 1.000 1.000 1.000
CYS01A0116_001 0.158 0.159 0.158 0.158 0.159
CYS01A0116_002 0.660 0.659 0.660 0.662 0.661
CYS01A0116_003 0.182 0.182 0.182 0.180 0.180
CYS-1A0116_004 0.000 0.000 0.000 0.000 0.000
VAL01A0117_001 1.000 1.000 1.000 1.000 1.000
GLN01A0118_001 1.000 1.000 1.000 1.000 1.000
GLN01A0118_002 0.000 0.000 0.000 0.000 0.000
ILE01A0119_001 1.000 1.000 1.000 1.000 1.000
ALA01A0120_001 1.000 1.000 1.000 1.000 1.000
LYS01A0121_001 0.002 0.002 0.002 0.002 0.002
LYS+1A0121_002 0.998 0.998 0.998 0.998 0.998
MET01A0123_001 1.000 1.000 1.000 1.000 1.000
ASN01A0124_001 0.507 0.507 0.507 0.508 0.508
ASN01A0124_002 0.493 0.493 0.493 0.492 0.492
TYR01A0125_001 0.996 0.996 0.996 0.996 0.996
TYR01A0125_002 0.000 0.000 0.000 0.000 0.000
TYR-1A0125_003 0.004 0.004 0.004 0.004 0.004
LEU01A0126_001 1.000 1.000 1.000 1.000 1.000
GLU01A0127_001 0.000 0.000 0.000 0.000 0.000
GLU01A0127_002 0.014 0.014 0.014 0.014 0.014
GLU02A0127_003 0.000 0.000 0.000 0.000 0.000
GLU02A0127_004 0.015 0.014 0.015 0.015 0.015
GLU-1A0127_005 0.971 0.971 0.971 0.971 0.971
ASP01A0128_001 0.000 0.000 0.000 0.000 0.000
ASP01A0128_002 0.000 0.000 0.000 0.000 0.000
ASP02A0128_003 0.000 0.000 0.000 0.000 0.000
ASP02A0128_004 0.000 0.000 0.000 0.000 0.000
ASP-1A0128_005 1.000 1.000 1.000 1.000 1.000
ARG01A0129_001 0.000 0.000 0.000 0.000 0.000
ARG02A0129_002 0.000 0.000 0.000 0.000 0.000
ARG02A0129_003 0.000 0.000 0.000 0.000 0.000
ARG03A0129_004 0.000 0.000 0.000 0.000 0.000
ARG03A0129_005 0.000 0.000 0.000 0.000 0.000
ARG+1A0129_006 1.000 1.000 1.000 1.000 1.000
ARG01A0130_001 0.000 0.000 0.000 0.000 0.000
ARG02A0130_002 0.000 0.000 0.000 0.000 0.000
ARG03A0130_003 0.000 0.000 0.000 0.000 0.000
ARG+1A0130_004 1.000 1.000 1.000 1.000 1.000
LEU01A0131_001 1.000 1.000 1.000 1.000 1.000
VAL01A0132_001 1.000 1.000 1.000 1.000 1.000
HIS01A0133_001 1.000 1.000 1.000 1.000 1.000
HIS02A0133_002 0.000 0.000 0.000 0.000 0.000
HIS+1A0133_003 0.000 0.000 0.000 0.000 0.000
ARG01A0134_001 0.000 0.000 0.000 0.000 0.000
ARG02A0134_002 0.000 0.000 0.000 0.000 0.000
ARG03A0134_003 0.000 0.000 0.000 0.000 0.000
ARG+1A0134_004 1.000 1.000 1.000 1.000 1.000
ASP01A0135_001 0.000 0.000 0.000 0.000 0.000
ASP01A0135_002 0.000 0.000 0.000 0.000 0.000
ASP02A0135_003 0.000 0.000 0.000 0.000 0.000
ASP02A0135_004 0.000 0.000 0.000 0.000 0.000
ASP-1A0135_005 1.000 1.000 1.000 1.000 1.000
LEU01A0136_001 1.000 1.000 1.000 1.000 1.000
ALA01A0137_001 1.000 1.000 1.000 1.000 1.000
ALA01A0138_001 1.000 1.000 1.000 1.000 1.000
ARG01A0139_001 0.000 0.000 0.000 0.000 0.000
ARG02A0139_002 0.000 0.000 0.000 0.000 0.000
ARG03A0139_003 0.000 0.000 0.000 0.000 0.000
ARG03A0139_004 0.000 0.000 0.000 0.000 0.000
ARG+1A0139_005 1.000 1.000 1.000 1.000 1.000
ASN01A0140_001 1.000 1.000 1.000 1.000 1.000
ASN01A0140_002 0.000 0.000 0.000 0.000 0.000
VAL01A0141_001 1.000 1.000 1.000 1.000 1.000
LEU01A0142_001 1.000 1.000 1.000 1.000 1.000
VAL01A0143_001 1.000 1.000 1.000 1.000 1.000
LYS01A0144_001 0.023 0.023 0.024 0.023 0.024
LYS+1A0144_002 0.977 0.977 0.976 0.977 0.976
THR01A0145_001 1.000 1.000 1.000 1.000 1.000
PRO01A0146_001 1.000 1.000 1.000 1.000 1.000
GLN01A0147_001 0.523 0.522 0.523 0.522 0.523
GLN01A0147_002 0.477 0.478 0.477 0.478 0.477
HIS01A0148_001 0.977 0.976 0.976 0.976 0.976
HIS02A0148_002 0.021 0.021 0.022 0.021 0.022
HIS+1A0148_003 0.002 0.003 0.002 0.002 0.003
VAL01A0149_001 1.000 1.000 1.000 1.000 1.000
LYS01A0150_001 0.826 0.828 0.825 0.826 0.825
LYS+1A0150_002 0.174 0.172 0.175 0.174 0.175
ILE01A0151_001 1.000 1.000 1.000 1.000 1.000
THR01A0152_001 0.186 0.186 0.187 0.188 0.188
THR01A0152_002 0.814 0.814 0.813 0.812 0.812
ASP01A0153_001 0.000 0.000 0.000 0.000 0.000
ASP01A0153_002 0.000 0.000 0.000 0.000 0.000
ASP02A0153_003 0.000 0.000 0.000 0.000 0.000
ASP02A0153_004 0.000 0.000 0.000 0.000 0.000
ASP-1A0153_005 1.000 1.000 1.000 1.000 1.000
PHE01A0154_001 1.000 1.000 1.000 1.000 1.000
LEU01A0156_001 1.000 1.000 1.000 1.000 1.000
ALA01A0157_001 1.000 1.000 1.000 1.000 1.000
LYS01A0158_001 0.000 0.000 0.000 0.000 0.000
LYS+1A0158_002 1.000 1.000 1.000 1.000 1.000
LEU01A0159_001 1.000 1.000 1.000 1.000 1.000
LEU01A0160_001 1.000 1.000 1.000 1.000 1.000
ALA01A0162_001 1.000 1.000 1.000 1.000 1.000
GLU01A0163_001 0.000 0.000 0.000 0.000 0.000
GLU01A0163_002 0.000 0.000 0.000 0.000 0.000
GLU02A0163_003 0.000 0.000 0.000 0.000 0.000
GLU02A0163_004 0.000 0.000 0.000 0.000 0.000
GLU-1A0163_005 1.000 1.000 1.000 1.000 1.000
GLU01A0164_001 0.000 0.000 0.000 0.000 0.000
GLU01A0164_002 0.000 0.000 0.000 0.000 0.000
GLU02A0164_003 0.000 0.000 0.000 0.000 0.000
GLU02A0164_004 0.000 0.000 0.000 0.000 0.000
GLU-1A0164_005 1.000 1.000 1.000 1.000 1.000
LYS01A0165_001 0.000 0.000 0.000 0.000 0.000
LYS+1A0165_002 1.000 1.000 1.000 1.000 1.000
GLU01A0166_001 0.000 0.000 0.000 0.000 0.000
GLU01A0166_002 0.000 0.000 0.000 0.000 0.000
GLU02A0166_003 0.000 0.000 0.000 0.000 0.000
GLU02A0166_004 0.000 0.000 0.000 0.000 0.000
GLU-1A0166_005 1.000 1.000 1.000 1.000 1.000
TYR01A0167_001 1.000 1.000 1.000 1.000 1.000
TYR-1A0167_002 0.000 0.000 0.000 0.000 0.000
HIS01A0168_001 0.021 0.021 0.021 0.021 0.021
HIS02A0168_002 0.578 0.580 0.579 0.579 0.578
HIS+1A0168_003 0.401 0.399 0.400 0.400 0.401
ALA01A0169_001 1.000 1.000 1.000 1.000 1.000
GLU01A0170_001 0.000 0.000 0.000 0.000 0.000
GLU01A0170_002 0.000 0.000 0.000 0.000 0.000
GLU02A0170_003 0.000 0.000 0.000 0.000 0.000
GLU02A0170_004 0.000 0.000 0.000 0.000 0.000
GLU-1A0170_005 1.000 1.000 1.000 1.000 1.000
LYS01A0173_001 0.010 0.010 0.011 0.011 0.011
LYS+1A0173_002 0.990 0.990 0.989 0.989 0.989
VAL01A0174_001 1.000 1.000 1.000 1.000 1.000
PRO01A0175_001 1.000 1.000 1.000 1.000 1.000
ILE01A0176_001 1.000 1.000 1.000 1.000 1.000
LYS01A0177_001 0.002 0.002 0.002 0.002 0.002
LYS+1A0177_002 0.998 0.998 0.998 0.998 0.998
TRP01A0178_001 1.000 1.000 1.000 1.000 1.000
MET01A0179_001 1.000 1.000 1.000 1.000 1.000
ALA01A0180_001 1.000 1.000 1.000 1.000 1.000
LEU01A0181_001 1.000 1.000 1.000 1.000 1.000
GLU01A0182_001 0.000 0.000 0.000 0.000 0.000
GLU01A0182_002 0.000 0.000 0.000 0.000 0.000
GLU02A0182_003 0.000 0.000 0.000 0.000 0.000
GLU02A0182_004 0.000 0.000 0.000 0.000 0.000
GLU-1A0182_005 1.000 1.000 1.000 1.000 1.000
SER01A0183_001 0.882 0.883 0.884 0.884 0.883
SER01A0183_002 0.118 0.117 0.116 0.116 0.117
ILE01A0184_001 1.000 1.000 1.000 1.000 1.000
LEU01A0185_001 1.000 1.000 1.000 1.000 1.000
HIS01A0186_001 0.205 0.204 0.204 0.204 0.204
HIS01A0186_002 0.108 0.109 0.109 0.109 0.108
HIS02A0186_003 0.290 0.291 0.291 0.291 0.290
HIS02A0186_004 0.118 0.119 0.118 0.117 0.118
HIS+1A0186_005 0.197 0.196 0.197 0.198 0.199
HIS+1A0186_006 0.081 0.081 0.082 0.081 0.081
ARG01A0187_001 0.000 0.000 0.000 0.000 0.000
ARG02A0187_002 0.000 0.000 0.000 0.000 0.000
ARG03A0187_003 0.000 0.000 0.000 0.000 0.000
ARG+1A0187_004 1.000 1.000 1.000 1.000 1.000
ILE01A0188_001 1.000 1.000 1.000 1.000 1.000
TYR01A0189_001 0.401 0.401 0.401 0.400 0.402
TYR01A0189_002 0.599 0.599 0.599 0.600 0.598
TYR-1A0189_003 0.000 0.000 0.000 0.000 0.000
THR01A0190_001 1.000 1.000 1.000 1.000 1.000
THR01A0190_002 0.000 0.000 0.000 0.000 0.000
HIS01A0191_001 0.000 0.000 0.001 0.000 0.001
HIS01A0191_002 0.116 0.116 0.118 0.117 0.116
HIS02A0191_003 0.558 0.560 0.558 0.559 0.556
HIS02A0191_004 0.025 0.025 0.025 0.026 0.025
HIS+1A0191_005 0.262 0.259 0.259 0.259 0.263
HIS+1A0191_006 0.039 0.038 0.039 0.039 0.039
GLN01A0192_001 0.972 0.971 0.972 0.972 0.972
GLN01A0192_002 0.028 0.029 0.028 0.028 0.028
SER01A0193_001 0.000 0.000 0.000 0.000 0.000
SER01A0193_002 0.988 0.987 0.987 0.988 0.988
SER01A0193_003 0.012 0.013 0.013 0.012 0.012
ASP01A0194_001 0.000 0.000 0.000 0.000 0.000
ASP01A0194_002 0.000 0.000 0.000 0.000 0.000
ASP02A0194_003 0.000 0.000 0.000 0.000 0.000
ASP02A0194_004 0.000 0.000 0.000 0.000 0.000
ASP-1A0194_005 1.000 1.000 1.000 1.000 1.000
VAL01A0195_001 1.000 1.000 1.000 1.000 1.000
TRP01A0196_001 1.000 1.000 1.000 1.000 1.000
SER01A0197_001 1.000 1.000 1.000 1.000 1.000
TYR01A0198_001 0.948 0.948 0.947 0.948 0.948
TYR01A0198_002 0.052 0.052 0.053 0.052 0.052
TYR-1A0198_003 0.000 0.000 0.000 0.000 0.000
VAL01A0200_001 1.000 1.000 1.000 1.000 1.000
THR01A0201_001 0.044 0.044 0.044 0.044 0.043
THR01A0201_002 0.910 0.911 0.911 0.912 0.911
THR01A0201_003 0.045 0.045 0.045 0.044 0.045
VAL01A0202_001 1.000 1.000 1.000 1.000 1.000
TRP01A0203_001 1.000 1.000 1.000 1.000 1.000
GLU01A0204_001 0.000 0.000 0.000 0.000 0.000
GLU01A0204_002 0.003 0.003 0.003 0.003 0.003
GLU02A0204_003 0.000 0.000 0.000 0.000 0.000
GLU02A0204_004 0.000 0.000 0.000 0.000 0.000
GLU-1A0204_005 0.997 0.997 0.997 0.997 0.997
LEU01A0205_001 1.000 1.000 1.000 1.000 1.000
MET01A0206_001 1.000 1.000 1.000 1.000 1.000
THR01A0207_001 0.961 0.962 0.962 0.962 0.961
THR01A0207_002 0.039 0.038 0.038 0.038 0.039
PHE01A0208_001 1.000 1.000 1.000 1.000 1.000
SER01A0210_001 1.000 1.000 1.000 1.000 1.000
LYS01A0211_001 0.006 0.005 0.005 0.005 0.006
LYS+1A0211_002 0.994 0.995 0.995 0.995 0.994
PRO01A0212_001 1.000 1.000 1.000 1.000 1.000
TYR01A0213_001 1.000 1.000 1.000 1.000 1.000
TYR-1A0213_002 0.000 0.000 0.000 0.000 0.000
ASP01A0214_001 0.000 0.000 0.000 0.000 0.000
ASP01A0214_002 0.000 0.000 0.000 0.000 0.000
ASP02A0214_003 0.000 0.000 0.000 0.000 0.000
ASP02A0214_004 0.000 0.000 0.000 0.000 0.000
ASP-1A0214_005 1.000 1.000 1.000 1.000 1.000
ILE01A0216_001 1.000 1.000 1.000 1.000 1.000
PRO01A0217_001 1.000 1.000 1.000 1.000 1.000
ALA01A0218_001 1.000 1.000 1.000 1.000 1.000
SER01A0219_001 1.000 1.000 1.000 1.000 1.000
GLU01A0220_001 0.000 0.000 0.000 0.000 0.000
GLU01A0220_002 0.002 0.002 0.000 0.002 0.000
GLU02A0220_003 0.000 0.000 0.000 0.000 0.000
GLU02A0220_004 0.000 0.000 0.000 0.000 0.000
GLU-1A0220_005 0.998 0.998 1.000 0.998 1.000
ILE01A0221_001 1.000 1.000 1.000 1.000 1.000
SER01A0222_001 0.036 0.036 0.037 0.036 0.036
SER01A0222_002 0.964 0.964 0.963 0.964 0.964
SER01A0223_001 1.000 1.000 1.000 1.000 1.000
ILE01A0224_001 1.000 1.000 1.000 1.000 1.000
LEU01A0225_001 1.000 1.000 1.000 1.000 1.000
GLU01A0226_001 0.000 0.000 0.000 0.000 0.000
GLU01A0226_002 0.003 0.003 0.004 0.004 0.003
GLU02A0226_003 0.000 0.000 0.000 0.000 0.000
GLU02A0226_004 0.000 0.000 0.000 0.000 0.000
GLU-1A0226_005 0.996 0.996 0.996 0.996 0.996
LYS01A0227_001 0.000 0.000 0.000 0.000 0.000
LYS+1A0227_002 1.000 1.000 1.000 1.000 1.000
GLU01A0229_001 0.000 0.000 0.000 0.000 0.000
GLU01A0229_002 0.000 0.000 0.000 0.000 0.000
GLU02A0229_003 0.000 0.000 0.000 0.000 0.000
GLU02A0229_004 0.000 0.000 0.000 0.000 0.000
GLU-1A0229_005 1.000 1.000 1.000 1.000 1.000
ARG01A0230_001 0.000 0.000 0.000 0.000 0.000
ARG02A0230_002 0.000 0.000 0.000 0.000 0.000
ARG02A0230_003 0.000 0.000 0.000 0.000 0.000
ARG03A0230_004 0.000 0.000 0.000 0.000 0.000
ARG+1A0230_005 1.000 1.000 1.000 1.000 1.000
LEU01A0231_001 1.000 1.000 1.000 1.000 1.000
PRO01A0232_001 1.000 1.000 1.000 1.000 1.000
GLN01A0233_001 0.797 0.799 0.797 0.797 0.797
GLN01A0233_002 0.203 0.201 0.203 0.203 0.203
PRO01A0234_001 1.000 1.000 1.000 1.000 1.000
PRO01A0235_001 1.000 1.000 1.000 1.000 1.000
ILE01A0236_001 1.000 1.000 1.000 1.000 1.000
CYS01A0237_001 0.353 0.353 0.355 0.354 0.354
CYS01A0237_002 0.286 0.287 0.285 0.287 0.286
CYS01A0237_003 0.360 0.360 0.360 0.359 0.360
CYS-1A0237_004 0.000 0.000 0.000 0.000 0.000
THR01A0238_001 1.000 1.000 1.000 1.000 1.000
THR01A0238_002 0.000 0.000 0.000 0.000 0.000
ILE01A0239_001 1.000 1.000 1.000 1.000 1.000
ASP01A0240_001 0.000 0.000 0.000 0.000 0.000
ASP01A0240_002 0.000 0.000 0.000 0.000 0.000
ASP02A0240_003 0.000 0.000 0.000 0.000 0.000
ASP02A0240_004 0.000 0.000 0.000 0.000 0.000
ASP-1A0240_005 1.000 1.000 1.000 1.000 1.000
VAL01A0241_001 1.000 1.000 1.000 1.000 1.000
TYR01A0242_001 0.972 0.971 0.972 0.972 0.971
TYR01A0242_002 0.028 0.029 0.028 0.028 0.029
TYR-1A0242_003 0.000 0.000 0.000 0.000 0.000
MET01A0243_001 1.000 1.000 1.000 1.000 1.000
ILE01A0244_001 1.000 1.000 1.000 1.000 1.000
MET01A0245_001 1.000 1.000 1.000 1.000 1.000
ARG01A0246_001 0.000 0.000 0.000 0.000 0.000
ARG02A0246_002 0.000 0.000 0.000 0.000 0.000
ARG03A0246_003 0.000 0.000 0.000 0.000 0.000
ARG+1A0246_004 1.000 1.000 1.000 1.000 1.000
LYS01A0247_001 0.000 0.000 0.001 0.001 0.000
LYS+1A0247_002 1.000 1.000 0.999 0.999 1.000
CYS01A0248_001 0.153 0.151 0.152 0.153 0.153
CYS01A0248_002 0.657 0.659 0.658 0.659 0.657
CYS01A0248_003 0.190 0.190 0.190 0.187 0.190
CYS-1A0248_004 0.000 0.000 0.000 0.000 0.000
TRP01A0249_001 1.000 1.000 1.000 1.000 1.000
MET01A0250_001 1.000 1.000 1.000 1.000 1.000
ILE01A0251_001 1.000 1.000 1.000 1.000 1.000
ASP01A0252_001 0.000 0.000 0.000 0.000 0.000
ASP01A0252_002 0.000 0.000 0.000 0.000 0.000
ASP02A0252_003 0.000 0.000 0.000 0.000 0.000
ASP02A0252_004 0.000 0.000 0.000 0.000 0.000
ASP-1A0252_005 1.000 1.000 1.000 1.000 1.000
ALA01A0253_001 1.000 1.000 1.000 1.000 1.000
ASP01A0254_001 0.000 0.000 0.000 0.000 0.000
ASP01A0254_002 0.000 0.000 0.000 0.000 0.000
ASP02A0254_003 0.000 0.000 0.000 0.000 0.000
ASP02A0254_004 0.000 0.000 0.000 0.000 0.000
ASP-1A0254_005 1.000 1.000 1.000 1.000 1.000
SER01A0255_001 0.286 0.286 0.285 0.285 0.286
SER01A0255_002 0.119 0.120 0.119 0.119 0.120
SER01A0255_003 0.595 0.594 0.595 0.596 0.595
ARG01A0256_001 0.000 0.000 0.000 0.000 0.000
ARG02A0256_002 0.000 0.000 0.000 0.000 0.000
ARG02A0256_003 0.000 0.000 0.000 0.000 0.000
ARG03A0256_004 0.000 0.000 0.000 0.000 0.000
ARG03A0256_005 0.000 0.000 0.000 0.000 0.000
ARG+1A0256_006 1.000 1.000 1.000 1.000 1.000
PRO01A0257_001 1.000 1.000 1.000 1.000 1.000
LYS01A0258_001 0.000 0.000 0.000 0.000 0.000
LYS+1A0258_002 1.000 1.000 1.000 1.000 1.000
PHE01A0259_001 1.000 1.000 1.000 1.000 1.000
ARG01A0260_001 0.000 0.000 0.000 0.000 0.000
ARG02A0260_002 0.000 0.000 0.000 0.000 0.000
ARG03A0260_003 0.000 0.000 0.000 0.000 0.000
ARG+1A0260_004 1.000 1.000 1.000 1.000 1.000
GLU01A0261_001 0.000 0.000 0.000 0.000 0.000
GLU01A0261_002 0.000 0.000 0.000 0.000 0.000
GLU02A0261_003 0.000 0.000 0.000 0.000 0.000
GLU02A0261_004 0.000 0.000 0.000 0.000 0.000
GLU-1A0261_005 1.000 1.000 1.000 1.000 1.000
LEU01A0262_001 1.000 1.000 1.000 1.000 1.000
ILE01A0263_001 1.000 1.000 1.000 1.000 1.000
ILE01A0264_001 1.000 1.000 1.000 1.000 1.000
GLU01A0265_001 0.000 0.000 0.000 0.000 0.000
GLU01A0265_002 0.000 0.000 0.000 0.000 0.000
GLU02A0265_003 0.002 0.002 0.002 0.002 0.002
GLU02A0265_004 0.008 0.008 0.008 0.008 0.008
GLU-1A0265_005 0.990 0.990 0.990 0.990 0.990
PHE01A0266_001 1.000 1.000 1.000 1.000 1.000
SER01A0267_001 0.150 0.149 0.150 0.150 0.150
SER01A0267_002 0.477 0.478 0.477 0.479 0.477
SER01A0267_003 0.374 0.373 0.373 0.371 0.373
LYS01A0268_001 0.000 0.000 0.000 0.000 0.000
LYS+1A0268_002 1.000 1.000 1.000 1.000 1.000
MET01A0269_001 1.000 1.000 1.000 1.000 1.000
ALA01A0270_001 1.000 1.000 1.000 1.000 1.000
ARG01A0271_001 0.000 0.000 0.000 0.000 0.000
ARG02A0271_002 0.000 0.000 0.000 0.000 0.000
ARG03A0271_003 0.000 0.000 0.000 0.000 0.000
ARG+1A0271_004 1.000 1.000 1.000 1.000 1.000
ASP01A0272_001 0.000 0.000 0.000 0.000 0.000
ASP01A0272_002 0.000 0.000 0.000 0.000 0.000
ASP02A0272_003 0.000 0.000 0.000 0.000 0.000
ASP02A0272_004 0.000 0.000 0.000 0.000 0.000
ASP-1A0272_005 1.000 1.000 1.000 1.000 1.000
PRO01A0273_001 1.000 1.000 1.000 1.000 1.000
GLN01A0274_001 0.151 0.150 0.149 0.150 0.151
GLN01A0274_002 0.849 0.850 0.851 0.850 0.849
ARG01A0275_001 0.000 0.000 0.000 0.000 0.000
ARG02A0275_002 0.000 0.000 0.000 0.000 0.000
ARG02A0275_003 0.000 0.000 0.000 0.000 0.000
ARG03A0275_004 0.000 0.000 0.000 0.000 0.000
ARG+1A0275_005 1.000 1.000 1.000 1.000 1.000
TYR01A0276_001 1.000 1.000 1.000 1.000 1.000
TYR-1A0276_002 0.000 0.000 0.000 0.000 0.000
LEU01A0277_001 1.000 1.000 1.000 1.000 1.000
VAL01A0278_001 1.000 1.000 1.000 1.000 1.000
ILE01A0279_001 1.000 1.000 1.000 1.000 1.000
GLN01A0280_001 0.491 0.490 0.490 0.489 0.491
GLN01A0280_002 0.509 0.510 0.510 0.511 0.509
ASP01A0282_001 0.000 0.000 0.000 0.000 0.000
ASP01A0282_002 0.000 0.000 0.000 0.000 0.000
ASP02A0282_003 0.000 0.000 0.000 0.000 0.000
ASP02A0282_004 0.000 0.000 0.000 0.000 0.000
ASP-1A0282_005 1.000 1.000 1.000 1.000 1.000
AQ401B0001_001 1.000 1.000 1.000 1.000 1.000
AQ402B0001_002 0.000 0.000 0.000 0.000 0.000
AQ402B0001_003 0.000 0.000 0.000 0.000 0.000
AQ4DMB0001_004 0.000 0.000 0.000 0.000 0.000
