 ph              7.4   7.4   7.4   7.4   7.4
SER01A0001_001 0.381 0.383 0.384 0.383 0.381
SER01A0001_002 0.619 0.617 0.616 0.617 0.619
ALA01A0002_001 1.000 1.000 1.000 1.000 1.000
LEU01A0003_001 1.000 1.000 1.000 1.000 1.000
PRO01A0004_001 1.000 1.000 1.000 1.000 1.000
THR01A0005_001 1.000 1.000 1.000 1.000 1.000
ILE01A0006_001 1.000 1.000 1.000 1.000 1.000
PRO01A0007_001 1.000 1.000 1.000 1.000 1.000
TYR01A0008_001 0.519 0.522 0.523 0.518 0.521
TYR01A0008_002 0.481 0.478 0.477 0.482 0.479
TYR-1A0008_003 0.000 0.000 0.000 0.000 0.000
HIS01A0009_001 0.444 0.442 0.432 0.431 0.438
HIS01A0009_002 0.123 0.124 0.129 0.129 0.124
HIS02A0009_003 0.241 0.232 0.236 0.244 0.242
HIS02A0009_004 0.158 0.164 0.167 0.159 0.159
HIS+1A0009_005 0.013 0.015 0.016 0.016 0.016
HIS+1A0009_006 0.021 0.022 0.020 0.021 0.021
LYS01A0010_001 0.017 0.020 0.018 0.021 0.017
LYS+1A0010_002 0.983 0.980 0.982 0.979 0.983
LEU01A0011_001 1.000 1.000 1.000 1.000 1.000
ALA01A0012_001 1.000 1.000 1.000 1.000 1.000
ASP01A0013_001 0.000 0.000 0.000 0.000 0.000
ASP01A0013_002 0.000 0.000 0.000 0.000 0.000
ASP02A0013_003 0.000 0.000 0.000 0.000 0.000
ASP02A0013_004 0.000 0.000 0.000 0.000 0.000
ASP-1A0013_005 1.000 1.000 1.000 1.000 1.000
LEU01A0014_001 1.000 1.000 1.000 1.000 1.000
ARG01A0015_001 0.000 0.000 0.000 0.000 0.000
ARG02A0015_002 0.000 0.000 0.000 0.000 0.000
ARG02A0015_003 1.000 1.000 1.000 1.000 1.000
ARG03A0015_004 0.000 0.000 0.000 0.000 0.000
ARG+1A0015_005 0.000 0.000 0.000 0.000 0.000
TYR01A0016_001 0.973 0.977 0.974 0.976 0.978
TYR-1A0016_002 0.027 0.023 0.026 0.024 0.022
LEU01A0017_001 1.000 1.000 1.000 1.000 1.000
SER01A0018_001 1.000 1.000 1.000 1.000 1.000
ARG01A0019_001 0.000 0.000 0.000 0.000 0.000
ARG02A0019_002 0.000 0.000 0.000 0.000 0.000
ARG03A0019_003 0.000 0.000 0.000 0.000 0.000
ARG+1A0019_004 1.000 1.000 1.000 1.000 1.000
ALA01A0021_001 1.000 1.000 1.000 1.000 1.000
SER01A0022_001 0.195 0.197 0.197 0.196 0.194
SER01A0022_002 0.201 0.198 0.193 0.199 0.195
SER01A0022_003 0.603 0.605 0.610 0.605 0.611
THR01A0024_001 1.000 1.000 1.000 1.000 1.000
VAL01A0025_001 1.000 1.000 1.000 1.000 1.000
SER01A0026_001 0.560 0.561 0.558 0.561 0.556
SER01A0026_002 0.440 0.439 0.442 0.439 0.444
SER01A0027_001 1.000 1.000 1.000 1.000 1.000
ALA01A0028_001 1.000 1.000 1.000 1.000 1.000
ARG01A0029_001 0.000 0.000 0.000 0.000 0.000
ARG02A0029_002 0.000 0.000 0.000 0.000 0.000
ARG03A0029_003 0.000 0.000 0.000 0.000 0.000
ARG+1A0029_004 1.000 1.000 1.000 1.000 1.000
HIS01A0030_001 1.000 1.000 1.000 1.000 1.000
HIS01A0030_002 0.000 0.000 0.000 0.000 0.000
HIS02A0030_003 0.000 0.000 0.000 0.000 0.000
HIS02A0030_004 0.000 0.000 0.000 0.000 0.000
HIS+1A0030_005 0.000 0.000 0.000 0.000 0.000
HIS+1A0030_006 0.000 0.000 0.000 0.000 0.000
ALA01A0031_001 1.000 1.000 1.000 1.000 1.000
ASP01A0032_001 0.000 0.000 0.000 0.000 0.000
ASP01A0032_002 0.000 0.000 0.000 0.000 0.000
ASP02A0032_003 0.000 0.000 0.000 0.000 0.000
ASP02A0032_004 0.000 0.000 0.000 0.000 0.000
ASP-1A0032_005 1.000 1.000 1.000 1.000 1.000
TRP01A0033_001 1.000 1.000 1.000 1.000 1.000
ARG01A0034_001 0.000 0.000 0.000 0.000 0.000
ARG02A0034_002 0.000 0.000 0.000 0.000 0.000
ARG03A0034_003 0.000 0.000 0.000 0.000 0.000
ARG03A0034_004 0.000 0.000 0.000 0.000 0.000
ARG+1A0034_005 1.000 1.000 1.000 1.000 1.000
VAL01A0035_001 1.000 1.000 1.000 1.000 1.000
GLN01A0036_001 0.521 0.513 0.517 0.517 0.516
GLN01A0036_002 0.479 0.487 0.483 0.483 0.484
VAL01A0037_001 1.000 1.000 1.000 1.000 1.000
ALA01A0038_001 1.000 1.000 1.000 1.000 1.000
VAL01A0039_001 1.000 1.000 1.000 1.000 1.000
LYS01A0040_001 0.237 0.231 0.234 0.248 0.239
LYS+1A0040_002 0.763 0.769 0.766 0.752 0.761
HIS01A0041_001 0.081 0.079 0.080 0.084 0.078
HIS02A0041_002 0.917 0.919 0.920 0.913 0.922
HIS+1A0041_003 0.002 0.002 0.000 0.003 0.000
LEU01A0042_001 1.000 1.000 1.000 1.000 1.000
HIS01A0043_001 0.049 0.051 0.049 0.049 0.054
HIS01A0043_002 0.243 0.244 0.246 0.259 0.239
HIS02A0043_003 0.147 0.146 0.140 0.151 0.139
HIS02A0043_004 0.211 0.219 0.211 0.215 0.211
HIS+1A0043_005 0.142 0.140 0.148 0.141 0.150
HIS+1A0043_006 0.207 0.200 0.205 0.185 0.208
ILE01A0044_001 1.000 1.000 1.000 1.000 1.000
HIS01A0045_001 0.112 0.108 0.110 0.109 0.111
HIS01A0045_002 0.120 0.117 0.123 0.118 0.113
HIS02A0045_003 0.138 0.138 0.138 0.136 0.141
HIS02A0045_004 0.148 0.147 0.151 0.144 0.152
HIS+1A0045_005 0.244 0.244 0.242 0.244 0.238
HIS+1A0045_006 0.239 0.246 0.236 0.249 0.244
THR01A0046_001 0.273 0.277 0.269 0.270 0.273
THR01A0046_002 0.727 0.723 0.731 0.730 0.727
PRO01A0047_001 1.000 1.000 1.000 1.000 1.000
LEU01A0048_001 1.000 1.000 1.000 1.000 1.000
LEU01A0049_001 1.000 1.000 1.000 1.000 1.000
ASP01A0050_001 0.000 0.000 0.000 0.000 0.000
ASP01A0050_002 0.000 0.000 0.000 0.000 0.000
ASP02A0050_003 0.000 0.000 0.000 0.000 0.000
ASP02A0050_004 0.000 0.000 0.000 0.000 0.000
ASP-1A0050_005 1.000 1.000 1.000 1.000 1.000
SER01A0051_001 0.308 0.305 0.308 0.310 0.313
SER01A0051_002 0.692 0.695 0.692 0.690 0.687
GLU01A0052_001 0.000 0.000 0.000 0.001 0.000
GLU01A0052_002 0.234 0.241 0.240 0.248 0.235
GLU02A0052_003 0.000 0.000 0.000 0.000 0.000
GLU02A0052_004 0.000 0.000 0.000 0.000 0.000
GLU-1A0052_005 0.766 0.759 0.760 0.751 0.765
ARG01A0053_001 0.000 0.000 0.000 0.000 0.000
ARG02A0053_002 0.000 0.000 0.000 0.000 0.000
ARG03A0053_003 0.000 0.000 0.000 0.000 0.000
ARG+1A0053_004 1.000 1.000 1.000 1.000 1.000
LYS01A0054_001 0.005 0.006 0.006 0.007 0.006
LYS+1A0054_002 0.995 0.994 0.994 0.993 0.994
ASP01A0055_001 0.000 0.000 0.000 0.000 0.000
ASP01A0055_002 0.000 0.000 0.000 0.000 0.000
ASP02A0055_003 0.000 0.000 0.000 0.000 0.000
ASP02A0055_004 0.000 0.000 0.000 0.001 0.000
ASP-1A0055_005 1.000 1.000 1.000 0.999 1.000
VAL01A0056_001 1.000 1.000 1.000 1.000 1.000
LEU01A0057_001 1.000 1.000 1.000 1.000 1.000
ARG01A0058_001 0.000 0.000 0.000 0.000 0.000
ARG02A0058_002 0.000 0.000 0.000 0.000 0.000
ARG03A0058_003 0.000 0.000 0.000 0.000 0.000
ARG+1A0058_004 1.000 1.000 1.000 1.000 1.000
GLU01A0059_001 0.003 0.003 0.003 0.003 0.000
GLU01A0059_002 0.152 0.148 0.150 0.162 0.162
GLU02A0059_003 0.000 0.000 0.000 0.000 0.000
GLU02A0059_004 0.000 0.000 0.000 0.000 0.000
GLU-1A0059_005 0.845 0.849 0.847 0.834 0.838
ALA01A0060_001 1.000 1.000 1.000 1.000 1.000
GLU01A0061_001 0.000 0.000 0.000 0.000 0.000
GLU01A0061_002 0.000 0.000 0.000 0.000 0.000
GLU02A0061_003 0.000 0.000 0.000 0.000 0.000
GLU02A0061_004 0.001 0.000 0.000 0.000 0.000
GLU-1A0061_005 0.999 1.000 1.000 1.000 1.000
ILE01A0062_001 1.000 1.000 1.000 1.000 1.000
LEU01A0063_001 1.000 1.000 1.000 1.000 1.000
HIS01A0064_001 0.071 0.069 0.069 0.071 0.070
HIS01A0064_002 0.546 0.555 0.549 0.544 0.565
HIS02A0064_003 0.251 0.252 0.251 0.256 0.241
HIS02A0064_004 0.109 0.102 0.107 0.107 0.103
HIS+1A0064_005 0.000 0.000 0.000 0.000 0.000
HIS+1A0064_006 0.024 0.022 0.024 0.023 0.021
LYS01A0065_001 0.000 0.000 0.000 0.000 0.000
LYS+1A0065_002 1.000 1.000 1.000 1.000 1.000
ALA01A0066_001 1.000 1.000 1.000 1.000 1.000
ARG01A0067_001 0.000 0.000 0.000 0.000 0.000
ARG02A0067_002 0.000 0.000 0.000 0.000 0.000
ARG02A0067_003 0.000 0.000 0.000 0.000 0.000
ARG03A0067_004 0.000 0.000 0.000 0.000 0.000
ARG+1A0067_005 1.000 1.000 1.000 1.000 1.000
PHE01A0068_001 1.000 1.000 1.000 1.000 1.000
SER01A0069_001 0.005 0.003 0.005 0.005 0.004
SER01A0069_002 0.576 0.576 0.572 0.564 0.571
SER01A0069_003 0.419 0.420 0.423 0.431 0.426
TYR01A0070_001 0.586 0.590 0.594 0.585 0.589
TYR01A0070_002 0.414 0.410 0.406 0.415 0.411
TYR-1A0070_003 0.000 0.000 0.000 0.000 0.000
ILE01A0071_001 1.000 1.000 1.000 1.000 1.000
LEU01A0072_001 1.000 1.000 1.000 1.000 1.000
PRO01A0073_001 1.000 1.000 1.000 1.000 1.000
ILE01A0074_001 1.000 1.000 1.000 1.000 1.000
LEU01A0075_001 1.000 1.000 1.000 1.000 1.000
ILE01A0077_001 1.000 1.000 1.000 1.000 1.000
CYS01A0078_001 0.803 0.796 0.799 0.806 0.798
CYS01A0078_002 0.097 0.101 0.098 0.096 0.099
CYS01A0078_003 0.100 0.103 0.103 0.099 0.102
CYS-1A0078_004 0.000 0.000 0.000 0.000 0.000
ASN01A0079_001 0.939 0.938 0.940 0.938 0.938
ASN01A0079_002 0.061 0.062 0.060 0.062 0.062
GLU01A0080_001 0.000 0.000 0.000 0.000 0.000
GLU01A0080_002 0.000 0.000 0.000 0.000 0.000
GLU02A0080_003 0.000 0.000 0.000 0.000 0.000
GLU02A0080_004 0.000 0.000 0.000 0.000 0.000
GLU-1A0080_005 1.000 1.000 1.000 1.000 1.000
PRO01A0081_001 1.000 1.000 1.000 1.000 1.000
GLU01A0082_001 0.000 0.000 0.000 0.000 0.000
GLU01A0082_002 0.000 0.000 0.000 0.000 0.000
GLU02A0082_003 0.000 0.000 0.000 0.000 0.000
GLU02A0082_004 0.000 0.000 0.000 0.000 0.000
GLU-1A0082_005 1.000 1.000 1.000 1.000 1.000
PHE01A0083_001 1.000 1.000 1.000 1.000 1.000
LEU01A0084_001 1.000 1.000 1.000 1.000 1.000
ILE01A0086_001 1.000 1.000 1.000 1.000 1.000
VAL01A0087_001 1.000 1.000 1.000 1.000 1.000
THR01A0088_001 0.017 0.015 0.017 0.015 0.014
THR01A0088_002 0.821 0.825 0.808 0.815 0.825
THR01A0088_003 0.162 0.160 0.175 0.170 0.161
GLU01A0089_001 0.000 0.000 0.000 0.000 0.000
GLU01A0089_002 0.007 0.008 0.012 0.008 0.008
GLU02A0089_003 0.000 0.000 0.000 0.000 0.000
GLU02A0089_004 0.004 0.004 0.000 0.004 0.005
GLU-1A0089_005 0.989 0.988 0.988 0.989 0.987
TYR01A0090_001 1.000 1.000 1.000 1.000 1.000
TYR-1A0090_002 0.000 0.000 0.000 0.000 0.000
MET01A0091_001 1.000 1.000 1.000 1.000 1.000
PRO01A0092_001 1.000 1.000 1.000 1.000 1.000
ASN01A0093_001 1.000 1.000 1.000 1.000 1.000
SER01A0095_001 0.083 0.078 0.079 0.082 0.081
SER01A0095_002 0.917 0.922 0.921 0.918 0.919
LEU01A0096_001 1.000 1.000 1.000 1.000 1.000
ASN01A0097_001 0.954 0.949 0.950 0.951 0.948
ASN01A0097_002 0.046 0.051 0.050 0.049 0.052
GLU01A0098_001 0.000 0.000 0.000 0.000 0.000
GLU01A0098_002 0.000 0.000 0.000 0.000 0.000
GLU02A0098_003 0.000 0.000 0.000 0.000 0.000
GLU02A0098_004 0.000 0.000 0.000 0.000 0.000
GLU-1A0098_005 1.000 1.000 1.000 1.000 1.000
LEU01A0099_001 1.000 1.000 1.000 1.000 1.000
LEU01A0100_001 1.000 1.000 1.000 1.000 1.000
HIS01A0101_001 0.301 0.301 0.297 0.300 0.303
HIS02A0101_002 0.699 0.699 0.702 0.700 0.697
HIS+1A0101_003 0.000 0.000 0.001 0.000 0.000
ARG01A0102_001 0.000 0.000 0.000 0.000 0.000
ARG02A0102_002 0.000 0.000 0.000 0.000 0.000
ARG02A0102_003 0.000 0.000 0.000 0.000 0.000
ARG03A0102_004 0.000 0.000 0.000 0.000 0.000
ARG+1A0102_005 1.000 1.000 1.000 1.000 1.000
LYS01A0103_001 0.009 0.007 0.008 0.007 0.007
LYS+1A0103_002 0.991 0.993 0.992 0.993 0.993
THR01A0104_001 0.144 0.143 0.148 0.140 0.140
THR01A0104_002 0.856 0.857 0.852 0.860 0.860
GLU01A0105_001 0.000 0.000 0.000 0.000 0.000
GLU01A0105_002 0.007 0.003 0.004 0.000 0.007
GLU02A0105_003 0.000 0.000 0.000 0.000 0.000
GLU02A0105_004 0.000 0.002 0.002 0.000 0.000
GLU-1A0105_005 0.993 0.995 0.994 1.000 0.993
TYR01A0106_001 1.000 1.000 1.000 1.000 1.000
TYR-1A0106_002 0.000 0.000 0.000 0.000 0.000
PRO01A0107_001 1.000 1.000 1.000 1.000 1.000
ASP01A0108_001 0.000 0.000 0.000 0.000 0.000
ASP01A0108_002 0.000 0.003 0.000 0.000 0.003
ASP02A0108_003 0.000 0.000 0.000 0.000 0.000
ASP02A0108_004 0.000 0.000 0.000 0.000 0.000
ASP-1A0108_005 1.000 0.997 1.000 1.000 0.997
VAL01A0109_001 1.000 1.000 1.000 1.000 1.000
ALA01A0110_001 1.000 1.000 1.000 1.000 1.000
TRP01A0111_001 1.000 1.000 1.000 1.000 1.000
PRO01A0112_001 1.000 1.000 1.000 1.000 1.000
LEU01A0113_001 1.000 1.000 1.000 1.000 1.000
ARG01A0114_001 0.000 0.000 0.000 0.000 0.000
ARG02A0114_002 0.000 0.000 0.000 0.000 0.000
ARG03A0114_003 0.000 0.000 0.000 0.000 0.000
ARG+1A0114_004 1.000 1.000 1.000 1.000 1.000
PHE01A0115_001 1.000 1.000 1.000 1.000 1.000
ARG01A0116_001 0.000 0.000 0.000 0.000 0.000
ARG02A0116_002 0.000 0.000 0.000 0.000 0.000
ARG03A0116_003 0.000 0.000 0.000 0.000 0.000
ARG03A0116_004 0.000 0.000 0.000 0.000 0.000
ARG+1A0116_005 1.000 1.000 1.000 1.000 1.000
ILE01A0117_001 1.000 1.000 1.000 1.000 1.000
LEU01A0118_001 1.000 1.000 1.000 1.000 1.000
HIS01A0119_001 0.545 0.543 0.550 0.544 0.553
HIS01A0119_002 0.136 0.128 0.133 0.135 0.127
HIS02A0119_003 0.109 0.108 0.103 0.105 0.104
HIS02A0119_004 0.210 0.216 0.208 0.209 0.210
HIS+1A0119_005 0.000 0.000 0.007 0.003 0.003
HIS+1A0119_006 0.000 0.006 0.000 0.003 0.003
GLU01A0120_001 0.001 0.000 0.000 0.001 0.000
GLU01A0120_002 0.040 0.046 0.036 0.047 0.049
GLU02A0120_003 0.037 0.041 0.036 0.041 0.037
GLU02A0120_004 0.169 0.187 0.165 0.174 0.190
GLU-1A0120_005 0.753 0.726 0.762 0.738 0.724
ILE01A0121_001 1.000 1.000 1.000 1.000 1.000
ALA01A0122_001 1.000 1.000 1.000 1.000 1.000
LEU01A0123_001 1.000 1.000 1.000 1.000 1.000
VAL01A0125_001 1.000 1.000 1.000 1.000 1.000
ASN01A0126_001 1.000 1.000 1.000 1.000 1.000
ASN01A0126_002 0.000 0.000 0.000 0.000 0.000
TYR01A0127_001 1.000 1.000 1.000 1.000 1.000
TYR-1A0127_002 0.000 0.000 0.000 0.000 0.000
LEU01A0128_001 1.000 1.000 1.000 1.000 1.000
HIS01A0129_001 0.016 0.000 0.014 0.015 0.014
HIS02A0129_002 0.984 1.000 0.986 0.985 0.986
HIS+1A0129_003 0.000 0.000 0.000 0.000 0.000
ASN01A0130_001 0.794 0.792 0.791 0.795 0.802
ASN01A0130_002 0.206 0.208 0.209 0.205 0.198
MET01A0131_001 1.000 1.000 1.000 1.000 1.000
THR01A0132_001 0.232 0.235 0.240 0.237 0.232
THR01A0132_002 0.768 0.765 0.760 0.763 0.768
PRO01A0133_001 1.000 1.000 1.000 1.000 1.000
PRO01A0134_001 1.000 1.000 1.000 1.000 1.000
LEU01A0135_001 1.000 1.000 1.000 1.000 1.000
LEU01A0136_001 1.000 1.000 1.000 1.000 1.000
HIS01A0137_001 1.000 1.000 1.000 1.000 1.000
HIS02A0137_002 0.000 0.000 0.000 0.000 0.000
HIS+1A0137_003 0.000 0.000 0.000 0.000 0.000
HIS01A0138_001 0.106 0.106 0.099 0.102 0.108
HIS01A0138_002 0.855 0.862 0.859 0.860 0.850
HIS02A0138_003 0.034 0.033 0.037 0.033 0.035
HIS02A0138_004 0.005 0.000 0.005 0.005 0.007
HIS+1A0138_005 0.000 0.000 0.000 0.000 0.000
HIS+1A0138_006 0.000 0.000 0.000 0.000 0.000
ASP01A0139_001 0.000 0.000 0.000 0.000 0.000
ASP01A0139_002 0.010 0.011 0.012 0.012 0.011
ASP02A0139_003 0.000 0.000 0.001 0.000 0.001
ASP02A0139_004 0.020 0.018 0.018 0.021 0.020
ASP-1A0139_005 0.971 0.971 0.969 0.968 0.968
LEU01A0140_001 1.000 1.000 1.000 1.000 1.000
LYS01A0141_001 0.005 0.005 0.004 0.004 0.004
LYS+1A0141_002 0.995 0.995 0.996 0.996 0.996
THR01A0142_001 0.060 0.053 0.057 0.057 0.063
THR01A0142_002 0.010 0.012 0.012 0.013 0.012
THR01A0142_003 0.930 0.935 0.932 0.929 0.925
GLN01A0143_001 1.000 1.000 1.000 1.000 1.000
ASN01A0144_001 0.998 0.998 0.998 0.998 0.998
ASN01A0144_002 0.002 0.002 0.002 0.002 0.002
ILE01A0145_001 1.000 1.000 1.000 1.000 1.000
LEU01A0146_001 1.000 1.000 1.000 1.000 1.000
LEU01A0147_001 1.000 1.000 1.000 1.000 1.000
ASP01A0148_001 0.000 0.000 0.000 0.000 0.000
ASP01A0148_002 0.000 0.000 0.000 0.000 0.000
ASP02A0148_003 0.000 0.000 0.000 0.000 0.000
ASP02A0148_004 0.000 0.000 0.005 0.005 0.005
ASP-1A0148_005 1.000 1.000 0.995 0.995 0.995
ASN01A0149_001 0.635 0.629 0.638 0.633 0.632
ASN01A0149_002 0.365 0.371 0.362 0.367 0.368
GLU01A0150_001 0.000 0.000 0.000 0.000 0.000
GLU01A0150_002 0.050 0.053 0.045 0.054 0.050
GLU02A0150_003 0.001 0.000 0.000 0.000 0.000
GLU02A0150_004 0.053 0.060 0.049 0.056 0.055
GLU-1A0150_005 0.896 0.886 0.906 0.891 0.895
PHE01A0151_001 1.000 1.000 1.000 1.000 1.000
HIS01A0152_001 0.863 0.861 0.856 0.862 0.869
HIS02A0152_002 0.034 0.036 0.033 0.035 0.032
HIS+1A0152_003 0.103 0.103 0.111 0.102 0.099
VAL01A0153_001 1.000 1.000 1.000 1.000 1.000
LYS01A0154_001 0.000 0.000 0.000 0.000 0.000
LYS+1A0154_002 1.000 1.000 1.000 1.000 1.000
ILE01A0155_001 1.000 1.000 1.000 1.000 1.000
ALA01A0156_001 1.000 1.000 1.000 1.000 1.000
ASP01A0157_001 0.000 0.000 0.000 0.000 0.000
ASP01A0157_002 0.135 0.135 0.132 0.134 0.132
ASP02A0157_003 0.000 0.000 0.000 0.000 0.000
ASP02A0157_004 0.000 0.000 0.000 0.000 0.000
ASP-1A0157_005 0.865 0.865 0.868 0.866 0.868
PHE01A0158_001 1.000 1.000 1.000 1.000 1.000
LEU01A0160_001 1.000 1.000 1.000 1.000 1.000
SER01A0161_001 1.000 1.000 1.000 1.000 1.000
LYS01A0162_001 0.005 0.004 0.005 0.005 0.004
LYS+1A0162_002 0.995 0.996 0.995 0.995 0.996
TRP01A0163_001 1.000 1.000 1.000 1.000 1.000
CYS01A0164_001 0.280 0.281 0.289 0.286 0.285
CYS01A0164_002 0.313 0.319 0.322 0.313 0.317
CYS01A0164_003 0.360 0.352 0.345 0.356 0.350
CYS-1A0164_004 0.046 0.048 0.045 0.045 0.048
MET01A0165_001 1.000 1.000 1.000 1.000 1.000
MET01A0166_001 1.000 1.000 1.000 1.000 1.000
SER01A0167_001 0.087 0.086 0.087 0.086 0.089
SER01A0167_002 0.913 0.914 0.913 0.914 0.911
LEU01A0168_001 1.000 1.000 1.000 1.000 1.000
SER01A0169_001 1.000 1.000 1.000 1.000 1.000
GLN01A0170_001 0.173 0.177 0.172 0.174 0.177
GLN01A0170_002 0.827 0.823 0.828 0.826 0.823
SER01A0171_001 0.948 0.951 0.951 0.948 0.949
SER01A0171_002 0.052 0.049 0.049 0.052 0.051
ARG01A0172_001 0.000 0.000 0.000 0.000 0.000
ARG02A0172_002 0.000 0.000 0.000 0.000 0.000
ARG03A0172_003 0.000 0.000 0.000 0.000 0.000
ARG+1A0172_004 1.000 1.000 1.000 1.000 1.000
SER01A0173_001 0.007 0.007 0.007 0.007 0.008
SER01A0173_002 0.993 0.993 0.993 0.993 0.992
SER01A0174_001 1.000 1.000 1.000 1.000 1.000
LYS01A0175_001 0.000 0.003 0.004 0.000 0.003
LYS+1A0175_002 1.000 0.997 0.996 1.000 0.997
SER01A0176_001 1.000 1.000 1.000 1.000 1.000
ALA01A0177_001 1.000 1.000 1.000 1.000 1.000
PRO01A0178_001 1.000 1.000 1.000 1.000 1.000
GLU01A0179_001 0.000 0.000 0.000 0.000 0.000
GLU01A0179_002 0.000 0.000 0.000 0.000 0.000
GLU02A0179_003 0.000 0.000 0.000 0.000 0.000
GLU02A0179_004 0.000 0.000 0.000 0.000 0.000
GLU-1A0179_005 1.000 1.000 1.000 1.000 1.000
THR01A0182_001 0.264 0.262 0.260 0.262 0.261
THR01A0182_002 0.736 0.738 0.740 0.738 0.739
ILE01A0183_001 1.000 1.000 1.000 1.000 1.000
ILE01A0184_001 1.000 1.000 1.000 1.000 1.000
TYR01A0185_001 0.097 0.097 0.092 0.093 0.093
TYR01A0185_002 0.903 0.903 0.908 0.907 0.907
TYR-1A0185_003 0.000 0.000 0.000 0.000 0.000
MET01A0186_001 1.000 1.000 1.000 1.000 1.000
PRO01A0187_001 1.000 1.000 1.000 1.000 1.000
PRO01A0188_001 1.000 1.000 1.000 1.000 1.000
GLU01A0189_001 0.000 0.000 0.000 0.000 0.000
GLU01A0189_002 0.052 0.062 0.062 0.057 0.056
GLU02A0189_003 0.000 0.000 0.000 0.000 0.000
GLU02A0189_004 0.004 0.000 0.000 0.000 0.000
GLU-1A0189_005 0.944 0.938 0.938 0.943 0.944
ASN01A0190_001 0.406 0.413 0.412 0.406 0.410
ASN01A0190_002 0.594 0.587 0.588 0.594 0.590
TYR01A0191_001 1.000 1.000 1.000 1.000 1.000
TYR-1A0191_002 0.000 0.000 0.000 0.000 0.000
GLU01A0192_001 0.000 0.000 0.000 0.000 0.000
GLU01A0192_002 0.010 0.011 0.010 0.010 0.010
GLU02A0192_003 0.000 0.000 0.000 0.000 0.000
GLU02A0192_004 0.007 0.006 0.007 0.006 0.006
GLU-1A0192_005 0.983 0.983 0.983 0.985 0.984
PRO01A0193_001 1.000 1.000 1.000 1.000 1.000
GLN01A0195_001 0.295 0.294 0.296 0.287 0.300
GLN01A0195_002 0.705 0.706 0.704 0.713 0.700
LYS01A0196_001 0.000 0.000 0.001 0.001 0.001
LYS+1A0196_002 1.000 1.000 0.999 0.999 0.999
SER01A0197_001 0.996 0.997 0.996 0.997 0.996
SER01A0197_002 0.004 0.003 0.004 0.003 0.004
ARG01A0198_001 0.005 0.004 0.004 0.004 0.004
ARG02A0198_002 0.001 0.001 0.000 0.001 0.000
ARG03A0198_003 0.013 0.012 0.013 0.013 0.012
ARG03A0198_004 0.173 0.194 0.195 0.189 0.175
ARG+1A0198_005 0.809 0.788 0.788 0.794 0.809
ALA01A0199_001 1.000 1.000 1.000 1.000 1.000
SER01A0200_001 0.009 0.007 0.007 0.006 0.006
SER01A0200_002 0.991 0.993 0.993 0.994 0.994
ILE01A0201_001 1.000 1.000 1.000 1.000 1.000
LYS01A0202_001 0.003 0.004 0.000 0.003 0.003
LYS+1A0202_002 0.997 0.996 1.000 0.997 0.997
HIS01A0203_001 0.807 0.806 0.807 0.807 0.810
HIS02A0203_002 0.193 0.194 0.193 0.193 0.190
HIS+1A0203_003 0.000 0.000 0.000 0.000 0.000
ASP01A0204_001 0.000 0.000 0.000 0.000 0.000
ASP01A0204_002 0.000 0.000 0.000 0.000 0.000
ASP02A0204_003 0.000 0.000 0.000 0.000 0.000
ASP02A0204_004 0.000 0.000 0.000 0.000 0.000
ASP-1A0204_005 1.000 1.000 1.000 1.000 1.000
ILE01A0205_001 1.000 1.000 1.000 1.000 1.000
TYR01A0206_001 0.741 0.747 0.740 0.742 0.747
TYR01A0206_002 0.259 0.253 0.260 0.258 0.253
TYR-1A0206_003 0.000 0.000 0.000 0.000 0.000
SER01A0207_001 0.996 0.997 0.997 0.997 0.997
SER01A0207_002 0.004 0.003 0.003 0.003 0.003
TYR01A0208_001 0.926 0.926 0.922 0.921 0.920
TYR01A0208_002 0.074 0.074 0.078 0.079 0.080
TYR-1A0208_003 0.000 0.000 0.000 0.000 0.000
ALA01A0209_001 1.000 1.000 1.000 1.000 1.000
VAL01A0210_001 1.000 1.000 1.000 1.000 1.000
ILE01A0211_001 1.000 1.000 1.000 1.000 1.000
THR01A0212_001 0.027 0.027 0.026 0.026 0.026
THR01A0212_002 0.654 0.665 0.658 0.660 0.669
THR01A0212_003 0.319 0.308 0.317 0.314 0.305
TRP01A0213_001 1.000 1.000 1.000 1.000 1.000
GLU01A0214_001 0.000 0.000 0.000 0.000 0.000
GLU01A0214_002 0.016 0.014 0.013 0.014 0.015
GLU02A0214_003 0.007 0.007 0.007 0.007 0.007
GLU02A0214_004 0.977 0.975 0.978 0.976 0.975
GLU-1A0214_005 0.000 0.003 0.002 0.003 0.003
VAL01A0215_001 1.000 1.000 1.000 1.000 1.000
LEU01A0216_001 1.000 1.000 1.000 1.000 1.000
SER01A0217_001 0.640 0.645 0.645 0.645 0.638
SER01A0217_002 0.000 0.000 0.000 0.000 0.000
SER01A0217_003 0.360 0.355 0.355 0.355 0.362
ARG01A0218_001 0.000 0.000 0.000 0.000 0.000
ARG02A0218_002 0.000 0.000 0.000 0.000 0.000
ARG03A0218_003 0.000 0.000 0.000 0.000 0.000
ARG03A0218_004 0.000 0.000 0.000 0.000 0.000
ARG+1A0218_005 1.000 1.000 1.000 1.000 1.000
LYS01A0219_001 0.001 0.000 0.000 0.000 0.001
LYS+1A0219_002 0.999 1.000 1.000 1.000 0.999
GLN01A0220_001 0.883 0.888 0.879 0.876 0.882
GLN01A0220_002 0.117 0.112 0.121 0.124 0.118
PRO01A0221_001 1.000 1.000 1.000 1.000 1.000
PHE01A0222_001 1.000 1.000 1.000 1.000 1.000
GLU01A0223_001 0.000 0.000 0.000 0.000 0.000
GLU01A0223_002 0.000 0.000 0.000 0.000 0.000
GLU02A0223_003 0.000 0.000 0.000 0.000 0.000
GLU02A0223_004 0.000 0.000 0.000 0.000 0.000
GLU-1A0223_005 1.000 1.000 1.000 1.000 1.000
ASP01A0224_001 0.000 0.000 0.000 0.000 0.000
ASP01A0224_002 0.000 0.000 0.000 0.000 0.000
ASP02A0224_003 0.000 0.000 0.000 0.000 0.000
ASP02A0224_004 0.002 0.000 0.000 0.000 0.001
ASP-1A0224_005 0.998 1.000 1.000 1.000 0.999
VAL01A0225_001 1.000 1.000 1.000 1.000 1.000
THR01A0226_001 0.235 0.235 0.239 0.237 0.231
THR01A0226_002 0.765 0.765 0.761 0.763 0.769
ASN01A0227_001 1.000 1.000 1.000 1.000 1.000
PRO01A0228_001 1.000 1.000 1.000 1.000 1.000
LEU01A0229_001 1.000 1.000 1.000 1.000 1.000
GLN01A0230_001 0.924 0.925 0.925 0.927 0.924
GLN01A0230_002 0.076 0.075 0.075 0.073 0.076
ILE01A0231_001 1.000 1.000 1.000 1.000 1.000
MET01A0232_001 1.000 1.000 1.000 1.000 1.000
TYR01A0233_001 0.997 0.997 0.997 0.997 0.998
TYR-1A0233_002 0.003 0.003 0.003 0.003 0.002
SER01A0234_001 1.000 1.000 1.000 1.000 1.000
VAL01A0235_001 1.000 1.000 1.000 1.000 1.000
SER01A0236_001 1.000 1.000 1.000 1.000 1.000
GLN01A0237_001 0.241 0.245 0.248 0.243 0.244
GLN01A0237_002 0.759 0.755 0.752 0.757 0.756
HIS01A0239_001 0.148 0.141 0.142 0.143 0.147
HIS01A0239_002 0.077 0.082 0.079 0.081 0.082
HIS02A0239_003 0.296 0.285 0.288 0.289 0.294
HIS02A0239_004 0.182 0.181 0.180 0.182 0.183
HIS+1A0239_005 0.206 0.209 0.215 0.207 0.202
HIS+1A0239_006 0.091 0.102 0.096 0.098 0.093
ARG01A0240_001 0.000 0.000 0.000 0.000 0.000
ARG02A0240_002 0.000 0.000 0.000 0.000 0.000
ARG03A0240_003 0.000 0.000 0.000 0.000 0.000
ARG03A0240_004 0.000 0.000 0.000 0.000 0.000
ARG+1A0240_005 1.000 1.000 1.000 1.000 1.000
PRO01A0241_001 1.000 1.000 1.000 1.000 1.000
VAL01A0242_001 1.000 1.000 1.000 1.000 1.000
ILE01A0243_001 1.000 1.000 1.000 1.000 1.000
ASN01A0244_001 0.352 0.354 0.351 0.353 0.354
ASN01A0244_002 0.648 0.646 0.649 0.647 0.646
GLU01A0245_001 0.000 0.000 0.000 0.000 0.000
GLU01A0245_002 0.003 0.000 0.003 0.003 0.003
GLU02A0245_003 0.000 0.000 0.000 0.000 0.000
GLU02A0245_004 0.000 0.000 0.000 0.000 0.000
GLU-1A0245_005 0.997 1.000 0.997 0.997 0.997
GLU01A0246_001 0.000 0.000 0.000 0.000 0.000
GLU01A0246_002 0.001 0.000 0.000 0.000 0.000
GLU02A0246_003 0.000 0.000 0.000 0.000 0.000
GLU02A0246_004 0.001 0.000 0.000 0.000 0.000
GLU-1A0246_005 0.998 1.000 1.000 1.000 1.000
SER01A0247_001 0.001 0.000 0.000 0.000 0.000
SER01A0247_002 0.999 1.000 1.000 1.000 1.000
LEU01A0248_001 1.000 1.000 1.000 1.000 1.000
PRO01A0249_001 1.000 1.000 1.000 1.000 1.000
TYR01A0250_001 0.513 0.510 0.514 0.512 0.513
TYR01A0250_002 0.487 0.490 0.486 0.488 0.487
TYR-1A0250_003 0.000 0.000 0.000 0.000 0.000
ASP01A0251_001 0.000 0.000 0.000 0.000 0.000
ASP01A0251_002 0.000 0.000 0.000 0.000 0.000
ASP02A0251_003 0.000 0.000 0.000 0.000 0.000
ASP02A0251_004 0.000 0.000 0.000 0.000 0.000
ASP-1A0251_005 1.000 1.000 1.000 1.000 1.000
ILE01A0252_001 1.000 1.000 1.000 1.000 1.000
PRO01A0253_001 1.000 1.000 1.000 1.000 1.000
HIS01A0254_001 0.192 0.192 0.196 0.195 0.190
HIS01A0254_002 0.181 0.172 0.173 0.178 0.173
HIS02A0254_003 0.502 0.501 0.500 0.496 0.502
HIS02A0254_004 0.125 0.128 0.131 0.127 0.128
HIS+1A0254_005 0.000 0.005 0.000 0.000 0.007
HIS+1A0254_006 0.000 0.002 0.000 0.004 0.000
ARG01A0255_001 0.000 0.000 0.000 0.000 0.000
ARG02A0255_002 0.000 0.000 0.000 0.000 0.000
ARG03A0255_003 0.000 0.000 0.000 0.000 0.000
ARG03A0255_004 0.000 0.000 0.000 0.000 0.000
ARG+1A0255_005 1.000 1.000 1.000 1.000 1.000
ALA01A0256_001 1.000 1.000 1.000 1.000 1.000
ARG01A0257_001 0.000 0.000 0.000 0.000 0.000
ARG02A0257_002 0.000 0.000 0.000 0.000 0.000
ARG03A0257_003 0.000 0.000 0.000 0.000 0.000
ARG03A0257_004 0.000 0.000 0.000 0.000 0.000
ARG+1A0257_005 1.000 1.000 1.000 1.000 1.000
MET01A0258_001 1.000 1.000 1.000 1.000 1.000
ILE01A0259_001 1.000 1.000 1.000 1.000 1.000
SER01A0260_001 1.000 1.000 1.000 1.000 1.000
LEU01A0261_001 1.000 1.000 1.000 1.000 1.000
ILE01A0262_001 1.000 1.000 1.000 1.000 1.000
GLU01A0263_001 0.000 0.000 0.000 0.000 0.000
GLU01A0263_002 0.002 0.000 0.000 0.002 0.000
GLU02A0263_003 0.000 0.000 0.000 0.000 0.000
GLU02A0263_004 0.002 0.000 0.000 0.002 0.003
GLU-1A0263_005 0.996 1.000 1.000 0.996 0.997
SER01A0264_001 0.142 0.139 0.142 0.144 0.145
SER01A0264_002 0.858 0.861 0.858 0.856 0.855
TRP01A0266_001 1.000 1.000 1.000 1.000 1.000
ALA01A0267_001 1.000 1.000 1.000 1.000 1.000
GLN01A0268_001 1.000 1.000 1.000 1.000 1.000
ASN01A0269_001 1.000 1.000 1.000 1.000 1.000
ASN01A0269_002 0.000 0.000 0.000 0.000 0.000
PRO01A0270_001 1.000 1.000 1.000 1.000 1.000
ASP01A0271_001 0.000 0.000 0.000 0.000 0.000
ASP01A0271_002 0.000 0.000 0.000 0.000 0.000
ASP02A0271_003 0.000 0.000 0.000 0.000 0.000
ASP02A0271_004 0.000 0.000 0.000 0.000 0.000
ASP-1A0271_005 1.000 1.000 1.000 1.000 1.000
GLU01A0272_001 0.000 0.000 0.000 0.000 0.000
GLU01A0272_002 0.000 0.000 0.000 0.000 0.000
GLU02A0272_003 0.000 0.000 0.000 0.000 0.000
GLU02A0272_004 0.000 0.000 0.000 0.000 0.000
GLU-1A0272_005 1.000 1.000 1.000 0.999 1.000
ARG01A0273_001 0.000 0.000 0.000 0.000 0.000
ARG02A0273_002 0.007 0.002 0.000 0.000 0.000
ARG02A0273_003 0.000 0.000 0.000 0.000 0.000
ARG03A0273_004 0.000 0.000 0.000 0.000 0.000
ARG03A0273_005 0.000 0.000 0.000 0.000 0.000
ARG+1A0273_006 0.993 0.998 1.000 1.000 1.000
PRO01A0274_001 1.000 1.000 1.000 1.000 1.000
SER01A0275_001 1.000 1.000 1.000 1.000 1.000
SER01A0275_002 0.000 0.000 0.000 0.000 0.000
PHE01A0276_001 1.000 1.000 1.000 1.000 1.000
LEU01A0277_001 1.000 1.000 1.000 1.000 1.000
LYS01A0278_001 1.000 1.000 1.000 1.000 1.000
LYS+1A0278_002 0.000 0.000 0.000 0.000 0.000
CYS01A0279_001 0.343 0.337 0.340 0.337 0.339
CYS01A0279_002 0.353 0.351 0.349 0.350 0.349
CYS01A0279_003 0.304 0.311 0.312 0.313 0.312
CYS-1A0279_004 0.000 0.000 0.000 0.000 0.000
LEU01A0280_001 1.000 1.000 1.000 1.000 1.000
ILE01A0281_001 1.000 1.000 1.000 1.000 1.000
GLU01A0282_001 0.000 0.000 0.000 0.000 0.000
GLU01A0282_002 0.000 0.000 0.000 0.000 0.000
GLU02A0282_003 0.000 0.000 0.000 0.000 0.000
GLU02A0282_004 0.000 0.000 0.000 0.000 0.000
GLU-1A0282_005 1.000 1.000 1.000 1.000 1.000
LEU01A0283_001 1.000 1.000 1.000 1.000 1.000
GLU01A0284_001 0.000 0.000 0.000 0.000 0.000
GLU01A0284_002 0.002 0.002 0.003 0.003 0.000
GLU02A0284_003 0.000 0.000 0.000 0.000 0.000
GLU02A0284_004 0.001 0.002 0.002 0.003 0.000
GLU-1A0284_005 0.996 0.996 0.995 0.994 1.000
PRO01A0285_001 1.000 1.000 1.000 1.000 1.000
VAL01A0286_001 1.000 1.000 1.000 1.000 1.000
LEU01A0287_001 1.000 1.000 1.000 1.000 1.000
ARG01A0288_001 0.000 0.000 0.000 0.000 0.000
ARG02A0288_002 0.000 0.000 0.000 0.000 0.000
ARG03A0288_003 0.000 0.000 0.000 0.000 0.000
ARG+1A0288_004 1.000 1.000 1.000 1.000 1.000
THR01A0289_001 0.427 0.430 0.423 0.431 0.426
THR01A0289_002 0.573 0.570 0.577 0.569 0.574
PHE01A0290_001 1.000 1.000 1.000 1.000 1.000
GLU01A0291_001 0.000 0.000 0.000 0.000 0.000
GLU01A0291_002 0.005 0.006 0.006 0.000 0.000
GLU02A0291_003 0.000 0.000 0.000 0.000 0.000
GLU02A0291_004 0.000 0.000 0.000 0.000 0.000
GLU-1A0291_005 0.995 0.994 0.994 1.000 1.000
GLU01A0292_001 0.002 0.002 0.002 0.002 0.002
GLU01A0292_002 0.021 0.024 0.022 0.023 0.023
GLU02A0292_003 0.008 0.008 0.007 0.007 0.008
GLU02A0292_004 0.057 0.060 0.057 0.054 0.052
GLU-1A0292_005 0.911 0.905 0.913 0.915 0.915
ILE01A0293_001 1.000 1.000 1.000 1.000 1.000
THR01A0294_001 0.906 0.908 0.906 0.910 0.912
THR01A0294_002 0.094 0.092 0.094 0.090 0.088
PHE01A0295_001 1.000 1.000 1.000 1.000 1.000
LEU01A0296_001 1.000 1.000 1.000 1.000 1.000
GLU01A0297_001 0.000 0.000 0.000 0.000 0.000
GLU01A0297_002 0.004 0.004 0.003 0.003 0.004
GLU02A0297_003 0.000 0.000 0.000 0.000 0.000
GLU02A0297_004 0.006 0.006 0.007 0.007 0.007
GLU-1A0297_005 0.990 0.990 0.990 0.989 0.989
ALA01A0298_001 1.000 1.000 1.000 1.000 1.000
VAL01A0299_001 1.000 1.000 1.000 1.000 1.000
ILE01A0300_001 1.000 1.000 1.000 1.000 1.000
GLN01A0301_001 0.850 0.848 0.849 0.851 0.850
GLN01A0301_002 0.150 0.152 0.151 0.149 0.150
LEU01A0302_001 1.000 1.000 1.000 1.000 1.000
LYS01A0303_001 0.002 0.000 0.002 0.002 0.001
LYS+1A0303_002 0.998 1.000 0.998 0.998 0.999
LYS01A0304_001 0.000 0.001 0.001 0.000 0.000
LYS+1A0304_002 1.000 0.999 0.999 1.000 1.000
THR01A0305_001 0.284 0.280 0.284 0.282 0.282
THR01A0305_002 0.716 0.720 0.716 0.718 0.718
LYS01A0306_001 0.019 0.019 0.017 0.017 0.019
LYS+1A0306_002 0.981 0.981 0.983 0.983 0.981
LEU01A0307_001 1.000 1.000 1.000 1.000 1.000
GLN01A0308_001 0.786 0.783 0.792 0.787 0.784
GLN01A0308_002 0.214 0.217 0.208 0.213 0.216
SER01A0309_001 1.000 1.000 1.000 1.000 1.000
VAL01A0310_001 1.000 1.000 1.000 1.000 1.000
MET01B0001_001 1.000 1.000 1.000 1.000 1.000
HIS01B0003_001 0.000 0.000 0.000 0.000 0.000
HIS01B0003_002 0.738 0.742 0.746 0.744 0.754
HIS02B0003_003 0.000 0.000 0.000 0.001 0.000
HIS02B0003_004 0.067 0.069 0.064 0.068 0.062
HIS+1B0003_005 0.000 0.000 0.000 0.000 0.000
HIS+1B0003_006 0.194 0.189 0.189 0.187 0.183
HIS01B0004_001 0.114 0.115 0.116 0.117 0.118
HIS01B0004_002 0.168 0.166 0.168 0.162 0.171
HIS02B0004_003 0.168 0.167 0.165 0.163 0.162
HIS02B0004_004 0.195 0.195 0.195 0.196 0.193
HIS+1B0004_005 0.126 0.126 0.127 0.130 0.126
HIS+1B0004_006 0.228 0.232 0.229 0.231 0.230
HIS01B0005_001 0.000 0.000 0.000 0.000 0.000
HIS01B0005_002 0.877 0.867 0.873 0.874 0.866
HIS02B0005_003 0.000 0.000 0.000 0.000 0.000
HIS02B0005_004 0.101 0.107 0.105 0.105 0.108
HIS+1B0005_005 0.000 0.000 0.000 0.000 0.000
HIS+1B0005_006 0.022 0.026 0.022 0.021 0.026
HIS01B0006_001 0.880 0.874 0.871 0.870 0.870
HIS02B0006_002 0.110 0.115 0.120 0.119 0.120
HIS+1B0006_003 0.009 0.010 0.010 0.012 0.011
HIS01B0007_001 0.000 0.000 0.000 0.000 0.000
HIS01B0007_002 0.609 0.607 0.614 0.606 0.617
HIS02B0007_003 0.000 0.000 0.000 0.000 0.000
HIS02B0007_004 0.317 0.322 0.316 0.321 0.315
HIS+1B0007_005 0.000 0.000 0.000 0.000 0.000
HIS+1B0007_006 0.074 0.071 0.070 0.072 0.068
HIS01B0008_001 0.027 0.028 0.030 0.028 0.029
HIS01B0008_002 0.196 0.197 0.190 0.180 0.197
HIS02B0008_003 0.176 0.172 0.172 0.170 0.174
HIS02B0008_004 0.238 0.244 0.238 0.231 0.239
HIS+1B0008_005 0.092 0.090 0.092 0.098 0.092
HIS+1B0008_006 0.271 0.269 0.278 0.293 0.269
SER01B0009_001 1.000 1.000 1.000 1.000 1.000
SER01B0010_001 1.000 1.000 1.000 1.000 1.000
VAL01B0012_001 1.000 1.000 1.000 1.000 1.000
ASP01B0013_001 0.000 0.000 0.000 0.000 0.000
ASP01B0013_002 0.000 0.000 0.000 0.000 0.000
ASP02B0013_003 0.000 0.000 0.000 0.000 0.000
ASP02B0013_004 0.001 0.000 0.000 0.000 0.000
ASP-1B0013_005 0.999 1.000 1.000 1.000 1.000
LEU01B0014_001 1.000 1.000 1.000 1.000 1.000
THR01B0016_001 0.397 0.395 0.395 0.393 0.393
THR01B0016_002 0.603 0.605 0.605 0.607 0.607
GLU01B0017_001 0.000 0.000 0.000 0.000 0.000
GLU01B0017_002 0.000 0.000 0.000 0.000 0.001
GLU02B0017_003 0.000 0.000 0.000 0.000 0.000
GLU02B0017_004 0.000 0.000 0.000 0.000 0.000
GLU-1B0017_005 1.000 1.000 1.000 1.000 0.999
ASN01B0018_001 0.000 0.000 0.000 0.000 0.000
ASN01B0018_002 1.000 1.000 1.000 1.000 1.000
LEU01B0019_001 1.000 1.000 1.000 1.000 1.000
TYR01B0020_001 0.990 0.991 0.989 0.990 0.989
TYR-1B0020_002 0.010 0.009 0.011 0.010 0.011
PHE01B0021_001 1.000 1.000 1.000 1.000 1.000
GLN01B0022_001 1.000 1.000 1.000 1.000 1.000
SER01B0023_001 0.281 0.284 0.289 0.287 0.287
SER01B0023_002 0.719 0.716 0.711 0.713 0.713
MET01B0024_001 1.000 1.000 1.000 1.000 1.000
SER01B0025_001 1.000 1.000 1.000 1.000 1.000
ALA01B0026_001 1.000 1.000 1.000 1.000 1.000
LEU01B0027_001 1.000 1.000 1.000 1.000 1.000
PRO01B0028_001 1.000 1.000 1.000 1.000 1.000
THR01B0029_001 1.000 1.000 1.000 1.000 1.000
ILE01B0030_001 1.000 1.000 1.000 1.000 1.000
PRO01B0031_001 1.000 1.000 1.000 1.000 1.000
TYR01B0032_001 0.998 1.000 1.000 0.999 0.999
TYR-1B0032_002 0.002 0.000 0.000 0.001 0.001
HIS01B0033_001 0.325 0.335 0.337 0.335 0.344
HIS01B0033_002 0.196 0.186 0.189 0.186 0.183
HIS02B0033_003 0.215 0.212 0.214 0.218 0.207
HIS02B0033_004 0.217 0.223 0.216 0.217 0.218
HIS+1B0033_005 0.016 0.014 0.015 0.015 0.015
HIS+1B0033_006 0.030 0.030 0.030 0.029 0.032
LYS01B0034_001 0.005 0.003 0.005 0.004 0.004
LYS+1B0034_002 0.995 0.997 0.995 0.996 0.996
LEU01B0035_001 1.000 1.000 1.000 1.000 1.000
ALA01B0036_001 1.000 1.000 1.000 1.000 1.000
ASP01B0037_001 0.000 0.000 0.000 0.000 0.000
ASP01B0037_002 0.000 0.000 0.000 0.000 0.000
ASP02B0037_003 0.000 0.000 0.000 0.000 0.000
ASP02B0037_004 0.000 0.000 0.000 0.000 0.000
ASP-1B0037_005 1.000 1.000 1.000 1.000 1.000
LEU01B0038_001 1.000 1.000 1.000 1.000 1.000
ARG01B0039_001 0.000 0.000 0.000 0.000 0.000
ARG02B0039_002 0.000 0.000 0.000 0.000 0.000
ARG03B0039_003 0.000 0.000 0.000 0.000 0.000
ARG+1B0039_004 1.000 1.000 1.000 1.000 1.000
TYR01B0040_001 0.945 0.943 0.944 0.943 0.945
TYR-1B0040_002 0.055 0.057 0.056 0.057 0.055
LEU01B0041_001 1.000 1.000 1.000 1.000 1.000
SER01B0042_001 1.000 1.000 1.000 1.000 1.000
ARG01B0043_001 0.000 0.000 0.000 0.000 0.000
ARG02B0043_002 0.000 0.000 0.000 0.000 0.000
ARG02B0043_003 0.000 0.000 0.000 0.000 0.000
ARG03B0043_004 0.000 0.000 0.000 0.000 0.000
ARG+1B0043_005 1.000 1.000 1.000 1.000 1.000
ALA01B0045_001 1.000 1.000 1.000 1.000 1.000
SER01B0046_001 0.258 0.257 0.262 0.257 0.253
SER01B0046_002 0.742 0.743 0.738 0.743 0.747
THR01B0048_001 1.000 1.000 1.000 1.000 1.000
VAL01B0049_001 1.000 1.000 1.000 1.000 1.000
SER01B0050_001 0.161 0.159 0.160 0.164 0.162
SER01B0050_002 0.839 0.841 0.840 0.836 0.838
SER01B0051_001 0.108 0.105 0.107 0.105 0.109
SER01B0051_002 0.892 0.895 0.893 0.895 0.891
ALA01B0052_001 1.000 1.000 1.000 1.000 1.000
ARG01B0053_001 0.000 0.000 0.000 0.000 0.000
ARG02B0053_002 0.000 0.000 0.000 0.000 0.000
ARG02B0053_003 0.000 0.000 0.000 0.000 0.000
ARG03B0053_004 0.000 0.000 0.000 0.000 0.000
ARG+1B0053_005 1.000 1.000 1.000 1.000 1.000
HIS01B0054_001 1.000 1.000 1.000 1.000 1.000
HIS01B0054_002 0.000 0.000 0.000 0.000 0.000
HIS02B0054_003 0.000 0.000 0.000 0.000 0.000
HIS02B0054_004 0.000 0.000 0.000 0.000 0.000
HIS+1B0054_005 0.000 0.000 0.000 0.000 0.000
HIS+1B0054_006 0.000 0.000 0.000 0.000 0.000
ALA01B0055_001 1.000 1.000 1.000 1.000 1.000
ASP01B0056_001 0.000 0.000 0.000 0.000 0.000
ASP01B0056_002 0.000 0.000 0.000 0.000 0.000
ASP02B0056_003 0.000 0.000 0.000 0.000 0.000
ASP02B0056_004 0.000 0.000 0.000 0.000 0.000
ASP-1B0056_005 1.000 1.000 1.000 1.000 1.000
TRP01B0057_001 1.000 1.000 1.000 1.000 1.000
ARG01B0058_001 0.000 0.000 0.000 0.000 0.000
ARG02B0058_002 0.000 0.000 0.000 0.000 0.000
ARG03B0058_003 0.000 0.000 0.000 0.000 0.000
ARG03B0058_004 0.000 0.000 0.000 0.000 0.000
ARG+1B0058_005 1.000 1.000 1.000 1.000 1.000
VAL01B0059_001 1.000 1.000 1.000 1.000 1.000
GLN01B0060_001 0.452 0.453 0.458 0.456 0.451
GLN01B0060_002 0.548 0.547 0.542 0.544 0.549
VAL01B0061_001 1.000 1.000 1.000 1.000 1.000
ALA01B0062_001 1.000 1.000 1.000 1.000 1.000
VAL01B0063_001 1.000 1.000 1.000 1.000 1.000
LYS01B0064_001 0.990 0.989 0.992 0.990 0.990
LYS+1B0064_002 0.010 0.011 0.008 0.010 0.010
HIS01B0065_001 0.100 0.100 0.100 0.098 0.096
HIS02B0065_002 0.897 0.897 0.900 0.902 0.901
HIS+1B0065_003 0.003 0.004 0.000 0.000 0.003
LEU01B0066_001 1.000 1.000 1.000 1.000 1.000
HIS01B0067_001 0.000 0.001 0.000 0.000 0.000
HIS01B0067_002 0.094 0.093 0.091 0.092 0.094
HIS02B0067_003 0.003 0.004 0.000 0.004 0.005
HIS02B0067_004 0.666 0.677 0.677 0.673 0.670
HIS+1B0067_005 0.002 0.000 0.000 0.000 0.002
HIS+1B0067_006 0.235 0.225 0.232 0.232 0.229
ILE01B0068_001 1.000 1.000 1.000 1.000 1.000
HIS01B0069_001 0.000 0.000 0.000 0.000 0.000
HIS01B0069_002 0.810 0.804 0.812 0.816 0.814
HIS02B0069_003 0.000 0.000 0.000 0.000 0.000
HIS02B0069_004 0.175 0.179 0.171 0.169 0.169
HIS+1B0069_005 0.000 0.000 0.000 0.000 0.000
HIS+1B0069_006 0.015 0.017 0.017 0.015 0.017
THR01B0070_001 0.000 0.000 0.000 0.000 0.000
THR01B0070_002 0.000 0.000 0.001 0.001 0.001
THR01B0070_003 1.000 1.000 0.999 0.999 0.999
PRO01B0071_001 1.000 1.000 1.000 1.000 1.000
LEU01B0072_001 1.000 1.000 1.000 1.000 1.000
LEU01B0073_001 1.000 1.000 1.000 1.000 1.000
ASP01B0074_001 0.000 0.000 0.000 0.000 0.000
ASP01B0074_002 0.000 0.000 0.000 0.000 0.000
ASP02B0074_003 0.000 0.000 0.000 0.000 0.000
ASP02B0074_004 0.000 0.000 0.000 0.000 0.000
ASP-1B0074_005 1.000 1.000 1.000 1.000 1.000
SER01B0075_001 1.000 1.000 1.000 1.000 1.000
GLU01B0076_001 0.008 0.007 0.009 0.009 0.009
GLU01B0076_002 0.056 0.053 0.058 0.054 0.058
GLU02B0076_003 0.000 0.000 0.000 0.000 0.000
GLU02B0076_004 0.003 0.002 0.000 0.002 0.002
GLU-1B0076_005 0.933 0.938 0.933 0.935 0.930
ARG01B0077_001 0.000 0.000 0.000 0.000 0.000
ARG02B0077_002 0.000 0.000 0.000 0.000 0.000
ARG03B0077_003 0.000 0.000 0.000 0.000 0.000
ARG+1B0077_004 1.000 1.000 1.000 1.000 1.000
LYS01B0078_001 0.013 0.011 0.011 0.012 0.011
LYS+1B0078_002 0.987 0.989 0.989 0.988 0.989
ASP01B0079_001 0.000 0.000 0.001 0.000 0.000
ASP01B0079_002 0.011 0.012 0.007 0.010 0.010
ASP02B0079_003 0.000 0.000 0.000 0.000 0.000
ASP02B0079_004 0.000 0.000 0.000 0.000 0.000
ASP-1B0079_005 0.989 0.988 0.993 0.990 0.990
VAL01B0080_001 1.000 1.000 1.000 1.000 1.000
LEU01B0081_001 1.000 1.000 1.000 1.000 1.000
ARG01B0082_001 0.000 0.000 0.000 0.000 0.000
ARG02B0082_002 0.000 0.000 0.000 0.000 0.000
ARG03B0082_003 0.000 0.000 0.000 0.000 0.000
ARG+1B0082_004 1.000 1.000 1.000 1.000 1.000
GLU01B0083_001 0.008 0.009 0.009 0.010 0.010
GLU01B0083_002 0.185 0.181 0.176 0.187 0.179
GLU02B0083_003 0.000 0.000 0.000 0.000 0.000
GLU02B0083_004 0.000 0.000 0.000 0.000 0.000
GLU-1B0083_005 0.807 0.810 0.815 0.803 0.810
ALA01B0084_001 1.000 1.000 1.000 1.000 1.000
GLU01B0085_001 0.000 0.000 0.000 0.000 0.000
GLU01B0085_002 0.000 0.000 0.000 0.000 0.000
GLU02B0085_003 0.000 0.000 0.000 0.000 0.000
GLU02B0085_004 0.000 0.000 0.000 0.000 0.000
GLU-1B0085_005 1.000 1.000 1.000 1.000 1.000
ILE01B0086_001 1.000 1.000 1.000 1.000 1.000
LEU01B0087_001 1.000 1.000 1.000 1.000 1.000
HIS01B0088_001 0.077 0.074 0.080 0.073 0.073
HIS01B0088_002 0.538 0.531 0.527 0.545 0.542
HIS02B0088_003 0.111 0.108 0.111 0.109 0.108
HIS02B0088_004 0.274 0.274 0.272 0.261 0.266
HIS+1B0088_005 0.000 0.000 0.000 0.000 0.000
HIS+1B0088_006 0.000 0.012 0.011 0.012 0.011
LYS01B0089_001 0.009 0.010 0.010 0.009 0.010
LYS+1B0089_002 0.991 0.990 0.990 0.991 0.990
ALA01B0090_001 1.000 1.000 1.000 1.000 1.000
ARG01B0091_001 0.000 0.000 0.000 0.000 0.000
ARG02B0091_002 0.000 0.000 0.000 0.000 0.000
ARG03B0091_003 0.000 0.000 0.000 0.000 0.000
ARG03B0091_004 0.000 0.000 0.000 0.000 0.000
ARG+1B0091_005 1.000 1.000 1.000 1.000 1.000
PHE01B0092_001 1.000 1.000 1.000 1.000 1.000
SER01B0093_001 0.049 0.051 0.050 0.050 0.049
SER01B0093_002 0.300 0.295 0.290 0.300 0.299
SER01B0093_003 0.651 0.653 0.660 0.650 0.652
TYR01B0094_001 1.000 1.000 1.000 1.000 1.000
TYR-1B0094_002 0.000 0.000 0.000 0.000 0.000
ILE01B0095_001 1.000 1.000 1.000 1.000 1.000
LEU01B0096_001 1.000 1.000 1.000 1.000 1.000
PRO01B0097_001 1.000 1.000 1.000 1.000 1.000
ILE01B0098_001 1.000 1.000 1.000 1.000 1.000
LEU01B0099_001 1.000 1.000 1.000 1.000 1.000
ILE01B0101_001 1.000 1.000 1.000 1.000 1.000
CYS01B0102_001 0.790 0.783 0.787 0.784 0.796
CYS01B0102_002 0.108 0.115 0.111 0.110 0.106
CYS01B0102_003 0.101 0.102 0.102 0.106 0.098
CYS-1B0102_004 0.000 0.000 0.000 0.000 0.000
ASN01B0103_001 0.894 0.894 0.898 0.900 0.896
ASN01B0103_002 0.106 0.106 0.102 0.100 0.104
GLU01B0104_001 0.000 0.000 0.000 0.000 0.000
GLU01B0104_002 0.000 0.000 0.000 0.000 0.000
GLU02B0104_003 0.000 0.000 0.000 0.000 0.000
GLU02B0104_004 0.000 0.000 0.000 0.000 0.000
GLU-1B0104_005 1.000 1.000 1.000 1.000 1.000
PRO01B0105_001 1.000 1.000 1.000 1.000 1.000
GLU01B0106_001 0.000 0.000 0.000 0.000 0.000
GLU01B0106_002 0.000 0.000 0.000 0.000 0.000
GLU02B0106_003 0.000 0.000 0.000 0.000 0.000
GLU02B0106_004 0.000 0.000 0.000 0.000 0.000
GLU-1B0106_005 1.000 1.000 1.000 1.000 1.000
PHE01B0107_001 1.000 1.000 1.000 1.000 1.000
LEU01B0108_001 1.000 1.000 1.000 1.000 1.000
ILE01B0110_001 1.000 1.000 1.000 1.000 1.000
VAL01B0111_001 1.000 1.000 1.000 1.000 1.000
THR01B0112_001 0.019 0.019 0.018 0.019 0.020
THR01B0112_002 0.829 0.830 0.829 0.828 0.826
THR01B0112_003 0.153 0.151 0.153 0.153 0.154
GLU01B0113_001 0.000 0.000 0.000 0.000 0.000
GLU01B0113_002 0.004 0.003 0.003 0.004 0.003
GLU02B0113_003 0.000 0.000 0.000 0.000 0.000
GLU02B0113_004 0.004 0.003 0.004 0.003 0.003
GLU-1B0113_005 0.992 0.994 0.993 0.993 0.994
TYR01B0114_001 1.000 1.000 1.000 1.000 0.999
TYR-1B0114_002 0.000 0.000 0.000 0.000 0.001
MET01B0115_001 1.000 1.000 1.000 1.000 1.000
PRO01B0116_001 1.000 1.000 1.000 1.000 1.000
ASN01B0117_001 0.994 0.995 0.994 0.994 0.994
ASN01B0117_002 0.006 0.005 0.006 0.006 0.006
SER01B0119_001 0.994 0.994 0.993 0.994 0.993
SER01B0119_002 0.006 0.006 0.007 0.006 0.007
LEU01B0120_001 1.000 1.000 1.000 1.000 1.000
ASN01B0121_001 0.938 0.936 0.940 0.933 0.937
ASN01B0121_002 0.062 0.064 0.060 0.067 0.063
GLU01B0122_001 0.000 0.000 0.000 0.000 0.000
GLU01B0122_002 0.000 0.000 0.000 0.000 0.000
GLU02B0122_003 0.000 0.000 0.000 0.000 0.000
GLU02B0122_004 0.000 0.000 0.000 0.000 0.000
GLU-1B0122_005 1.000 1.000 1.000 1.000 1.000
LEU01B0123_001 1.000 1.000 1.000 1.000 1.000
LEU01B0124_001 1.000 1.000 1.000 1.000 1.000
HIS01B0125_001 0.376 0.392 0.390 0.387 0.383
HIS02B0125_002 0.562 0.553 0.546 0.557 0.559
HIS+1B0125_003 0.062 0.056 0.063 0.056 0.058
ARG01B0126_001 0.000 0.000 0.000 0.000 0.000
ARG02B0126_002 0.000 0.000 0.000 0.000 0.000
ARG02B0126_003 0.000 0.000 0.000 0.000 0.000
ARG03B0126_004 0.000 0.000 0.000 0.000 0.000
ARG+1B0126_005 1.000 1.000 1.000 1.000 1.000
LYS01B0127_001 0.000 0.001 0.001 0.001 0.000
LYS+1B0127_002 1.000 0.999 0.999 0.999 1.000
THR01B0128_001 1.000 1.000 1.000 1.000 1.000
GLU01B0129_001 0.000 0.000 0.000 0.000 0.000
GLU01B0129_002 0.000 0.002 0.000 0.001 0.000
GLU02B0129_003 0.000 0.000 0.000 0.000 0.000
GLU02B0129_004 0.002 0.001 0.000 0.000 0.000
GLU-1B0129_005 0.998 0.998 1.000 0.998 1.000
TYR01B0130_001 0.305 0.303 0.297 0.296 0.302
TYR01B0130_002 0.695 0.697 0.703 0.704 0.698
TYR-1B0130_003 0.000 0.000 0.000 0.000 0.000
PRO01B0131_001 1.000 1.000 1.000 1.000 1.000
ASP01B0132_001 0.000 0.000 0.000 0.000 0.000
ASP01B0132_002 0.000 0.000 0.000 0.000 0.000
ASP02B0132_003 0.000 0.000 0.000 0.000 0.000
ASP02B0132_004 0.000 0.000 0.000 0.000 0.001
ASP-1B0132_005 1.000 1.000 1.000 1.000 0.999
VAL01B0133_001 1.000 1.000 1.000 1.000 1.000
ALA01B0134_001 1.000 1.000 1.000 1.000 1.000
TRP01B0135_001 1.000 1.000 1.000 1.000 1.000
PRO01B0136_001 1.000 1.000 1.000 1.000 1.000
LEU01B0137_001 1.000 1.000 1.000 1.000 1.000
ARG01B0138_001 0.000 0.000 0.000 0.000 0.000
ARG02B0138_002 0.000 0.000 0.000 0.000 0.000
ARG03B0138_003 0.000 0.000 0.000 0.000 0.000
ARG+1B0138_004 1.000 1.000 1.000 1.000 1.000
PHE01B0139_001 1.000 1.000 1.000 1.000 1.000
ARG01B0140_001 0.000 0.000 0.000 0.000 0.000
ARG02B0140_002 0.000 0.000 0.000 0.000 0.000
ARG03B0140_003 0.000 0.000 0.000 0.000 0.000
ARG03B0140_004 0.000 0.000 0.000 0.000 0.000
ARG+1B0140_005 1.000 1.000 1.000 1.000 1.000
ILE01B0141_001 1.000 1.000 1.000 1.000 1.000
LEU01B0142_001 1.000 1.000 1.000 1.000 1.000
HIS01B0143_001 0.205 0.206 0.207 0.214 0.204
HIS01B0143_002 0.098 0.098 0.099 0.091 0.095
HIS02B0143_003 0.142 0.143 0.142 0.142 0.144
HIS02B0143_004 0.521 0.510 0.508 0.513 0.521
HIS+1B0143_005 0.030 0.043 0.044 0.041 0.034
HIS+1B0143_006 0.004 0.000 0.000 0.000 0.003
GLU01B0144_001 0.001 0.000 0.000 0.001 0.000
GLU01B0144_002 0.075 0.078 0.079 0.080 0.078
GLU02B0144_003 0.045 0.041 0.043 0.044 0.045
GLU02B0144_004 0.342 0.322 0.347 0.325 0.334
GLU-1B0144_005 0.537 0.559 0.531 0.551 0.542
ILE01B0145_001 1.000 1.000 1.000 1.000 1.000
ALA01B0146_001 1.000 1.000 1.000 1.000 1.000
LEU01B0147_001 1.000 1.000 1.000 1.000 1.000
VAL01B0149_001 1.000 1.000 1.000 1.000 1.000
ASN01B0150_001 0.997 1.000 0.997 0.998 1.000
ASN01B0150_002 0.003 0.000 0.003 0.002 0.000
TYR01B0151_001 1.000 1.000 1.000 1.000 1.000
TYR-1B0151_002 0.000 0.000 0.000 0.000 0.000
LEU01B0152_001 1.000 1.000 1.000 1.000 1.000
HIS01B0153_001 0.008 0.007 0.007 0.007 0.009
HIS02B0153_002 0.992 0.993 0.993 0.993 0.991
HIS+1B0153_003 0.000 0.000 0.000 0.000 0.000
ASN01B0154_001 0.900 0.904 0.902 0.900 0.904
ASN01B0154_002 0.100 0.096 0.098 0.100 0.096
MET01B0155_001 1.000 1.000 1.000 1.000 1.000
THR01B0156_001 1.000 1.000 1.000 1.000 1.000
PRO01B0157_001 1.000 1.000 1.000 1.000 1.000
PRO01B0158_001 1.000 1.000 1.000 1.000 1.000
LEU01B0159_001 1.000 1.000 1.000 1.000 1.000
LEU01B0160_001 1.000 1.000 1.000 1.000 1.000
HIS01B0161_001 1.000 1.000 1.000 1.000 1.000
HIS02B0161_002 0.000 0.000 0.000 0.000 0.000
HIS+1B0161_003 0.000 0.000 0.000 0.000 0.000
HIS01B0162_001 0.093 0.099 0.094 0.093 0.096
HIS01B0162_002 0.860 0.853 0.859 0.860 0.857
HIS02B0162_003 0.047 0.048 0.047 0.047 0.048
HIS02B0162_004 0.000 0.000 0.000 0.000 0.000
HIS+1B0162_005 0.000 0.000 0.000 0.000 0.000
HIS+1B0162_006 0.000 0.000 0.000 0.000 0.000
ASP01B0163_001 0.002 0.002 0.002 0.000 0.002
ASP01B0163_002 0.035 0.044 0.042 0.043 0.038
ASP02B0163_003 0.004 0.005 0.004 0.004 0.002
ASP02B0163_004 0.062 0.072 0.067 0.066 0.059
ASP-1B0163_005 0.898 0.878 0.885 0.887 0.899
LEU01B0164_001 1.000 1.000 1.000 1.000 1.000
LYS01B0165_001 0.000 0.000 0.000 0.000 0.000
LYS+1B0165_002 1.000 1.000 1.000 1.000 1.000
THR01B0166_001 0.051 0.048 0.045 0.046 0.053
THR01B0166_002 0.017 0.016 0.015 0.018 0.016
THR01B0166_003 0.932 0.936 0.940 0.936 0.931
GLN01B0167_001 1.000 1.000 1.000 1.000 1.000
ASN01B0168_001 0.998 0.998 0.998 0.997 0.997
ASN01B0168_002 0.002 0.002 0.002 0.003 0.003
ILE01B0169_001 1.000 1.000 1.000 1.000 1.000
LEU01B0170_001 1.000 1.000 1.000 1.000 1.000
LEU01B0171_001 1.000 1.000 1.000 1.000 1.000
ASP01B0172_001 0.000 0.000 0.000 0.000 0.000
ASP01B0172_002 0.000 0.000 0.000 0.000 0.000
ASP02B0172_003 0.000 0.000 0.000 0.000 0.000
ASP02B0172_004 0.004 0.000 0.003 0.000 0.000
ASP-1B0172_005 0.996 1.000 0.997 1.000 1.000
ASN01B0173_001 0.582 0.582 0.578 0.580 0.580
ASN01B0173_002 0.418 0.418 0.422 0.420 0.420
GLU01B0174_001 0.000 0.000 0.000 0.000 0.000
GLU01B0174_002 0.082 0.082 0.076 0.073 0.075
GLU02B0174_003 0.013 0.012 0.012 0.012 0.012
GLU02B0174_004 0.614 0.612 0.624 0.626 0.606
GLU-1B0174_005 0.291 0.293 0.288 0.288 0.306
PHE01B0175_001 1.000 1.000 1.000 1.000 1.000
HIS01B0176_001 0.975 0.976 0.979 0.976 0.974
HIS02B0176_002 0.025 0.024 0.021 0.024 0.023
HIS+1B0176_003 0.000 0.000 0.000 0.000 0.003
VAL01B0177_001 1.000 1.000 1.000 1.000 1.000
LYS01B0178_001 0.000 0.000 0.000 0.000 0.000
LYS+1B0178_002 1.000 1.000 1.000 1.000 1.000
ILE01B0179_001 1.000 1.000 1.000 1.000 1.000
ALA01B0180_001 1.000 1.000 1.000 1.000 1.000
ASP01B0181_001 0.000 0.000 0.000 0.000 0.000
ASP01B0181_002 0.452 0.451 0.456 0.451 0.459
ASP02B0181_003 0.000 0.000 0.000 0.000 0.000
ASP02B0181_004 0.000 0.000 0.000 0.000 0.000
ASP-1B0181_005 0.548 0.549 0.544 0.549 0.541
PHE01B0182_001 1.000 1.000 1.000 1.000 1.000
LEU01B0184_001 1.000 1.000 1.000 1.000 1.000
SER01B0185_001 0.995 0.994 0.995 0.994 0.995
SER01B0185_002 0.005 0.006 0.005 0.006 0.005
LYS01B0186_001 0.004 0.004 0.004 0.004 0.004
LYS+1B0186_002 0.996 0.996 0.996 0.996 0.996
TRP01B0187_001 1.000 1.000 1.000 1.000 1.000
CYS01B0188_001 0.335 0.333 0.337 0.332 0.335
CYS01B0188_002 0.382 0.371 0.378 0.379 0.375
CYS01B0188_003 0.149 0.159 0.151 0.153 0.154
CYS-1B0188_004 0.135 0.137 0.134 0.136 0.136
MET01B0189_001 1.000 1.000 1.000 1.000 1.000
MET01B0190_001 1.000 1.000 1.000 1.000 1.000
SER01B0191_001 1.000 1.000 1.000 1.000 1.000
LEU01B0192_001 1.000 1.000 1.000 1.000 1.000
SER01B0193_001 1.000 1.000 1.000 1.000 1.000
GLN01B0194_001 0.000 0.000 0.000 0.000 0.000
GLN01B0194_002 1.000 1.000 1.000 1.000 1.000
SER01B0195_001 0.008 0.009 0.007 0.008 0.008
SER01B0195_002 0.992 0.991 0.993 0.992 0.992
ARG01B0196_001 0.000 0.000 0.000 0.000 0.000
ARG02B0196_002 0.000 0.000 0.000 0.000 0.000
ARG03B0196_003 0.000 0.000 0.000 0.000 0.000
ARG+1B0196_004 1.000 1.000 1.000 1.000 1.000
SER01B0197_001 0.043 0.040 0.044 0.042 0.040
SER01B0197_002 0.957 0.960 0.956 0.958 0.960
SER01B0198_001 1.000 1.000 1.000 1.000 1.000
LYS01B0199_001 0.002 0.000 0.000 0.001 0.003
LYS+1B0199_002 0.998 1.000 1.000 0.999 0.997
SER01B0200_001 1.000 1.000 1.000 1.000 1.000
ALA01B0201_001 1.000 1.000 1.000 1.000 1.000
PRO01B0202_001 1.000 1.000 1.000 1.000 1.000
GLU01B0203_001 0.000 0.000 0.000 0.001 0.000
GLU01B0203_002 0.013 0.013 0.013 0.012 0.014
GLU02B0203_003 0.000 0.000 0.000 0.000 0.000
GLU02B0203_004 0.000 0.000 0.000 0.000 0.000
GLU-1B0203_005 0.987 0.987 0.987 0.987 0.986
THR01B0206_001 0.386 0.384 0.391 0.386 0.383
THR01B0206_002 0.614 0.616 0.609 0.614 0.617
ILE01B0207_001 1.000 1.000 1.000 1.000 1.000
ILE01B0208_001 1.000 1.000 1.000 1.000 1.000
TYR01B0209_001 0.153 0.151 0.152 0.155 0.156
TYR01B0209_002 0.847 0.849 0.848 0.845 0.844
TYR-1B0209_003 0.000 0.000 0.000 0.000 0.000
MET01B0210_001 1.000 1.000 1.000 1.000 1.000
PRO01B0211_001 1.000 1.000 1.000 1.000 1.000
PRO01B0212_001 1.000 1.000 1.000 1.000 1.000
GLU01B0213_001 0.000 0.000 0.000 0.000 0.000
GLU01B0213_002 0.001 0.000 0.000 0.000 0.000
GLU02B0213_003 0.000 0.000 0.000 0.000 0.000
GLU02B0213_004 0.002 0.003 0.003 0.000 0.003
GLU-1B0213_005 0.997 0.997 0.997 1.000 0.997
ASN01B0214_001 0.997 1.000 0.997 0.998 0.997
ASN01B0214_002 0.003 0.000 0.003 0.002 0.003
TYR01B0215_001 1.000 1.000 1.000 1.000 1.000
TYR-1B0215_002 0.000 0.000 0.000 0.000 0.000
GLU01B0216_001 0.000 0.000 0.000 0.000 0.000
GLU01B0216_002 0.000 0.000 0.000 0.000 0.000
GLU02B0216_003 0.000 0.000 0.000 0.000 0.000
GLU02B0216_004 0.000 0.000 0.000 0.000 0.000
GLU-1B0216_005 1.000 1.000 1.000 1.000 1.000
PRO01B0217_001 1.000 1.000 1.000 1.000 1.000
GLN01B0219_001 1.000 1.000 1.000 1.000 1.000
LYS01B0220_001 0.000 0.000 0.000 0.000 0.000
LYS+1B0220_002 1.000 1.000 1.000 1.000 1.000
SER01B0221_001 1.000 1.000 1.000 1.000 1.000
ARG01B0222_001 0.000 0.000 0.000 0.000 0.000
ARG02B0222_002 0.000 0.000 0.000 0.000 0.000
ARG03B0222_003 0.000 0.000 0.000 0.000 0.000
ARG+1B0222_004 1.000 1.000 1.000 1.000 1.000
ALA01B0223_001 1.000 1.000 1.000 1.000 1.000
SER01B0224_001 1.000 1.000 1.000 1.000 1.000
ILE01B0225_001 1.000 1.000 1.000 1.000 1.000
LYS01B0226_001 0.002 0.000 0.000 0.002 0.002
LYS+1B0226_002 0.998 1.000 1.000 0.998 0.998
HIS01B0227_001 0.000 0.000 0.000 0.000 0.000
HIS01B0227_002 0.603 0.593 0.596 0.592 0.596
HIS02B0227_003 0.007 0.007 0.006 0.007 0.007
HIS02B0227_004 0.390 0.400 0.398 0.401 0.397
HIS+1B0227_005 0.000 0.000 0.000 0.000 0.000
HIS+1B0227_006 0.000 0.000 0.000 0.001 0.000
ASP01B0228_001 0.000 0.000 0.000 0.000 0.000
ASP01B0228_002 0.000 0.000 0.000 0.000 0.000
ASP02B0228_003 0.000 0.000 0.000 0.000 0.000
ASP02B0228_004 0.000 0.000 0.000 0.000 0.000
ASP-1B0228_005 1.000 1.000 1.000 1.000 1.000
ILE01B0229_001 1.000 1.000 1.000 1.000 1.000
TYR01B0230_001 0.902 0.901 0.897 0.899 0.896
TYR01B0230_002 0.098 0.099 0.103 0.101 0.104
TYR-1B0230_003 0.000 0.000 0.000 0.000 0.000
SER01B0231_001 0.979 0.980 0.979 0.979 0.980
SER01B0231_002 0.021 0.020 0.021 0.021 0.020
TYR01B0232_001 0.851 0.849 0.844 0.847 0.848
TYR01B0232_002 0.149 0.151 0.156 0.153 0.152
TYR-1B0232_003 0.000 0.000 0.000 0.000 0.000
ALA01B0233_001 1.000 1.000 1.000 1.000 1.000
VAL01B0234_001 1.000 1.000 1.000 1.000 1.000
ILE01B0235_001 1.000 1.000 1.000 1.000 1.000
THR01B0236_001 0.021 0.022 0.022 0.021 0.026
THR01B0236_002 0.979 0.978 0.978 0.979 0.974
TRP01B0237_001 1.000 1.000 1.000 1.000 1.000
GLU01B0238_001 0.000 0.000 0.000 0.000 0.000
GLU01B0238_002 0.023 0.026 0.021 0.023 0.026
GLU02B0238_003 0.013 0.010 0.011 0.011 0.010
GLU02B0238_004 0.901 0.908 0.905 0.910 0.906
GLU-1B0238_005 0.062 0.056 0.064 0.057 0.058
VAL01B0239_001 1.000 1.000 1.000 1.000 1.000
LEU01B0240_001 1.000 1.000 1.000 1.000 1.000
SER01B0241_001 0.510 0.500 0.506 0.512 0.508
SER01B0241_002 0.000 0.000 0.000 0.000 0.000
SER01B0241_003 0.490 0.500 0.494 0.488 0.492
ARG01B0242_001 0.000 0.000 0.000 0.000 0.000
ARG02B0242_002 0.000 0.000 0.000 0.000 0.000
ARG03B0242_003 0.000 0.000 0.000 0.000 0.000
ARG03B0242_004 0.000 0.000 0.000 0.000 0.000
ARG+1B0242_005 1.000 1.000 1.000 1.000 1.000
LYS01B0243_001 0.000 0.000 0.000 0.000 0.000
LYS+1B0243_002 1.000 1.000 1.000 1.000 1.000
GLN01B0244_001 0.867 0.872 0.868 0.870 0.868
GLN01B0244_002 0.133 0.128 0.132 0.130 0.132
PRO01B0245_001 1.000 1.000 1.000 1.000 1.000
PHE01B0246_001 1.000 1.000 1.000 1.000 1.000
GLU01B0247_001 0.000 0.000 0.000 0.000 0.000
GLU01B0247_002 0.000 0.000 0.000 0.000 0.000
GLU02B0247_003 0.000 0.000 0.000 0.000 0.000
GLU02B0247_004 0.000 0.000 0.002 0.000 0.000
GLU-1B0247_005 1.000 1.000 0.998 1.000 1.000
ASP01B0248_001 0.000 0.000 0.000 0.000 0.000
ASP01B0248_002 0.000 0.000 0.000 0.000 0.000
ASP02B0248_003 0.000 0.000 0.000 0.000 0.000
ASP02B0248_004 0.000 0.000 0.000 0.000 0.000
ASP-1B0248_005 1.000 1.000 1.000 1.000 1.000
VAL01B0249_001 1.000 1.000 1.000 1.000 1.000
THR01B0250_001 1.000 1.000 1.000 1.000 1.000
ASN01B0251_001 1.000 1.000 1.000 1.000 1.000
PRO01B0252_001 1.000 1.000 1.000 1.000 1.000
LEU01B0253_001 1.000 1.000 1.000 1.000 1.000
GLN01B0254_001 0.000 0.000 0.000 0.000 0.000
GLN01B0254_002 1.000 1.000 1.000 1.000 1.000
ILE01B0255_001 1.000 1.000 1.000 1.000 1.000
MET01B0256_001 1.000 1.000 1.000 1.000 1.000
TYR01B0257_001 0.566 0.572 0.559 0.569 0.566
TYR01B0257_002 0.434 0.428 0.440 0.431 0.434
TYR-1B0257_003 0.000 0.000 0.001 0.000 0.000
SER01B0258_001 0.265 0.265 0.264 0.266 0.272
SER01B0258_002 0.210 0.203 0.207 0.207 0.209
SER01B0258_003 0.525 0.531 0.528 0.527 0.519
VAL01B0259_001 1.000 1.000 1.000 1.000 1.000
SER01B0260_001 0.096 0.094 0.094 0.095 0.091
SER01B0260_002 0.469 0.467 0.468 0.467 0.468
SER01B0260_003 0.435 0.439 0.438 0.439 0.441
GLN01B0261_001 0.785 0.783 0.786 0.782 0.784
GLN01B0261_002 0.215 0.217 0.214 0.218 0.216
HIS01B0263_001 0.271 0.287 0.275 0.280 0.274
HIS01B0263_002 0.082 0.082 0.082 0.082 0.081
HIS02B0263_003 0.356 0.361 0.354 0.349 0.352
HIS02B0263_004 0.073 0.071 0.069 0.070 0.073
HIS+1B0263_005 0.182 0.167 0.184 0.185 0.185
HIS+1B0263_006 0.036 0.032 0.036 0.034 0.036
ARG01B0264_001 0.000 0.000 0.000 0.000 0.000
ARG02B0264_002 0.000 0.000 0.000 0.000 0.000
ARG03B0264_003 0.000 0.000 0.000 0.000 0.000
ARG03B0264_004 0.000 0.000 0.000 0.000 0.000
ARG+1B0264_005 1.000 1.000 1.000 1.000 1.000
PRO01B0265_001 1.000 1.000 1.000 1.000 1.000
VAL01B0266_001 1.000 1.000 1.000 1.000 1.000
ILE01B0267_001 1.000 1.000 1.000 1.000 1.000
ASN01B0268_001 1.000 1.000 1.000 1.000 1.000
GLU01B0269_001 0.000 0.000 0.000 0.000 0.000
GLU01B0269_002 0.000 0.000 0.000 0.000 0.000
GLU02B0269_003 0.000 0.000 0.000 0.000 0.000
GLU02B0269_004 0.000 0.000 0.000 0.000 0.001
GLU-1B0269_005 1.000 1.000 1.000 1.000 0.999
GLU01B0270_001 0.000 0.000 0.000 0.000 0.000
GLU01B0270_002 0.000 0.000 0.000 0.000 0.000
GLU02B0270_003 0.000 0.000 0.000 0.000 0.000
GLU02B0270_004 0.000 0.000 0.000 0.002 0.002
GLU-1B0270_005 1.000 1.000 1.000 0.998 0.998
SER01B0271_001 1.000 1.000 1.000 1.000 1.000
LEU01B0272_001 1.000 1.000 1.000 1.000 1.000
PRO01B0273_001 1.000 1.000 1.000 1.000 1.000
TYR01B0274_001 0.454 0.453 0.453 0.456 0.460
TYR01B0274_002 0.546 0.547 0.547 0.542 0.540
TYR-1B0274_003 0.000 0.000 0.000 0.002 0.000
ASP01B0275_001 0.000 0.000 0.000 0.000 0.000
ASP01B0275_002 0.000 0.000 0.000 0.000 0.000
ASP02B0275_003 0.000 0.000 0.000 0.000 0.000
ASP02B0275_004 0.000 0.000 0.001 0.000 0.000
ASP-1B0275_005 1.000 1.000 0.998 1.000 1.000
ILE01B0276_001 1.000 1.000 1.000 1.000 1.000
PRO01B0277_001 1.000 1.000 1.000 1.000 1.000
HIS01B0278_001 0.564 0.552 0.559 0.565 0.561
HIS01B0278_002 0.033 0.033 0.034 0.031 0.035
HIS02B0278_003 0.350 0.357 0.353 0.360 0.350
HIS02B0278_004 0.046 0.051 0.048 0.044 0.047
HIS+1B0278_005 0.007 0.007 0.007 0.000 0.007
HIS+1B0278_006 0.000 0.000 0.000 0.000 0.000
ARG01B0279_001 0.000 0.000 0.000 0.000 0.000
ARG02B0279_002 0.000 0.000 0.000 0.000 0.000
ARG03B0279_003 0.000 0.000 0.000 0.000 0.000
ARG+1B0279_004 1.000 1.000 1.000 1.000 1.000
ALA01B0280_001 1.000 1.000 1.000 1.000 1.000
ARG01B0281_001 0.000 0.000 0.000 0.000 0.000
ARG02B0281_002 0.000 0.000 0.000 0.000 0.000
ARG03B0281_003 0.000 0.000 0.000 0.000 0.000
ARG+1B0281_004 1.000 1.000 1.000 1.000 1.000
MET01B0282_001 1.000 1.000 1.000 1.000 1.000
ILE01B0283_001 1.000 1.000 1.000 1.000 1.000
SER01B0284_001 1.000 1.000 1.000 1.000 1.000
LEU01B0285_001 1.000 1.000 1.000 1.000 1.000
ILE01B0286_001 1.000 1.000 1.000 1.000 1.000
GLU01B0287_001 0.000 0.000 0.000 0.000 0.000
GLU01B0287_002 0.002 0.002 0.006 0.000 0.000
GLU02B0287_003 0.000 0.000 0.000 0.000 0.000
GLU02B0287_004 0.007 0.007 0.000 0.012 0.012
GLU-1B0287_005 0.991 0.991 0.994 0.988 0.988
SER01B0288_001 0.120 0.123 0.119 0.119 0.118
SER01B0288_002 0.049 0.050 0.050 0.050 0.049
SER01B0288_003 0.831 0.827 0.831 0.831 0.833
TRP01B0290_001 1.000 1.000 1.000 1.000 1.000
ALA01B0291_001 1.000 1.000 1.000 1.000 1.000
GLN01B0292_001 1.000 1.000 1.000 1.000 1.000
ASN01B0293_001 1.000 1.000 1.000 1.000 1.000
ASN01B0293_002 0.000 0.000 0.000 0.000 0.000
PRO01B0294_001 1.000 1.000 1.000 1.000 1.000
ASP01B0295_001 0.000 0.000 0.000 0.000 0.000
ASP01B0295_002 0.000 0.000 0.000 0.000 0.000
ASP02B0295_003 0.000 0.000 0.000 0.000 0.000
ASP02B0295_004 0.000 0.000 0.000 0.000 0.000
ASP-1B0295_005 1.000 1.000 1.000 1.000 1.000
GLU01B0296_001 0.000 0.000 0.000 0.000 0.000
GLU01B0296_002 0.000 0.000 0.000 0.000 0.000
GLU02B0296_003 0.000 0.000 0.000 0.000 0.000
GLU02B0296_004 0.001 0.000 0.000 0.000 0.000
GLU-1B0296_005 0.999 1.000 1.000 1.000 1.000
ARG01B0297_001 0.000 0.000 0.000 0.000 0.000
ARG02B0297_002 0.000 0.000 0.000 0.000 0.000
ARG02B0297_003 0.000 0.000 0.000 0.000 0.000
ARG03B0297_004 0.000 0.000 0.000 0.000 0.000
ARG03B0297_005 0.000 0.000 0.000 0.000 0.000
ARG+1B0297_006 1.000 1.000 1.000 1.000 1.000
PRO01B0298_001 1.000 1.000 1.000 1.000 1.000
SER01B0299_001 1.000 1.000 1.000 1.000 1.000
SER01B0299_002 0.000 0.000 0.000 0.000 0.000
PHE01B0300_001 1.000 1.000 1.000 1.000 1.000
LEU01B0301_001 1.000 1.000 1.000 1.000 1.000
LYS01B0302_001 0.000 0.000 0.000 0.000 0.000
LYS+1B0302_002 1.000 1.000 1.000 1.000 1.000
CYS01B0303_001 0.241 0.234 0.239 0.238 0.244
CYS01B0303_002 0.509 0.521 0.518 0.513 0.510
CYS01B0303_003 0.250 0.245 0.243 0.249 0.246
CYS-1B0303_004 0.000 0.000 0.000 0.000 0.000
LEU01B0304_001 1.000 1.000 1.000 1.000 1.000
ILE01B0305_001 1.000 1.000 1.000 1.000 1.000
GLU01B0306_001 0.000 0.000 0.000 0.000 0.000
GLU01B0306_002 0.005 0.004 0.003 0.004 0.004
GLU02B0306_003 0.000 0.000 0.000 0.000 0.000
GLU02B0306_004 0.010 0.009 0.008 0.012 0.011
GLU-1B0306_005 0.985 0.988 0.989 0.984 0.985
LEU01B0307_001 1.000 1.000 1.000 1.000 1.000
GLU01B0308_001 0.000 0.000 0.000 0.000 0.000
GLU01B0308_002 0.005 0.005 0.004 0.004 0.005
GLU02B0308_003 0.000 0.000 0.000 0.000 0.000
GLU02B0308_004 0.005 0.007 0.004 0.006 0.007
GLU-1B0308_005 0.989 0.988 0.991 0.990 0.987
PRO01B0309_001 1.000 1.000 1.000 1.000 1.000
VAL01B0310_001 1.000 1.000 1.000 1.000 1.000
LEU01B0311_001 1.000 1.000 1.000 1.000 1.000
ARG01B0312_001 0.000 0.000 0.000 0.000 0.000
ARG02B0312_002 0.000 0.000 0.000 0.000 0.000
ARG03B0312_003 0.000 0.000 0.000 0.000 0.000
ARG+1B0312_004 1.000 1.000 1.000 1.000 1.000
THR01B0313_001 0.775 0.770 0.773 0.768 0.775
THR01B0313_002 0.047 0.050 0.045 0.046 0.045
THR01B0313_003 0.178 0.180 0.182 0.186 0.180
PHE01B0314_001 1.000 1.000 1.000 1.000 1.000
GLU01B0315_001 0.000 0.000 0.000 0.000 0.000
GLU01B0315_002 0.000 0.000 0.000 0.000 0.000
GLU02B0315_003 0.000 0.000 0.000 0.000 0.000
GLU02B0315_004 0.000 0.000 0.000 0.000 0.000
GLU-1B0315_005 1.000 1.000 1.000 1.000 1.000
GLU01B0316_001 0.000 0.000 0.000 0.000 0.000
GLU01B0316_002 0.002 0.002 0.000 0.000 0.000
GLU02B0316_003 0.000 0.000 0.000 0.000 0.000
GLU02B0316_004 0.006 0.006 0.008 0.009 0.010
GLU-1B0316_005 0.992 0.992 0.992 0.991 0.990
ILE01B0317_001 1.000 1.000 1.000 1.000 1.000
THR01B0318_001 0.252 0.254 0.255 0.251 0.253
THR01B0318_002 0.748 0.746 0.745 0.749 0.747
PHE01B0319_001 1.000 1.000 1.000 1.000 1.000
LEU01B0320_001 1.000 1.000 1.000 1.000 1.000
GLU01B0321_001 0.000 0.000 0.000 0.000 0.000
GLU01B0321_002 0.001 0.001 0.001 0.001 0.000
GLU02B0321_003 0.000 0.000 0.000 0.000 0.000
GLU02B0321_004 0.002 0.003 0.002 0.002 0.004
GLU-1B0321_005 0.997 0.996 0.997 0.997 0.996
ALA01B0322_001 1.000 1.000 1.000 1.000 1.000
VAL01B0323_001 1.000 1.000 1.000 1.000 1.000
ILE01B0324_001 1.000 1.000 1.000 1.000 1.000
GLN01B0325_001 0.620 0.622 0.626 0.619 0.623
GLN01B0325_002 0.380 0.378 0.374 0.381 0.377
LEU01B0326_001 1.000 1.000 1.000 1.000 1.000
LYS01B0327_001 0.527 0.529 0.529 0.523 0.522
LYS+1B0327_002 0.473 0.471 0.471 0.477 0.478
LYS01B0328_001 0.000 0.000 0.001 0.000 0.000
LYS+1B0328_002 1.000 1.000 0.999 1.000 1.000
THR01B0329_001 1.000 1.000 1.000 1.000 1.000
LYS01B0330_001 0.000 0.000 0.000 0.000 0.000
LYS+1B0330_002 1.000 1.000 1.000 1.000 1.000
LEU01B0331_001 1.000 1.000 1.000 1.000 1.000
GLN01B0332_001 0.137 0.136 0.135 0.136 0.139
GLN01B0332_002 0.863 0.864 0.865 0.864 0.861
SER01B0333_001 1.000 1.000 1.000 1.000 1.000
0LI11C0001_001 0.000 0.000 0.000 0.000 0.000
0LI11C0001_002 0.041 0.040 0.042 0.039 0.042
0LI12C0001_003 0.000 0.000 0.000 0.000 0.000
0LI12C0001_004 0.959 0.960 0.958 0.961 0.957
0LI01C0001_005 0.000 0.000 0.000 0.000 0.000
0LI01C0001_006 0.000 0.000 0.000 0.000 0.002
0LIDMC0001_007 0.000 0.000 0.000 0.000 0.000
0LI11D0001_001 0.000 0.000 0.000 0.000 0.000
0LI11D0001_002 0.014 0.014 0.014 0.015 0.016
0LI12D0001_003 0.000 0.000 0.000 0.000 0.000
0LI12D0001_004 0.986 0.986 0.986 0.985 0.984
0LI01D0001_005 0.000 0.000 0.000 0.000 0.000
0LI01D0001_006 0.000 0.000 0.000 0.000 0.000
0LIDMD0001_007 0.000 0.000 0.000 0.000 0.000
