 ph              7.4   7.4   7.4   7.4   7.4   7.4   7.4   7.4   7.4   7.4
1N1+1B0001_001 0.187 0.186 0.186 0.186 0.186 0.186 0.186 0.186 0.186 0.186
1N1+1B0001_002 0.209 0.208 0.209 0.208 0.208 0.208 0.208 0.208 0.208 0.208
1N1+2B0001_003 0.001 0.001 0.001 0.001 0.001 0.001 0.001 0.001 0.001 0.001
1N101B0001_004 0.104 0.104 0.104 0.104 0.104 0.104 0.104 0.104 0.104 0.104
1N1+3B0001_005 0.001 0.001 0.001 0.001 0.001 0.001 0.001 0.001 0.001 0.001
1N1+3B0001_006 0.000 0.000 0.001 0.001 0.001 0.001 0.001 0.001 0.000 0.001
1N1+3B0001_007 0.000 0.001 0.001 0.001 0.001 0.001 0.001 0.000 0.001 0.001
1N1+3B0001_008 0.001 0.001 0.000 0.001 0.001 0.001 0.000 0.001 0.000 0.001
1N1+3B0001_009 0.000 0.001 0.000 0.001 0.001 0.001 0.001 0.001 0.001 0.001
1N1+3B0001_010 0.000 0.001 0.001 0.001 0.001 0.001 0.001 0.001 0.001 0.001
1N1+3B0001_011 0.000 0.000 0.000 0.000 0.000 0.000 0.000 0.000 0.000 0.000
1N1+3B0001_012 0.001 0.001 0.000 0.001 0.000 0.000 0.001 0.001 0.001 0.000
1N102B0001_013 0.005 0.005 0.005 0.005 0.005 0.005 0.005 0.005 0.005 0.005
1N1+4B0001_014 0.000 0.000 0.000 0.000 0.000 0.000 0.000 0.000 0.000 0.000
1N103B0001_015 0.000 0.000 0.000 0.000 0.000 0.000 0.000 0.000 0.000 0.000
1N103B0001_016 0.000 0.000 0.000 0.000 0.000 0.000 0.000 0.000 0.000 0.000
1N104B0001_017 0.000 0.000 0.000 0.000 0.000 0.000 0.000 0.000 0.000 0.000
1N104B0001_018 0.000 0.000 0.000 0.000 0.000 0.000 0.000 0.000 0.000 0.000
1N105B0001_019 0.000 0.000 0.000 0.000 0.000 0.000 0.000 0.000 0.000 0.000
1N105B0001_020 0.000 0.000 0.000 0.000 0.000 0.000 0.000 0.000 0.000 0.000
1N106B0001_021 0.085 0.084 0.085 0.084 0.084 0.084 0.084 0.084 0.085 0.084
1N106B0001_022 0.084 0.083 0.083 0.083 0.083 0.083 0.083 0.083 0.083 0.083
1N106B0001_023 0.085 0.084 0.084 0.084 0.084 0.084 0.084 0.084 0.084 0.084
1N106B0001_024 0.118 0.118 0.118 0.118 0.118 0.118 0.118 0.118 0.118 0.118
1N106B0001_025 0.119 0.119 0.119 0.119 0.119 0.119 0.119 0.119 0.119 0.119
1N1DMB0001_026 0.000 0.000 0.000 0.000 0.000 0.000 0.000 0.000 0.000 0.000
