 ph              7.4   7.4   7.4   7.4   7.4
1N1+1B0001_001 0.245 0.244 0.247 0.244 0.242
1N1+1B0001_002 0.274 0.275 0.269 0.273 0.273
1N1+2B0001_003 0.002 0.002 0.002 0.002 0.002
1N101B0001_004 0.135 0.135 0.136 0.136 0.136
1N1+3B0001_005 0.002 0.002 0.002 0.002 0.002
1N1+3B0001_006 0.002 0.002 0.002 0.002 0.002
1N1+3B0001_007 0.002 0.002 0.002 0.002 0.002
1N1+3B0001_008 0.001 0.001 0.001 0.001 0.001
1N1+3B0001_009 0.000 0.000 0.000 0.000 0.000
1N1+3B0001_010 0.002 0.002 0.002 0.002 0.002
1N1+3B0001_011 0.000 0.000 0.000 0.000 0.000
1N1+3B0001_012 0.001 0.001 0.001 0.001 0.001
1N102B0001_013 0.007 0.006 0.007 0.007 0.007
1N1+4B0001_014 0.000 0.000 0.000 0.000 0.000
1N103B0001_015 0.000 0.000 0.000 0.000 0.000
1N103B0001_016 0.000 0.000 0.000 0.000 0.000
1N103B0001_017 0.000 0.000 0.000 0.000 0.000
1N104B0001_018 0.000 0.000 0.000 0.000 0.000
1N104B0001_019 0.000 0.000 0.000 0.000 0.000
1N105B0001_020 0.000 0.000 0.000 0.000 0.000
1N105B0001_021 0.000 0.000 0.000 0.000 0.000
1N106B0001_022 0.110 0.109 0.111 0.110 0.111
1N106B0001_023 0.108 0.109 0.108 0.109 0.110
1N106B0001_024 0.110 0.109 0.111 0.109 0.110
1N1DMB0001_025 0.000 0.000 0.000 0.000 0.000
