 ph              7.4   7.4   7.4   7.4   7.4
ASN01A0001_001 0.258 0.256 0.257 0.254 0.259
ASN01A0001_002 0.742 0.744 0.743 0.746 0.741
PRO01A0002_001 1.000 1.000 1.000 1.000 1.000
ASN01A0003_001 0.481 0.482 0.486 0.482 0.483
ASN01A0003_002 0.519 0.518 0.514 0.518 0.517
TYR01A0004_001 1.000 1.000 1.000 1.000 1.000
TYR-1A0004_002 0.000 0.000 0.000 0.000 0.000
CYS01A0005_001 0.229 0.236 0.238 0.241 0.238
CYS01A0005_002 0.251 0.250 0.251 0.246 0.248
CYS01A0005_003 0.513 0.506 0.505 0.507 0.506
CYS-1A0005_004 0.008 0.008 0.005 0.007 0.008
PHE01A0006_001 1.000 1.000 1.000 1.000 1.000
ALA01A0007_001 1.000 1.000 1.000 1.000 1.000
LYS01A0009_001 0.000 0.000 0.000 0.000 0.000
LYS+1A0009_002 1.000 1.000 1.000 1.000 1.000
THR01A0010_001 0.813 0.814 0.814 0.813 0.808
THR01A0010_002 0.187 0.186 0.186 0.187 0.192
SER01A0011_001 1.000 1.000 1.000 1.000 1.000
SER01A0012_001 0.176 0.174 0.173 0.177 0.178
SER01A0012_002 0.824 0.826 0.827 0.823 0.822
ILE01A0013_001 1.000 1.000 1.000 1.000 1.000
SER01A0014_001 1.000 1.000 1.000 1.000 1.000
ASP01A0015_001 0.000 0.000 0.000 0.000 0.000
ASP01A0015_002 0.000 0.000 0.000 0.000 0.000
ASP02A0015_003 0.000 0.000 0.000 0.000 0.000
ASP02A0015_004 0.000 0.000 0.000 0.000 0.000
ASP-1A0015_005 1.000 1.000 1.000 1.000 1.000
LEU01A0016_001 1.000 1.000 1.000 1.000 1.000
LYS01A0017_001 0.001 0.001 0.000 0.000 0.001
LYS+1A0017_002 0.999 0.999 1.000 1.000 0.999
GLU01A0018_001 0.000 0.000 0.000 0.000 0.000
GLU01A0018_002 0.000 0.000 0.000 0.000 0.000
GLU02A0018_003 0.000 0.000 0.000 0.000 0.000
GLU02A0018_004 0.000 0.000 0.000 0.000 0.000
GLU-1A0018_005 1.000 1.000 1.000 1.000 1.000
VAL01A0019_001 1.000 1.000 1.000 1.000 1.000
PRO01A0020_001 1.000 1.000 1.000 1.000 1.000
ARG01A0021_001 0.000 0.000 0.000 0.000 0.000
ARG02A0021_002 0.000 0.000 0.000 0.000 0.000
ARG03A0021_003 0.000 0.000 0.000 0.000 0.000
ARG+1A0021_004 1.000 1.000 1.000 1.000 1.000
LYS01A0022_001 0.017 0.018 0.018 0.019 0.018
LYS+1A0022_002 0.983 0.982 0.982 0.981 0.982
ASN01A0023_001 0.012 0.013 0.014 0.014 0.013
ASN01A0023_002 0.988 0.987 0.986 0.986 0.987
ILE01A0024_001 1.000 1.000 1.000 1.000 1.000
THR01A0025_001 1.000 1.000 1.000 1.000 1.000
LEU01A0026_001 1.000 1.000 1.000 1.000 1.000
ILE01A0027_001 1.000 1.000 1.000 1.000 1.000
ARG01A0028_001 0.000 0.000 0.000 0.000 0.000
ARG02A0028_002 0.000 0.000 0.000 0.000 0.000
ARG02A0028_003 0.000 0.000 0.000 0.000 0.000
ARG03A0028_004 0.000 0.000 0.000 0.000 0.000
ARG+1A0028_005 1.000 1.000 1.000 1.000 1.000
LEU01A0030_001 1.000 1.000 1.000 1.000 1.000
HIS01A0032_001 0.055 0.058 0.057 0.058 0.058
HIS01A0032_002 0.092 0.091 0.093 0.091 0.091
HIS02A0032_003 0.098 0.090 0.093 0.092 0.091
HIS02A0032_004 0.275 0.275 0.267 0.267 0.264
HIS+1A0032_005 0.072 0.071 0.072 0.072 0.077
HIS+1A0032_006 0.409 0.414 0.417 0.421 0.419
ALA01A0034_001 1.000 1.000 1.000 1.000 1.000
PHE01A0035_001 1.000 1.000 1.000 1.000 1.000
GLU01A0037_001 0.000 0.000 0.000 0.000 0.000
GLU01A0037_002 0.000 0.000 0.000 0.000 0.000
GLU02A0037_003 0.000 0.000 0.000 0.000 0.000
GLU02A0037_004 0.000 0.000 0.000 0.001 0.000
GLU-1A0037_005 1.000 1.000 1.000 0.999 1.000
VAL01A0038_001 1.000 1.000 1.000 1.000 1.000
TYR01A0039_001 0.628 0.631 0.638 0.632 0.632
TYR01A0039_002 0.372 0.369 0.362 0.368 0.368
TYR-1A0039_003 0.000 0.000 0.000 0.000 0.000
GLU01A0040_001 0.000 0.000 0.000 0.000 0.000
GLU01A0040_002 0.000 0.000 0.000 0.000 0.000
GLU02A0040_003 0.000 0.000 0.000 0.000 0.000
GLU02A0040_004 0.005 0.005 0.000 0.004 0.000
GLU-1A0040_005 0.995 0.995 1.000 0.996 1.000
GLN01A0042_001 0.775 0.784 0.778 0.780 0.781
GLN01A0042_002 0.225 0.216 0.222 0.220 0.219
VAL01A0043_001 1.000 1.000 1.000 1.000 1.000
SER01A0044_001 1.000 1.000 1.000 1.000 1.000
MET01A0046_001 1.000 1.000 1.000 1.000 1.000
PRO01A0047_001 1.000 1.000 1.000 1.000 1.000
ASN01A0048_001 1.000 1.000 1.000 1.000 1.000
ASP01A0049_001 0.000 0.000 0.000 0.000 0.000
ASP01A0049_002 0.000 0.000 0.000 0.000 0.000
ASP02A0049_003 0.000 0.000 0.000 0.000 0.000
ASP02A0049_004 0.000 0.000 0.000 0.000 0.000
ASP-1A0049_005 1.000 1.000 1.000 1.000 1.000
PRO01A0050_001 1.000 1.000 1.000 1.000 1.000
SER01A0051_001 1.000 1.000 1.000 1.000 1.000
PRO01A0052_001 1.000 1.000 1.000 1.000 1.000
LEU01A0053_001 1.000 1.000 1.000 1.000 1.000
GLN01A0054_001 0.739 0.737 0.741 0.742 0.740
GLN01A0054_002 0.261 0.263 0.259 0.258 0.260
VAL01A0055_001 1.000 1.000 1.000 1.000 1.000
ALA01A0056_001 1.000 1.000 1.000 1.000 1.000
VAL01A0057_001 1.000 1.000 1.000 1.000 1.000
LYS01A0058_001 0.000 0.000 0.000 0.000 0.000
LYS+1A0058_002 1.000 1.000 1.000 1.000 1.000
THR01A0059_001 0.025 0.027 0.025 0.025 0.024
THR01A0059_002 0.028 0.029 0.028 0.030 0.029
THR01A0059_003 0.947 0.944 0.946 0.945 0.946
LEU01A0060_001 1.000 1.000 1.000 1.000 1.000
PRO01A0061_001 1.000 1.000 1.000 1.000 1.000
GLU01A0062_001 0.000 0.000 0.000 0.000 0.000
GLU01A0062_002 0.000 0.001 0.000 0.001 0.001
GLU02A0062_003 0.000 0.000 0.000 0.000 0.000
GLU02A0062_004 0.000 0.001 0.000 0.001 0.000
GLU-1A0062_005 1.000 0.999 1.000 0.999 0.999
VAL01A0063_001 1.000 1.000 1.000 1.000 1.000
CYS01A0064_001 0.355 0.358 0.357 0.354 0.357
CYS01A0064_002 0.405 0.409 0.407 0.409 0.407
CYS01A0064_003 0.240 0.232 0.235 0.238 0.236
CYS-1A0064_004 0.000 0.000 0.000 0.000 0.000
SER01A0065_001 0.009 0.009 0.009 0.009 0.010
SER01A0065_002 0.991 0.991 0.991 0.991 0.990
GLU01A0066_001 0.000 0.000 0.000 0.000 0.000
GLU01A0066_002 0.000 0.000 0.000 0.000 0.000
GLU02A0066_003 0.000 0.000 0.000 0.000 0.000
GLU02A0066_004 0.000 0.000 0.000 0.000 0.000
GLU-1A0066_005 1.000 1.000 1.000 1.000 1.000
GLN01A0067_001 0.093 0.086 0.085 0.081 0.085
GLN01A0067_002 0.907 0.914 0.915 0.919 0.915
ASP01A0068_001 0.000 0.000 0.000 0.000 0.000
ASP01A0068_002 0.000 0.000 0.000 0.000 0.000
ASP02A0068_003 0.000 0.000 0.000 0.000 0.000
ASP02A0068_004 0.000 0.000 0.000 0.000 0.000
ASP-1A0068_005 1.000 1.000 1.000 1.000 1.000
GLU01A0069_001 0.000 0.000 0.000 0.000 0.000
GLU01A0069_002 0.000 0.000 0.000 0.000 0.000
GLU02A0069_003 0.000 0.000 0.000 0.000 0.000
GLU02A0069_004 0.000 0.000 0.000 0.000 0.000
GLU-1A0069_005 1.000 1.000 1.000 1.000 1.000
LEU01A0070_001 1.000 1.000 1.000 1.000 1.000
ASP01A0071_001 0.000 0.000 0.000 0.000 0.000
ASP01A0071_002 0.017 0.016 0.017 0.015 0.016
ASP02A0071_003 0.002 0.000 0.002 0.002 0.002
ASP02A0071_004 0.073 0.069 0.057 0.055 0.066
ASP-1A0071_005 0.907 0.915 0.924 0.928 0.916
PHE01A0072_001 1.000 1.000 1.000 1.000 1.000
LEU01A0073_001 1.000 1.000 1.000 1.000 1.000
MET01A0074_001 1.000 1.000 1.000 1.000 1.000
GLU01A0075_001 0.000 0.000 0.000 0.000 0.001
GLU01A0075_002 0.013 0.014 0.016 0.015 0.021
GLU02A0075_003 0.000 0.000 0.000 0.000 0.000
GLU02A0075_004 0.004 0.004 0.004 0.004 0.000
GLU-1A0075_005 0.982 0.982 0.980 0.981 0.978
ALA01A0076_001 1.000 1.000 1.000 1.000 1.000
LEU01A0077_001 1.000 1.000 1.000 1.000 1.000
ILE01A0078_001 1.000 1.000 1.000 1.000 1.000
ILE01A0079_001 1.000 1.000 1.000 1.000 1.000
SER01A0080_001 0.482 0.480 0.479 0.477 0.480
SER01A0080_002 0.518 0.520 0.521 0.523 0.520
LYS01A0081_001 0.000 0.000 0.000 0.000 0.000
LYS+1A0081_002 1.000 1.000 1.000 1.000 1.000
PHE01A0082_001 1.000 1.000 1.000 1.000 1.000
ASN01A0083_001 1.000 1.000 1.000 1.000 1.000
HIS01A0084_001 1.000 1.000 1.000 1.000 1.000
HIS02A0084_002 0.000 0.000 0.000 0.000 0.000
HIS+1A0084_003 0.000 0.000 0.000 0.000 0.000
GLN01A0085_001 0.020 0.019 0.017 0.018 0.016
GLN01A0085_002 0.980 0.981 0.983 0.982 0.984
ASN01A0086_001 1.000 1.000 1.000 1.000 1.000
ASN01A0086_002 0.000 0.000 0.000 0.000 0.000
ILE01A0087_001 1.000 1.000 1.000 1.000 1.000
VAL01A0088_001 1.000 1.000 1.000 1.000 1.000
ARG01A0089_001 0.000 0.000 0.000 0.000 0.000
ARG02A0089_002 0.000 0.000 0.000 0.000 0.000
ARG02A0089_003 0.000 0.000 0.000 0.000 0.000
ARG03A0089_004 0.000 0.000 0.000 0.000 0.000
ARG+1A0089_005 1.000 1.000 1.000 1.000 1.000
CYS01A0090_001 0.224 0.228 0.221 0.221 0.227
CYS01A0090_002 0.403 0.403 0.409 0.407 0.397
CYS01A0090_003 0.374 0.368 0.370 0.371 0.376
CYS-1A0090_004 0.000 0.000 0.000 0.000 0.000
ILE01A0091_001 1.000 1.000 1.000 1.000 1.000
VAL01A0093_001 1.000 1.000 1.000 1.000 1.000
SER01A0094_001 0.133 0.139 0.136 0.138 0.135
SER01A0094_002 0.787 0.779 0.787 0.781 0.790
SER01A0094_003 0.080 0.081 0.077 0.081 0.075
LEU01A0095_001 1.000 1.000 1.000 1.000 1.000
GLN01A0096_001 0.043 0.041 0.044 0.041 0.044
GLN01A0096_002 0.957 0.959 0.956 0.959 0.956
SER01A0097_001 1.000 1.000 1.000 1.000 1.000
LEU01A0098_001 1.000 1.000 1.000 1.000 1.000
PRO01A0099_001 1.000 1.000 1.000 1.000 1.000
ARG01A0100_001 0.000 0.000 0.000 0.000 0.000
ARG02A0100_002 0.000 0.000 0.000 0.000 0.000
ARG03A0100_003 0.000 0.000 0.000 0.000 0.000
ARG03A0100_004 0.000 0.000 0.000 0.000 0.000
ARG+1A0100_005 1.000 1.000 1.000 1.000 1.000
PHE01A0101_001 1.000 1.000 1.000 1.000 1.000
ILE01A0102_001 1.000 1.000 1.000 1.000 1.000
LEU01A0103_001 1.000 1.000 1.000 1.000 1.000
MET01A0104_001 1.000 1.000 1.000 1.000 1.000
GLU01A0105_001 0.000 0.000 0.000 0.000 0.000
GLU01A0105_002 0.000 0.000 0.000 0.000 0.000
GLU02A0105_003 0.000 0.000 0.000 0.000 0.000
GLU02A0105_004 0.000 0.000 0.000 0.000 0.000
GLU-1A0105_005 1.000 1.000 1.000 1.000 1.000
LEU01A0106_001 1.000 1.000 1.000 1.000 1.000
MET01A0107_001 1.000 1.000 1.000 1.000 1.000
ALA01A0108_001 1.000 1.000 1.000 1.000 1.000
ASP01A0111_001 0.000 0.000 0.000 0.000 0.000
ASP01A0111_002 0.000 0.000 0.000 0.000 0.000
ASP02A0111_003 0.000 0.000 0.000 0.000 0.000
ASP02A0111_004 0.000 0.000 0.000 0.000 0.000
ASP-1A0111_005 1.000 1.000 1.000 1.000 1.000
LEU01A0112_001 1.000 1.000 1.000 1.000 1.000
LYS01A0113_001 0.651 0.651 0.658 0.660 0.661
LYS+1A0113_002 0.349 0.349 0.342 0.340 0.339
SER01A0114_001 0.230 0.233 0.239 0.233 0.237
SER01A0114_002 0.114 0.110 0.109 0.114 0.114
SER01A0114_003 0.655 0.657 0.652 0.653 0.649
PHE01A0115_001 1.000 1.000 1.000 1.000 1.000
LEU01A0116_001 1.000 1.000 1.000 1.000 1.000
ARG01A0117_001 0.000 0.000 0.000 0.000 0.000
ARG02A0117_002 0.000 0.000 0.000 0.000 0.000
ARG03A0117_003 0.000 0.000 0.000 0.000 0.000
ARG+1A0117_004 1.000 1.000 1.000 1.000 1.000
GLU01A0118_001 0.000 0.000 0.000 0.000 0.000
GLU01A0118_002 0.000 0.000 0.001 0.000 0.001
GLU02A0118_003 0.000 0.000 0.000 0.000 0.000
GLU02A0118_004 0.002 0.000 0.001 0.000 0.002
GLU-1A0118_005 0.998 1.000 0.998 1.000 0.997
THR01A0119_001 0.171 0.169 0.170 0.173 0.171
THR01A0119_002 0.829 0.831 0.830 0.827 0.829
ARG01A0120_001 0.000 0.000 0.000 0.000 0.000
ARG02A0120_002 0.000 0.000 0.000 0.000 0.000
ARG02A0120_003 0.000 0.000 0.000 0.000 0.000
ARG03A0120_004 0.000 0.000 0.000 0.000 0.000
ARG+1A0120_005 1.000 1.000 1.000 1.000 1.000
PRO01A0121_001 1.000 1.000 1.000 1.000 1.000
ARG01A0122_001 0.000 0.000 0.000 0.000 0.000
ARG02A0122_002 0.000 0.000 0.000 0.000 0.000
ARG03A0122_003 0.000 0.000 0.000 0.000 0.000
ARG+1A0122_004 1.000 1.000 1.000 1.000 1.000
PRO01A0123_001 1.000 1.000 1.000 1.000 1.000
SER01A0124_001 1.000 1.000 1.000 1.000 1.000
GLN01A0125_001 1.000 1.000 1.000 1.000 1.000
PRO01A0126_001 1.000 1.000 1.000 1.000 1.000
SER01A0127_001 0.840 0.840 0.835 0.835 0.840
SER01A0127_002 0.160 0.160 0.165 0.165 0.160
SER01A0128_001 1.000 1.000 1.000 1.000 1.000
LEU01A0129_001 1.000 1.000 1.000 1.000 1.000
ALA01A0130_001 1.000 1.000 1.000 1.000 1.000
MET01A0131_001 1.000 1.000 1.000 1.000 1.000
LEU01A0132_001 1.000 1.000 1.000 1.000 1.000
ASP01A0133_001 0.000 0.000 0.000 0.000 0.000
ASP01A0133_002 0.000 0.001 0.000 0.000 0.001
ASP02A0133_003 0.000 0.000 0.000 0.000 0.000
ASP02A0133_004 0.000 0.000 0.000 0.000 0.000
ASP-1A0133_005 1.000 0.999 1.000 1.000 0.999
LEU01A0134_001 1.000 1.000 1.000 1.000 1.000
LEU01A0135_001 1.000 1.000 1.000 1.000 1.000
HIS01A0136_001 0.195 0.204 0.198 0.201 0.204
HIS01A0136_002 0.092 0.085 0.088 0.086 0.088
HIS02A0136_003 0.487 0.479 0.484 0.485 0.475
HIS02A0136_004 0.160 0.162 0.158 0.158 0.161
HIS+1A0136_005 0.060 0.065 0.068 0.065 0.066
HIS+1A0136_006 0.006 0.005 0.005 0.005 0.005
VAL01A0137_001 1.000 1.000 1.000 1.000 1.000
ALA01A0138_001 1.000 1.000 1.000 1.000 1.000
ARG01A0139_001 0.000 0.000 0.000 0.000 0.000
ARG02A0139_002 0.000 0.000 0.000 0.000 0.000
ARG02A0139_003 0.000 0.000 0.000 0.000 0.000
ARG03A0139_004 0.000 0.000 0.000 0.000 0.000
ARG03A0139_005 0.000 0.000 0.000 0.000 0.000
ARG+1A0139_006 1.000 1.000 1.000 1.000 1.000
ASP01A0140_001 0.000 0.000 0.000 0.000 0.000
ASP01A0140_002 0.000 0.001 0.001 0.000 0.001
ASP02A0140_003 0.000 0.000 0.000 0.000 0.000
ASP02A0140_004 0.000 0.014 0.011 0.013 0.011
ASP-1A0140_005 1.000 0.985 0.988 0.987 0.989
ILE01A0141_001 1.000 1.000 1.000 1.000 1.000
ALA01A0142_001 1.000 1.000 1.000 1.000 1.000
CYS01A0143_001 0.348 0.345 0.345 0.346 0.351
CYS01A0143_002 0.308 0.303 0.305 0.307 0.300
CYS01A0143_003 0.343 0.350 0.348 0.348 0.349
CYS-1A0143_004 0.002 0.001 0.002 0.000 0.000
CYS01A0145_001 0.447 0.445 0.448 0.451 0.452
CYS01A0145_002 0.295 0.291 0.291 0.293 0.291
CYS01A0145_003 0.257 0.263 0.261 0.256 0.257
CYS-1A0145_004 0.000 0.000 0.000 0.000 0.000
GLN01A0146_001 0.332 0.344 0.341 0.340 0.340
GLN01A0146_002 0.668 0.656 0.659 0.660 0.660
TYR01A0147_001 1.000 1.000 1.000 1.000 1.000
TYR-1A0147_002 0.000 0.000 0.000 0.000 0.000
LEU01A0148_001 1.000 1.000 1.000 1.000 1.000
GLU01A0149_001 0.000 0.000 0.000 0.000 0.000
GLU01A0149_002 0.000 0.000 0.000 0.000 0.000
GLU02A0149_003 0.000 0.000 0.000 0.000 0.000
GLU02A0149_004 0.000 0.000 0.000 0.000 0.000
GLU-1A0149_005 1.000 1.000 1.000 1.000 1.000
GLU01A0150_001 0.000 0.000 0.000 0.000 0.000
GLU01A0150_002 0.000 0.001 0.001 0.000 0.001
GLU02A0150_003 0.000 0.000 0.000 0.000 0.000
GLU02A0150_004 0.000 0.000 0.001 0.000 0.001
GLU-1A0150_005 1.000 0.999 0.998 1.000 0.998
ASN01A0151_001 0.012 0.011 0.010 0.012 0.011
ASN01A0151_002 0.988 0.989 0.990 0.988 0.989
HIS01A0152_001 0.083 0.081 0.080 0.083 0.091
HIS01A0152_002 0.050 0.048 0.049 0.046 0.052
HIS02A0152_003 0.159 0.150 0.158 0.153 0.172
HIS02A0152_004 0.064 0.060 0.058 0.061 0.067
HIS+1A0152_005 0.479 0.502 0.490 0.497 0.458
HIS+1A0152_006 0.165 0.158 0.165 0.160 0.160
PHE01A0153_001 1.000 1.000 1.000 1.000 1.000
ILE01A0154_001 1.000 1.000 1.000 1.000 1.000
HIS01A0155_001 1.000 1.000 1.000 1.000 1.000
HIS02A0155_002 0.000 0.000 0.000 0.000 0.000
HIS+1A0155_003 0.000 0.000 0.000 0.000 0.000
ARG01A0156_001 0.000 0.000 0.000 0.000 0.000
ARG02A0156_002 0.000 0.000 0.000 0.000 0.000
ARG03A0156_003 0.000 0.000 0.000 0.000 0.000
ARG+1A0156_004 1.000 1.000 1.000 1.000 1.000
ASP01A0157_001 0.000 0.000 0.000 0.000 0.000
ASP01A0157_002 0.013 0.016 0.014 0.014 0.014
ASP02A0157_003 0.024 0.022 0.024 0.022 0.022
ASP02A0157_004 0.226 0.215 0.222 0.220 0.221
ASP-1A0157_005 0.736 0.747 0.740 0.745 0.743
ILE01A0158_001 1.000 1.000 1.000 1.000 1.000
ALA01A0159_001 1.000 1.000 1.000 1.000 1.000
ALA01A0160_001 1.000 1.000 1.000 1.000 1.000
ARG01A0161_001 0.000 0.000 0.000 0.000 0.000
ARG02A0161_002 0.000 0.000 0.000 0.000 0.000
ARG03A0161_003 0.000 0.000 0.000 0.000 0.000
ARG03A0161_004 0.000 0.000 0.000 0.000 0.000
ARG+1A0161_005 1.000 1.000 1.000 1.000 1.000
ASN01A0162_001 0.983 0.985 0.985 0.986 0.986
ASN01A0162_002 0.017 0.015 0.015 0.014 0.014
CYS01A0163_001 0.214 0.210 0.209 0.206 0.208
CYS01A0163_002 0.586 0.591 0.590 0.595 0.594
CYS01A0163_003 0.200 0.200 0.201 0.199 0.198
CYS-1A0163_004 0.000 0.000 0.000 0.000 0.000
LEU01A0164_001 1.000 1.000 1.000 1.000 1.000
LEU01A0165_001 1.000 1.000 1.000 1.000 1.000
THR01A0166_001 0.005 0.004 0.000 0.005 0.004
THR01A0166_002 0.995 0.996 1.000 0.995 0.996
CYS01A0167_001 0.167 0.164 0.167 0.164 0.169
CYS01A0167_002 0.121 0.117 0.123 0.122 0.122
CYS01A0167_003 0.686 0.689 0.676 0.686 0.680
CYS-1A0167_004 0.026 0.030 0.034 0.028 0.029
PRO01A0168_001 1.000 1.000 1.000 1.000 1.000
PRO01A0170_001 1.000 1.000 1.000 1.000 1.000
ARG01A0172_001 0.000 0.000 0.000 0.000 0.000
ARG02A0172_002 0.000 0.000 0.000 0.000 0.000
ARG02A0172_003 0.000 0.000 0.000 0.000 0.000
ARG03A0172_004 0.000 0.000 0.000 0.000 0.000
ARG03A0172_005 0.000 0.000 0.000 0.000 0.000
ARG+1A0172_006 1.000 1.000 1.000 1.000 1.000
VAL01A0173_001 1.000 1.000 1.000 1.000 1.000
ALA01A0174_001 1.000 1.000 1.000 1.000 1.000
LYS01A0175_001 0.000 0.001 0.000 0.000 0.001
LYS+1A0175_002 1.000 0.999 1.000 1.000 0.999
ILE01A0176_001 1.000 1.000 1.000 1.000 1.000
ALA01A0177_001 1.000 1.000 1.000 1.000 1.000
ASP01A0178_001 0.000 0.000 0.000 0.000 0.000
ASP01A0178_002 0.000 0.000 0.000 0.000 0.000
ASP02A0178_003 0.000 0.000 0.000 0.000 0.000
ASP02A0178_004 0.000 0.000 0.000 0.000 0.000
ASP-1A0178_005 1.000 1.000 1.000 1.000 1.000
PHE01A0179_001 1.000 1.000 1.000 1.000 1.000
MET01A0181_001 1.000 1.000 1.000 1.000 1.000
ALA01A0182_001 1.000 1.000 1.000 1.000 1.000
ARG01A0183_001 0.000 0.000 0.000 0.000 0.000
ARG02A0183_002 0.000 0.000 0.000 0.000 0.000
ARG02A0183_003 0.000 0.000 0.000 0.000 0.000
ARG03A0183_004 0.000 0.000 0.000 0.000 0.000
ARG03A0183_005 0.000 0.000 0.000 0.000 0.000
ARG+1A0183_006 1.000 1.000 1.000 1.000 1.000
ASP01A0184_001 0.000 0.000 0.000 0.000 0.000
ASP01A0184_002 0.000 0.000 0.000 0.000 0.000
ASP02A0184_003 0.000 0.000 0.000 0.000 0.000
ASP02A0184_004 0.000 0.000 0.000 0.000 0.000
ASP-1A0184_005 1.000 1.000 1.000 0.999 1.000
ILE01A0185_001 1.000 1.000 1.000 1.000 1.000
TYR01A0186_001 1.000 1.000 1.000 1.000 1.000
TYR-1A0186_002 0.000 0.000 0.000 0.000 0.000
ARG01A0187_001 0.000 0.000 0.000 0.000 0.000
ARG02A0187_002 0.000 0.000 0.000 0.000 0.000
ARG02A0187_003 0.502 0.500 0.497 0.494 0.501
ARG03A0187_004 0.000 0.000 0.000 0.000 0.000
ARG+1A0187_005 0.498 0.500 0.503 0.506 0.499
ALA01A0188_001 1.000 1.000 1.000 1.000 1.000
SER01A0189_001 0.321 0.324 0.319 0.319 0.317
SER01A0189_002 0.679 0.676 0.681 0.681 0.683
TYR01A0190_001 0.996 0.995 0.995 0.996 0.995
TYR-1A0190_002 0.004 0.005 0.005 0.004 0.005
TYR01A0191_001 0.958 0.962 0.959 0.960 0.963
TYR-1A0191_002 0.042 0.038 0.041 0.040 0.037
ARG01A0192_001 0.000 0.000 0.000 0.000 0.000
ARG02A0192_002 0.000 0.000 0.000 0.000 0.000
ARG03A0192_003 0.000 0.000 0.000 0.000 0.000
ARG+1A0192_004 1.000 1.000 1.000 1.000 1.000
LYS01A0193_001 0.000 0.000 0.000 0.000 0.000
LYS+1A0193_002 1.000 1.000 1.000 1.000 1.000
CYS01A0196_001 0.294 0.283 0.281 0.286 0.282
CYS01A0196_002 0.299 0.299 0.295 0.294 0.302
CYS01A0196_003 0.340 0.339 0.347 0.340 0.339
CYS-1A0196_004 0.067 0.079 0.077 0.080 0.077
ALA01A0197_001 1.000 1.000 1.000 1.000 1.000
MET01A0198_001 1.000 1.000 1.000 1.000 1.000
LEU01A0199_001 1.000 1.000 1.000 1.000 1.000
PRO01A0200_001 1.000 1.000 1.000 1.000 1.000
VAL01A0201_001 1.000 1.000 1.000 1.000 1.000
LYS01A0202_001 0.004 0.000 0.000 0.004 0.004
LYS+1A0202_002 0.996 1.000 1.000 0.996 0.996
TRP01A0203_001 1.000 1.000 1.000 1.000 1.000
MET01A0204_001 1.000 1.000 1.000 1.000 1.000
PRO01A0205_001 1.000 1.000 1.000 1.000 1.000
PRO01A0206_001 1.000 1.000 1.000 1.000 1.000
GLU01A0207_001 0.000 0.000 0.000 0.000 0.000
GLU01A0207_002 0.000 0.000 0.000 0.000 0.000
GLU02A0207_003 0.000 0.000 0.000 0.000 0.000
GLU02A0207_004 0.000 0.000 0.000 0.000 0.000
GLU-1A0207_005 1.000 1.000 1.000 1.000 1.000
ALA01A0208_001 1.000 1.000 1.000 1.000 1.000
PHE01A0209_001 1.000 1.000 1.000 1.000 1.000
MET01A0210_001 1.000 1.000 1.000 1.000 1.000
GLU01A0211_001 0.000 0.000 0.000 0.000 0.000
GLU01A0211_002 0.000 0.000 0.000 0.000 0.000
GLU02A0211_003 0.000 0.000 0.000 0.000 0.000
GLU02A0211_004 0.000 0.001 0.000 0.000 0.000
GLU-1A0211_005 1.000 0.999 1.000 1.000 1.000
ILE01A0213_001 1.000 1.000 1.000 1.000 1.000
PHE01A0214_001 1.000 1.000 1.000 1.000 1.000
THR01A0215_001 1.000 1.000 1.000 1.000 1.000
THR01A0215_002 0.000 0.000 0.000 0.000 0.000
SER01A0216_001 0.118 0.119 0.114 0.116 0.118
SER01A0216_002 0.882 0.881 0.886 0.884 0.882
LYS01A0217_001 0.000 0.000 0.000 0.000 0.001
LYS+1A0217_002 1.000 1.000 1.000 1.000 0.999
THR01A0218_001 0.817 0.821 0.821 0.815 0.820
THR01A0218_002 0.183 0.179 0.179 0.185 0.180
ASP01A0219_001 0.000 0.000 0.000 0.000 0.000
ASP01A0219_002 0.000 0.000 0.000 0.000 0.000
ASP02A0219_003 0.000 0.000 0.000 0.000 0.000
ASP02A0219_004 0.000 0.000 0.000 0.000 0.000
ASP-1A0219_005 1.000 1.000 1.000 1.000 1.000
THR01A0220_001 0.152 0.156 0.149 0.149 0.155
THR01A0220_002 0.056 0.056 0.058 0.057 0.056
THR01A0220_003 0.792 0.788 0.792 0.794 0.789
TRP01A0221_001 1.000 1.000 1.000 1.000 1.000
SER01A0222_001 0.977 0.978 0.980 0.979 0.979
SER01A0222_002 0.023 0.022 0.020 0.021 0.021
PHE01A0223_001 1.000 1.000 1.000 1.000 1.000
VAL01A0225_001 1.000 1.000 1.000 1.000 1.000
LEU01A0226_001 1.000 1.000 1.000 1.000 1.000
LEU01A0227_001 1.000 1.000 1.000 1.000 1.000
TRP01A0228_001 1.000 1.000 1.000 1.000 1.000
GLU01A0229_001 0.000 0.000 0.000 0.000 0.000
GLU01A0229_002 0.000 0.000 0.000 0.000 0.000
GLU02A0229_003 0.000 0.000 0.000 0.000 0.000
GLU02A0229_004 0.000 0.000 0.000 0.000 0.000
GLU-1A0229_005 1.000 1.000 1.000 1.000 1.000
ILE01A0230_001 1.000 1.000 1.000 1.000 1.000
PHE01A0231_001 1.000 1.000 1.000 1.000 1.000
SER01A0232_001 1.000 1.000 1.000 1.000 1.000
LEU01A0233_001 1.000 1.000 1.000 1.000 1.000
TYR01A0235_001 0.481 0.473 0.475 0.476 0.475
TYR01A0235_002 0.498 0.500 0.499 0.500 0.498
TYR-1A0235_003 0.021 0.027 0.026 0.024 0.027
MET01A0236_001 1.000 1.000 1.000 1.000 1.000
PRO01A0237_001 1.000 1.000 1.000 1.000 1.000
TYR01A0238_001 1.000 1.000 1.000 1.000 1.000
TYR-1A0238_002 0.000 0.000 0.000 0.000 0.000
PRO01A0239_001 1.000 1.000 1.000 1.000 1.000
SER01A0240_001 0.987 0.988 0.989 0.989 0.988
SER01A0240_002 0.013 0.012 0.011 0.011 0.012
LYS01A0241_001 0.010 0.010 0.010 0.009 0.010
LYS+1A0241_002 0.990 0.990 0.990 0.991 0.990
SER01A0242_001 0.986 0.986 0.985 0.986 0.986
SER01A0242_002 0.014 0.014 0.015 0.014 0.014
ASN01A0243_001 0.997 0.997 1.000 0.998 0.997
ASN01A0243_002 0.003 0.003 0.000 0.002 0.003
GLN01A0244_001 0.588 0.580 0.582 0.578 0.581
GLN01A0244_002 0.412 0.420 0.418 0.422 0.419
GLU01A0245_001 0.000 0.000 0.000 0.000 0.000
GLU01A0245_002 0.000 0.000 0.000 0.000 0.000
GLU02A0245_003 0.000 0.000 0.000 0.000 0.000
GLU02A0245_004 0.000 0.000 0.000 0.000 0.000
GLU-1A0245_005 1.000 1.000 1.000 1.000 1.000
VAL01A0246_001 1.000 1.000 1.000 1.000 1.000
LEU01A0247_001 1.000 1.000 1.000 1.000 1.000
GLU01A0248_001 0.000 0.000 0.000 0.000 0.000
GLU01A0248_002 0.000 0.000 0.000 0.001 0.001
GLU02A0248_003 0.000 0.000 0.000 0.000 0.000
GLU02A0248_004 0.000 0.000 0.000 0.001 0.001
GLU-1A0248_005 1.000 1.000 1.000 0.998 0.998
PHE01A0249_001 1.000 1.000 1.000 1.000 1.000
VAL01A0250_001 1.000 1.000 1.000 1.000 1.000
THR01A0251_001 0.033 0.031 0.034 0.036 0.035
THR01A0251_002 0.967 0.969 0.966 0.964 0.965
SER01A0252_001 0.471 0.477 0.475 0.472 0.477
SER01A0252_002 0.529 0.523 0.525 0.528 0.523
ARG01A0255_001 0.000 0.000 0.000 0.000 0.000
ARG02A0255_002 0.000 0.000 0.000 0.000 0.000
ARG02A0255_003 0.000 0.000 0.000 0.000 0.000
ARG03A0255_004 0.000 0.000 0.000 0.000 0.000
ARG+1A0255_005 1.000 1.000 1.000 1.000 1.000
MET01A0256_001 1.000 1.000 1.000 1.000 1.000
ASP01A0257_001 0.000 0.000 0.000 0.000 0.000
ASP01A0257_002 0.000 0.000 0.000 0.000 0.000
ASP02A0257_003 0.000 0.000 0.000 0.000 0.000
ASP02A0257_004 0.000 0.000 0.000 0.000 0.000
ASP-1A0257_005 1.000 1.000 1.000 1.000 1.000
PRO01A0258_001 1.000 1.000 1.000 1.000 1.000
PRO01A0259_001 1.000 1.000 1.000 1.000 1.000
LYS01A0260_001 0.001 0.001 0.000 0.001 0.000
LYS+1A0260_002 0.999 0.999 1.000 0.999 1.000
ASN01A0261_001 0.952 0.951 0.954 0.955 0.954
ASN01A0261_002 0.048 0.049 0.046 0.045 0.046
CYS01A0262_001 0.435 0.442 0.440 0.433 0.438
CYS01A0262_002 0.284 0.284 0.283 0.291 0.282
CYS01A0262_003 0.281 0.274 0.277 0.275 0.280
CYS-1A0262_004 0.000 0.000 0.000 0.000 0.000
PRO01A0263_001 1.000 1.000 1.000 1.000 1.000
PRO01A0265_001 1.000 1.000 1.000 1.000 1.000
VAL01A0266_001 1.000 1.000 1.000 1.000 1.000
TYR01A0267_001 0.987 0.988 0.986 0.988 0.987
TYR01A0267_002 0.013 0.012 0.014 0.012 0.013
TYR-1A0267_003 0.000 0.000 0.000 0.000 0.000
ARG01A0268_001 0.000 0.000 0.000 0.000 0.000
ARG02A0268_002 0.000 0.000 0.000 0.000 0.000
ARG03A0268_003 0.000 0.000 0.000 0.000 0.000
ARG+1A0268_004 1.000 1.000 1.000 1.000 1.000
ILE01A0269_001 1.000 1.000 1.000 1.000 1.000
MET01A0270_001 1.000 1.000 1.000 1.000 1.000
THR01A0271_001 0.016 0.016 0.017 0.018 0.018
THR01A0271_002 0.984 0.984 0.983 0.982 0.982
GLN01A0272_001 0.967 0.968 0.970 0.967 0.968
GLN01A0272_002 0.033 0.032 0.030 0.033 0.032
CYS01A0273_001 0.336 0.338 0.333 0.340 0.336
CYS01A0273_002 0.363 0.364 0.364 0.364 0.366
CYS01A0273_003 0.301 0.298 0.303 0.296 0.298
CYS-1A0273_004 0.000 0.000 0.000 0.000 0.000
TRP01A0274_001 1.000 1.000 1.000 1.000 1.000
GLN01A0275_001 0.687 0.686 0.686 0.682 0.687
GLN01A0275_002 0.313 0.314 0.314 0.318 0.313
HIS01A0276_001 0.399 0.401 0.406 0.388 0.392
HIS01A0276_002 0.125 0.119 0.123 0.128 0.129
HIS02A0276_003 0.393 0.400 0.390 0.401 0.394
HIS02A0276_004 0.056 0.055 0.055 0.058 0.057
HIS+1A0276_005 0.014 0.014 0.013 0.014 0.014
HIS+1A0276_006 0.013 0.010 0.013 0.012 0.014
GLN01A0277_001 0.014 0.014 0.013 0.015 0.016
GLN01A0277_002 0.986 0.986 0.987 0.985 0.984
PRO01A0278_001 1.000 1.000 1.000 1.000 1.000
GLU01A0279_001 0.000 0.000 0.000 0.000 0.000
GLU01A0279_002 0.000 0.000 0.000 0.000 0.000
GLU02A0279_003 0.000 0.000 0.000 0.000 0.000
GLU02A0279_004 0.000 0.000 0.000 0.000 0.000
GLU-1A0279_005 1.000 1.000 1.000 1.000 1.000
ASP01A0280_001 0.000 0.000 0.000 0.000 0.000
ASP01A0280_002 0.001 0.000 0.000 0.000 0.000
ASP02A0280_003 0.000 0.000 0.000 0.000 0.000
ASP02A0280_004 0.000 0.000 0.000 0.000 0.000
ASP-1A0280_005 0.999 1.000 1.000 1.000 1.000
ARG01A0281_001 0.000 0.000 0.000 0.000 0.000
ARG02A0281_002 0.000 0.000 0.000 0.000 0.000
ARG02A0281_003 0.000 0.000 0.000 0.000 0.000
ARG03A0281_004 0.000 0.000 0.000 0.000 0.000
ARG03A0281_005 0.000 0.000 0.000 0.000 0.000
ARG+1A0281_006 1.000 1.000 1.000 1.000 1.000
PRO01A0282_001 1.000 1.000 1.000 1.000 1.000
ASN01A0283_001 1.000 1.000 1.000 1.000 1.000
PHE01A0284_001 1.000 1.000 1.000 1.000 1.000
ALA01A0285_001 1.000 1.000 1.000 1.000 1.000
ILE01A0286_001 1.000 1.000 1.000 1.000 1.000
ILE01A0287_001 1.000 1.000 1.000 1.000 1.000
LEU01A0288_001 1.000 1.000 1.000 1.000 1.000
GLU01A0289_001 0.000 0.000 0.000 0.000 0.000
GLU01A0289_002 0.000 0.001 0.000 0.001 0.000
GLU02A0289_003 0.000 0.000 0.000 0.000 0.000
GLU02A0289_004 0.000 0.001 0.002 0.002 0.002
GLU-1A0289_005 1.000 0.998 0.998 0.998 0.998
ARG01A0290_001 0.000 0.000 0.000 0.000 0.000
ARG02A0290_002 0.000 0.000 0.000 0.000 0.000
ARG03A0290_003 0.000 0.000 0.000 0.000 0.000
ARG+1A0290_004 1.000 1.000 1.000 1.000 1.000
ILE01A0291_001 1.000 1.000 1.000 1.000 1.000
GLU01A0292_001 0.000 0.000 0.000 0.000 0.000
GLU01A0292_002 0.000 0.001 0.000 0.002 0.000
GLU02A0292_003 0.000 0.000 0.000 0.000 0.000
GLU02A0292_004 0.000 0.001 0.000 0.000 0.000
GLU-1A0292_005 1.000 0.998 1.000 0.998 1.000
TYR01A0293_001 0.466 0.468 0.463 0.463 0.466
TYR01A0293_002 0.528 0.526 0.537 0.532 0.530
TYR-1A0293_003 0.006 0.005 0.000 0.004 0.004
CYS01A0294_001 0.067 0.067 0.064 0.062 0.068
CYS01A0294_002 0.791 0.795 0.800 0.800 0.790
CYS01A0294_003 0.142 0.139 0.136 0.138 0.142
CYS-1A0294_004 0.000 0.000 0.000 0.000 0.000
THR01A0295_001 0.527 0.534 0.535 0.527 0.538
THR01A0295_002 0.070 0.070 0.071 0.072 0.069
THR01A0295_003 0.403 0.396 0.395 0.401 0.393
GLN01A0296_001 0.602 0.599 0.599 0.591 0.598
GLN01A0296_002 0.398 0.401 0.401 0.409 0.402
ASP01A0297_001 0.000 0.000 0.000 0.000 0.000
ASP01A0297_002 0.000 0.000 0.000 0.000 0.000
ASP02A0297_003 0.000 0.000 0.000 0.000 0.000
ASP02A0297_004 0.000 0.000 0.000 0.000 0.000
ASP-1A0297_005 1.000 1.000 1.000 1.000 1.000
PRO01A0298_001 1.000 1.000 1.000 1.000 1.000
ASP01A0299_001 0.000 0.000 0.000 0.000 0.000
ASP01A0299_002 0.000 0.000 0.000 0.000 0.000
ASP02A0299_003 0.000 0.000 0.000 0.000 0.000
ASP02A0299_004 0.000 0.000 0.000 0.000 0.001
ASP-1A0299_005 1.000 1.000 1.000 1.000 0.999
VAL01A0300_001 1.000 1.000 1.000 1.000 1.000
ILE01A0301_001 1.000 1.000 1.000 1.000 1.000
ASN01A0302_001 0.872 0.872 0.867 0.868 0.869
ASN01A0302_002 0.128 0.128 0.133 0.132 0.131
THR01A0303_001 1.000 1.000 1.000 1.000 1.000
ALA01A0304_001 1.000 1.000 1.000 1.000 1.000
LEU01A0305_001 1.000 1.000 1.000 1.000 1.000
PRO01A0306_001 1.000 1.000 1.000 1.000 1.000
ILE01A0307_001 1.000 1.000 1.000 1.000 1.000
GLU01A0308_001 0.000 0.000 0.000 0.000 0.000
GLU01A0308_002 0.000 0.000 0.000 0.000 0.000
GLU02A0308_003 0.000 0.000 0.000 0.000 0.000
GLU02A0308_004 0.000 0.000 0.000 0.000 0.000
GLU-1A0308_005 1.000 1.000 1.000 1.000 1.000
TYR01A0309_001 0.983 0.982 0.984 0.983 0.983
TYR-1A0309_002 0.017 0.018 0.016 0.017 0.017
VGH21B0001_001 0.003 0.003 0.003 0.003 0.003
VGH21B0001_002 0.000 0.000 0.000 0.000 0.000
VGH11B0001_003 0.997 0.997 0.997 0.996 0.995
VGH01B0001_004 0.000 0.000 0.000 0.001 0.001
VGH12B0001_005 0.000 0.000 0.000 0.000 0.000
VGHDMB0001_006 0.000 0.000 0.000 0.000 0.000
