   Rotamer making statitics:
   Residue   Start  Clean   Swap Rotate   Self  Hbond Repack  Ioni.   TorH     OH  Elect
   ASNA0001      1      1      2      2      2      2      2      2      2      2      2
   PROA0002      1      1      1      1      1      1      1      1      1      1      1
   ASNA0003      1      1      2      2      2      2      2      2      2      2      2
   TYRA0004      1      1      1      1      1      1      1      2      3      3      2
   CYSA0005      1      1      1      1      1      1      1      2      4      4      4
   PHEA0006      1      1      1      1      1      1      1      1      1      1      1
   ALAA0007      1      1      1      1      1      1      1      1      1      1      1
   GLYA0008      0      0      0      0      0      0      0      0      0      0      0
   LYSA0009      1      1      1      1      1      1      1      2      2      2      2
   THRA0010      1      1      1      1      1      1      1      1      2      2      2
   SERA0011      1      1      1      1      1      1      1      1      1      1      1
   SERA0012      1      1      1      1      1      1      1      1      2      2      2
   ILEA0013      1      1      1      1      1      1      1      1      1      1      1
   SERA0014      1      1      1      1      1      1      1      1      2      2      1
   ASPA0015      1      1      1      1      1      1      1      3      5      5      5
   LEUA0016      1      1      1      1      1      1      1      1      1      1      1
   LYSA0017      1      1      1      1      1      1      1      2      2      2      2
   GLUA0018      1      1      1      1      1      1      1      3      5      5      5
   VALA0019      1      1      1      1      1      1      1      1      1      1      1
   PROA0020      1      1      1      1      1      1      1      1      1      1      1
   ARGA0021      1      1      1      1      1      1      1      4      4      4      4
   LYSA0022      1      1      1      1      1      1      1      2      2      2      2
   ASNA0023      1      1      2      2      2      2      2      2      2      2      2
   ILEA0024      1      1      1      1      1      1      1      1      1      1      1
   THRA0025      1      1      1      1      1      1      1      1      2      2      1
   LEUA0026      1      1      1      1      1      1      1      1      1      1      1
   ILEA0027      1      1      1      1      1      1      1      1      1      1      1
   ARGA0028      1      1      1      1      1      1      1      4      5      5      5
   GLYA0029      0      0      0      0      0      0      0      0      0      0      0
   LEUA0030      1      1      1      1      1      1      1      1      1      1      1
   GLYA0031      0      0      0      0      0      0      0      0      0      0      0
   HISA0032      1      1      2      2      2      2      2      6      6      6      6
   GLYA0033      0      0      0      0      0      0      0      0      0      0      0
   ALAA0034      1      1      1      1      1      1      1      1      1      1      1
   PHEA0035      1      1      1      1      1      1      1      1      1      1      1
   GLYA0036      0      0      0      0      0      0      0      0      0      0      0
   GLUA0037      1      1      1      1      1      1      1      3      5      5      5
   VALA0038      1      1      1      1      1      1      1      1      1      1      1
   TYRA0039      1      1      1      1      1      1      1      2      3      3      3
   GLUA0040      1      1      1      1      1      1      1      3      5      5      5
   GLYA0041      0      0      0      0      0      0      0      0      0      0      0
   GLNA0042      1      1      2      2      2      2      2      2      2      2      2
   VALA0043      1      1      1      1      1      1      1      1      1      1      1
   SERA0044      1      1      1      1      1      1      1      1      2      2      1
   GLYA0045      0      0      0      0      0      0      0      0      0      0      0
   META0046      1      1      1      1      1      1      1      1      1      1      1
   PROA0047      1      1      1      1      1      1      1      1      1      1      1
   ASNA0048      1      1      2      2      2      2      1      1      1      1      1
   ASPA0049      1      1      1      1      1      1      1      3      5      5      5
   PROA0050      1      1      1      1      1      1      1      1      1      1      1
   SERA0051      1      1      1      1      1      1      1      1      2      2      1
   PROA0052      1      1      1      1      1      1      1      1      1      1      1
   LEUA0053      1      1      1      1      1      1      1      1      1      1      1
   GLNA0054      1      1      2      2      2      2      2      2      2      2      2
   VALA0055      1      1      1      1      1      1      1      1      1      1      1
   ALAA0056      1      1      1      1      1      1      1      1      1      1      1
   VALA0057      1      1      1      1      1      1      1      1      1      1      1
   LYSA0058      1      1      1      1      1      1      1      2      2      2      2
   THRA0059      1      1      1      1      1      1      1      1      3      3      3
   LEUA0060      1      1      1      1      1      1      1      1      1      1      1
   PROA0061      1      1      1      1      1      1      1      1      1      1      1
   GLUA0062      1      1      1      1      1      1      1      3      5      5      5
   VALA0063      1      1      1      1      1      1      1      1      1      1      1
   CYSA0064      1      1      1      1      1      1      1      2      4      4      4
   SERA0065      1      1      1      1      1      1      1      1      2      2      2
   GLUA0066      1      1      1      1      1      1      1      3      5      5      5
   GLNA0067      1      1      2      2      2      2      2      2      2      2      2
   ASPA0068      1      1      1      1      1      1      1      3      5      5      5
   GLUA0069      1      1      1      1      1      1      1      3      5      5      5
   LEUA0070      1      1      1      1      1      1      1      1      1      1      1
   ASPA0071      1      1      1      1      1      1      1      3      5      5      5
   PHEA0072      1      1      1      1      1      1      1      1      1      1      1
   LEUA0073      1      1      1      1      1      1      1      1      1      1      1
   META0074      1      1      1      1      1      1      1      1      1      1      1
   GLUA0075      1      1      1      1      1      1      1      3      5      5      5
   ALAA0076      1      1      1      1      1      1      1      1      1      1      1
   LEUA0077      1      1      1      1      1      1      1      1      1      1      1
   ILEA0078      1      1      1      1      1      1      1      1      1      1      1
   ILEA0079      1      1      1      1      1      1      1      1      1      1      1
   SERA0080      1      1      1      1      1      1      1      1      2      2      2
   LYSA0081      1      1      1      1      1      1      1      2      2      2      2
   PHEA0082      1      1      1      1      1      1      1      1      1      1      1
   ASNA0083      1      1      2      2      2      2      1      1      1      1      1
   HISA0084      1      1      2      2      1      1      1      3      3      3      3
   GLNA0085      1      1      2      2      2      2      2      2      2      2      2
   ASNA0086      1      1      2      2      2      2      2      2      2      2      2
   ILEA0087      1      1      1      1      1      1      1      1      1      1      1
   VALA0088      1      1      1      1      1      1      1      1      1      1      1
   ARGA0089      1      1      1      1      1      1      1      4      5      5      5
   CYSA0090      1      1      1      1      1      1      1      2      4      4      4
   ILEA0091      1      1      1      1      1      1      1      1      1      1      1
   GLYA0092      0      0      0      0      0      0      0      0      0      0      0
   VALA0093      1      1      1      1      1      1      1      1      1      1      1
   SERA0094      1      1      1      1      1      1      1      1      3      3      3
   LEUA0095      1      1      1      1      1      1      1      1      1      1      1
   GLNA0096      1      1      2      2      2      2      2      2      2      2      2
   SERA0097      1      1      1      1      1      1      1      1      1      1      1
   LEUA0098      1      1      1      1      1      1      1      1      1      1      1
   PROA0099      1      1      1      1      1      1      1      1      1      1      1
   ARGA0100      1      1      1      1      1      1      1      4      5      5      5
   PHEA0101      1      1      1      1      1      1      1      1      1      1      1
   ILEA0102      1      1      1      1      1      1      1      1      1      1      1
   LEUA0103      1      1      1      1      1      1      1      1      1      1      1
   META0104      1      1      1      1      1      1      1      1      1      1      1
   GLUA0105      1      1      1      1      1      1      1      3      5      5      5
   LEUA0106      1      1      1      1      1      1      1      1      1      1      1
   META0107      1      1      1      1      1      1      1      1      1      1      1
   ALAA0108      1      1      1      1      1      1      1      1      1      1      1
   GLYA0109      0      0      0      0      0      0      0      0      0      0      0
   GLYA0110      0      0      0      0      0      0      0      0      0      0      0
   ASPA0111      1      1      1      1      1      1      1      3      5      5      5
   LEUA0112      1      1      1      1      1      1      1      1      1      1      1
   LYSA0113      1      1      1      1      1      1      1      2      2      2      2
   SERA0114      1      1      1      1      1      1      1      1      3      3      3
   PHEA0115      1      1      1      1      1      1      1      1      1      1      1
   LEUA0116      1      1      1      1      1      1      1      1      1      1      1
   ARGA0117      1      1      1      1      1      1      1      4      4      4      4
   GLUA0118      1      1      1      1      1      1      1      3      5      5      5
   THRA0119      1      1      1      1      1      1      1      1      3      3      2
   ARGA0120      1      1      1      1      1      1      1      4      5      5      5
   PROA0121      1      1      1      1      1      1      1      1      1      1      1
   ARGA0122      1      1      1      1      1      1      1      4      4      4      4
   PROA0123      1      1      1      1      1      1      1      1      1      1      1
   SERA0124      1      1      1      1      1      1      1      1      1      1      1
   GLNA0125      1      1      2      2      2      2      1      1      1      1      1
   PROA0126      1      1      1      1      1      1      1      1      1      1      1
   SERA0127      1      1      1      1      1      1      1      1      2      2      2
   SERA0128      1      1      1      1      1      1      1      1      1      1      1
   LEUA0129      1      1      1      1      1      1      1      1      1      1      1
   ALAA0130      1      1      1      1      1      1      1      1      1      1      1
   META0131      1      1      1      1      1      1      1      1      1      1      1
   LEUA0132      1      1      1      1      1      1      1      1      1      1      1
   ASPA0133      1      1      1      1      1      1      1      3      5      5      5
   LEUA0134      1      1      1      1      1      1      1      1      1      1      1
   LEUA0135      1      1      1      1      1      1      1      1      1      1      1
   HISA0136      1      1      2      2      2      2      2      6      6      6      6
   VALA0137      1      1      1      1      1      1      1      1      1      1      1
   ALAA0138      1      1      1      1      1      1      1      1      1      1      1
   ARGA0139      1      1      1      1      1      1      1      4      6      6      6
   ASPA0140      1      1      1      1      1      1      1      3      5      5      5
   ILEA0141      1      1      1      1      1      1      1      1      1      1      1
   ALAA0142      1      1      1      1      1      1      1      1      1      1      1
   CYSA0143      1      1      1      1      1      1      1      2      4      4      4
   GLYA0144      0      0      0      0      0      0      0      0      0      0      0
   CYSA0145      1      1      1      1      1      1      1      2      4      4      4
   GLNA0146      1      1      2      2      2      2      2      2      2      2      2
   TYRA0147      1      1      1      1      1      1      1      2      2      2      2
   LEUA0148      1      1      1      1      1      1      1      1      1      1      1
   GLUA0149      1      1      1      1      1      1      1      3      5      5      5
   GLUA0150      1      1      1      1      1      1      1      3      5      5      5
   ASNA0151      1      1      2      2      2      2      2      2      2      2      2
   HISA0152      1      1      2      2      2      2      2      6      6      6      6
   PHEA0153      1      1      1      1      1      1      1      1      1      1      1
   ILEA0154      1      1      1      1      1      1      1      1      1      1      1
   HISA0155      1      1      2      2      1      1      1      3      3      3      3
   ARGA0156      1      1      1      1      1      1      1      4      4      4      4
   ASPA0157      1      1      1      1      1      1      1      3      5      5      5
   ILEA0158      1      1      1      1      1      1      1      1      1      1      1
   ALAA0159      1      1      1      1      1      1      1      1      1      1      1
   ALAA0160      1      1      1      1      1      1      1      1      1      1      1
   ARGA0161      1      1      1      1      1      1      1      4      5      5      5
   ASNA0162      1      1      2      2      2      2      2      2      2      2      2
   CYSA0163      1      1      1      1      1      1      1      2      4      4      4
   LEUA0164      1      1      1      1      1      1      1      1      1      1      1
   LEUA0165      1      1      1      1      1      1      1      1      1      1      1
   THRA0166      1      1      1      1      1      1      1      1      3      3      2
   CYSA0167      1      1      1      1      1      1      1      2      4      4      4
   PROA0168      1      1      1      1      1      1      1      1      1      1      1
   GLYA0169      0      0      0      0      0      0      0      0      0      0      0
   PROA0170      1      1      1      1      1      1      1      1      1      1      1
   GLYA0171      0      0      0      0      0      0      0      0      0      0      0
   ARGA0172      1      1      1      1      1      1      1      4      6      6      6
   VALA0173      1      1      1      1      1      1      1      1      1      1      1
   ALAA0174      1      1      1      1      1      1      1      1      1      1      1
   LYSA0175      1      1      1      1      1      1      1      2      2      2      2
   ILEA0176      1      1      1      1      1      1      1      1      1      1      1
   ALAA0177      1      1      1      1      1      1      1      1      1      1      1
   ASPA0178      1      1      1      1      1      1      1      3      5      5      5
   PHEA0179      1      1      1      1      1      1      1      1      1      1      1
   GLYA0180      0      0      0      0      0      0      0      0      0      0      0
   META0181      1      1      1      1      1      1      1      1      1      1      1
   ALAA0182      1      1      1      1      1      1      1      1      1      1      1
   ARGA0183      1      1      1      1      1      1      1      4      6      6      6
   ASPA0184      1      1      1      1      1      1      1      3      5      5      5
   ILEA0185      1      1      1      1      1      1      1      1      1      1      1
   TYRA0186      1      1      1      1      1      1      1      2      2      2      2
   ARGA0187      1      1      1      1      1      1      1      4      5      5      5
   ALAA0188      1      1      1      1      1      1      1      1      1      1      1
   SERA0189      1      1      1      1      1      1      1      1      2      2      2
   TYRA0190      1      1      1      1      1      1      1      2      2      2      2
   TYRA0191      1      1      1      1      1      1      1      2      2      2      2
   ARGA0192      1      1      1      1      1      1      1      4      4      4      4
   LYSA0193      1      1      1      1      1      1      1      2      2      2      2
   GLYA0194      0      0      0      0      0      0      0      0      0      0      0
   GLYA0195      0      0      0      0      0      0      0      0      0      0      0
   CYSA0196      1      1      1      1      1      1      1      2      4      4      4
   ALAA0197      1      1      1      1      1      1      1      1      1      1      1
   META0198      1      1      1      1      1      1      1      1      1      1      1
   LEUA0199      1      1      1      1      1      1      1      1      1      1      1
   PROA0200      1      1      1      1      1      1      1      1      1      1      1
   VALA0201      1      1      1      1      1      1      1      1      1      1      1
   LYSA0202      1      1      1      1      1      1      1      2      2      2      2
   TRPA0203      1      1      1      1      1      1      1      1      1      1      1
   META0204      1      1      1      1      1      1      1      1      1      1      1
   PROA0205      1      1      1      1      1      1      1      1      1      1      1
   PROA0206      1      1      1      1      1      1      1      1      1      1      1
   GLUA0207      1      1      1      1      1      1      1      3      5      5      5
   ALAA0208      1      1      1      1      1      1      1      1      1      1      1
   PHEA0209      1      1      1      1      1      1      1      1      1      1      1
   META0210      1      1      1      1      1      1      1      1      1      1      1
   GLUA0211      1      1      1      1      1      1      1      3      5      5      5
   GLYA0212      0      0      0      0      0      0      0      0      0      0      0
   ILEA0213      1      1      1      1      1      1      1      1      1      1      1
   PHEA0214      1      1      1      1      1      1      1      1      1      1      1
   THRA0215      1      1      1      1      1      1      1      1      3      3      2
   SERA0216      1      1      1      1      1      1      1      1      2      2      2
   LYSA0217      1      1      1      1      1      1      1      2      2      2      2
   THRA0218      1      1      1      1      1      1      1      1      2      2      2
   ASPA0219      1      1      1      1      1      1      1      3      5      5      5
   THRA0220      1      1      1      1      1      1      1      1      3      3      3
   TRPA0221      1      1      1      1      1      1      1      1      1      1      1
   SERA0222      1      1      1      1      1      1      1      1      2      2      2
   PHEA0223      1      1      1      1      1      1      1      1      1      1      1
   GLYA0224      0      0      0      0      0      0      0      0      0      0      0
   VALA0225      1      1      1      1      1      1      1      1      1      1      1
   LEUA0226      1      1      1      1      1      1      1      1      1      1      1
   LEUA0227      1      1      1      1      1      1      1      1      1      1      1
   TRPA0228      1      1      1      1      1      1      1      1      1      1      1
   GLUA0229      1      1      1      1      1      1      1      3      5      5      5
   ILEA0230      1      1      1      1      1      1      1      1      1      1      1
   PHEA0231      1      1      1      1      1      1      1      1      1      1      1
   SERA0232      1      1      1      1      1      1      1      1      2      2      1
   LEUA0233      1      1      1      1      1      1      1      1      1      1      1
   GLYA0234      0      0      0      0      0      0      0      0      0      0      0
   TYRA0235      1      1      1      1      1      1      1      2      3      3      3
   META0236      1      1      1      1      1      1      1      1      1      1      1
   PROA0237      1      1      1      1      1      1      1      1      1      1      1
   TYRA0238      1      1      1      1      1      1      1      2      2      2      2
   PROA0239      1      1      1      1      1      1      1      1      1      1      1
   SERA0240      1      1      1      1      1      1      1      1      2      2      2
   LYSA0241      1      1      1      1      1      1      1      2      2      2      2
   SERA0242      1      1      1      1      1      1      1      1      2      2      2
   ASNA0243      1      1      2      2      2      2      2      2      2      2      2
   GLNA0244      1      1      2      2      2      2      2      2      2      2      2
   GLUA0245      1      1      1      1      1      1      1      3      5      5      5
   VALA0246      1      1      1      1      1      1      1      1      1      1      1
   LEUA0247      1      1      1      1      1      1      1      1      1      1      1
   GLUA0248      1      1      1      1      1      1      1      3      5      5      5
   PHEA0249      1      1      1      1      1      1      1      1      1      1      1
   VALA0250      1      1      1      1      1      1      1      1      1      1      1
   THRA0251      1      1      1      1      1      1      1      1      3      3      2
   SERA0252      1      1      1      1      1      1      1      1      2      2      2
   GLYA0253      0      0      0      0      0      0      0      0      0      0      0
   GLYA0254      0      0      0      0      0      0      0      0      0      0      0
   ARGA0255      1      1      1      1      1      1      1      4      5      5      5
   META0256      1      1      1      1      1      1      1      1      1      1      1
   ASPA0257      1      1      1      1      1      1      1      3      5      5      5
   PROA0258      1      1      1      1      1      1      1      1      1      1      1
   PROA0259      1      1      1      1      1      1      1      1      1      1      1
   LYSA0260      1      1      1      1      1      1      1      2      2      2      2
   ASNA0261      1      1      2      2      2      2      2      2      2      2      2
   CYSA0262      1      1      1      1      1      1      1      2      4      4      4
   PROA0263      1      1      1      1      1      1      1      1      1      1      1
   GLYA0264      0      0      0      0      0      0      0      0      0      0      0
   PROA0265      1      1      1      1      1      1      1      1      1      1      1
   VALA0266      1      1      1      1      1      1      1      1      1      1      1
   TYRA0267      1      1      1      1      1      1      1      2      3      3      3
   ARGA0268      1      1      1      1      1      1      1      4      4      4      4
   ILEA0269      1      1      1      1      1      1      1      1      1      1      1
   META0270      1      1      1      1      1      1      1      1      1      1      1
   THRA0271      1      1      1      1      1      1      1      1      2      2      2
   GLNA0272      1      1      2      2      2      2      2      2      2      2      2
   CYSA0273      1      1      1      1      1      1      1      2      4      4      4
   TRPA0274      1      1      1      1      1      1      1      1      1      1      1
   GLNA0275      1      1      2      2      2      2      2      2      2      2      2
   HISA0276      1      1      2      2      2      2      2      6      6      6      6
   GLNA0277      1      1      2      2      2      2      2      2      2      2      2
   PROA0278      1      1      1      1      1      1      1      1      1      1      1
   GLUA0279      1      1      1      1      1      1      1      3      5      5      5
   ASPA0280      1      1      1      1      1      1      1      3      5      5      5
   ARGA0281      1      1      1      1      1      1      1      4      6      6      6
   PROA0282      1      1      1      1      1      1      1      1      1      1      1
   ASNA0283      1      1      2      2      2      2      1      1      1      1      1
   PHEA0284      1      1      1      1      1      1      1      1      1      1      1
   ALAA0285      1      1      1      1      1      1      1      1      1      1      1
   ILEA0286      1      1      1      1      1      1      1      1      1      1      1
   ILEA0287      1      1      1      1      1      1      1      1      1      1      1
   LEUA0288      1      1      1      1      1      1      1      1      1      1      1
   GLUA0289      1      1      1      1      1      1      1      3      5      5      5
   ARGA0290      1      1      1      1      1      1      1      4      4      4      4
   ILEA0291      1      1      1      1      1      1      1      1      1      1      1
   GLUA0292      1      1      1      1      1      1      1      3      5      5      5
   TYRA0293      1      1      1      1      1      1      1      2      3      3      3
   CYSA0294      1      1      1      1      1      1      1      2      4      4      4
   THRA0295      1      1      1      1      1      1      1      1      3      3      3
   GLNA0296      1      1      2      2      2      2      2      2      2      2      2
   ASPA0297      1      1      1      1      1      1      1      3      5      5      5
   PROA0298      1      1      1      1      1      1      1      1      1      1      1
   ASPA0299      1      1      1      1      1      1      1      3      5      5      5
   VALA0300      1      1      1      1      1      1      1      1      1      1      1
   ILEA0301      1      1      1      1      1      1      1      1      1      1      1
   ASNA0302      1      1      2      2      2      2      2      2      2      2      2
   THRA0303      1      1      1      1      1      1      1      1      2      2      1
   ALAA0304      1      1      1      1      1      1      1      1      1      1      1
   LEUA0305      1      1      1      1      1      1      1      1      1      1      1
   PROA0306      1      1      1      1      1      1      1      1      1      1      1
   ILEA0307      1      1      1      1      1      1      1      1      1      1      1
   GLUA0308      1      1      1      1      1      1      1      3      5      5      5
   TYRA0309      1      1      1      1      1      1      1      2      2      2      2
   GLYA0310      0      0      0      0      0      0      0      0      0      0      0
   VGHB0001      1      1      1      1      1      1      2      6      6      6      6
   Total       288    288    318    318    316    316    313    495    644    644    633
