 ph              7.4   7.4   7.4   7.4   7.4
ALA01A0001_001 1.000 1.000 1.000 1.000 1.000
LEU01A0002_001 1.000 1.000 1.000 1.000 1.000
LEU01A0003_001 1.000 1.000 1.000 1.000 1.000
ARG01A0004_001 0.000 0.000 0.000 0.000 0.000
ARG02A0004_002 0.000 0.000 0.000 0.000 0.000
ARG03A0004_003 0.000 0.000 0.000 0.000 0.000
ARG+1A0004_004 1.000 1.000 1.000 1.000 1.000
ILE01A0005_001 1.000 1.000 1.000 1.000 1.000
LEU01A0006_001 1.000 1.000 1.000 1.000 1.000
LYS01A0007_001 0.000 0.000 0.000 0.000 0.000
LYS+1A0007_002 1.000 1.000 1.000 1.000 1.000
GLU01A0008_001 0.000 0.000 0.000 0.000 0.000
GLU01A0008_002 0.000 0.000 0.000 0.000 0.000
GLU02A0008_003 0.000 0.000 0.000 0.000 0.000
GLU02A0008_004 0.000 0.000 0.000 0.000 0.000
GLU-1A0008_005 1.000 1.000 1.000 1.000 1.000
THR01A0009_001 1.000 1.000 1.000 1.000 1.000
GLU01A0010_001 0.000 0.000 0.000 0.000 0.000
GLU01A0010_002 0.000 0.000 0.000 0.000 0.000
GLU02A0010_003 0.000 0.000 0.000 0.000 0.000
GLU02A0010_004 0.000 0.000 0.000 0.000 0.000
GLU-1A0010_005 1.000 1.000 1.000 1.000 1.000
PHE01A0011_001 1.000 1.000 1.000 1.000 1.000
LYS01A0012_001 0.000 0.000 0.000 0.000 0.000
LYS+1A0012_002 1.000 1.000 1.000 1.000 1.000
LYS01A0013_001 0.000 0.000 0.000 0.000 0.000
LYS+1A0013_002 1.000 1.000 1.000 1.000 1.000
ILE01A0014_001 1.000 1.000 1.000 1.000 1.000
LYS01A0015_001 0.000 0.000 0.000 0.000 0.000
LYS+1A0015_002 1.000 1.000 1.000 1.000 1.000
VAL01A0016_001 1.000 1.000 1.000 1.000 1.000
LEU01A0017_001 1.000 1.000 1.000 1.000 1.000
SER01A0019_001 1.000 1.000 1.000 1.000 1.000
ALA01A0021_001 1.000 1.000 1.000 1.000 1.000
PHE01A0022_001 1.000 1.000 1.000 1.000 1.000
THR01A0024_001 0.205 0.204 0.203 0.204 0.204
THR01A0024_002 0.795 0.796 0.797 0.796 0.796
VAL01A0025_001 1.000 1.000 1.000 1.000 1.000
TYR01A0026_001 0.398 0.399 0.399 0.399 0.399
TYR01A0026_002 0.602 0.601 0.601 0.601 0.601
TYR-1A0026_003 0.000 0.000 0.000 0.000 0.000
LYS01A0027_001 0.927 0.927 0.927 0.927 0.927
LYS+1A0027_002 0.073 0.073 0.073 0.073 0.073
LEU01A0029_001 1.000 1.000 1.000 1.000 1.000
TRP01A0030_001 1.000 1.000 1.000 1.000 1.000
ILE01A0031_001 1.000 1.000 1.000 1.000 1.000
PRO01A0032_001 1.000 1.000 1.000 1.000 1.000
GLU01A0033_001 0.010 0.011 0.011 0.010 0.010
GLU01A0033_002 0.140 0.139 0.142 0.140 0.141
GLU02A0033_003 0.000 0.000 0.000 0.000 0.000
GLU02A0033_004 0.012 0.013 0.012 0.012 0.012
GLU-1A0033_005 0.838 0.838 0.836 0.837 0.836
GLU01A0035_001 0.000 0.000 0.000 0.000 0.000
GLU01A0035_002 0.016 0.016 0.016 0.015 0.016
GLU02A0035_003 0.000 0.000 0.000 0.000 0.000
GLU02A0035_004 0.005 0.005 0.005 0.005 0.005
GLU-1A0035_005 0.979 0.979 0.979 0.980 0.980
LYS01A0036_001 0.000 0.000 0.000 0.000 0.000
LYS+1A0036_002 1.000 1.000 1.000 1.000 1.000
VAL01A0037_001 1.000 1.000 1.000 1.000 1.000
LYS01A0038_001 0.000 0.000 0.000 0.000 0.000
LYS+1A0038_002 1.000 1.000 1.000 1.000 1.000
ILE01A0039_001 1.000 1.000 1.000 1.000 1.000
PRO01A0040_001 1.000 1.000 1.000 1.000 1.000
VAL01A0041_001 1.000 1.000 1.000 1.000 1.000
ALA01A0042_001 1.000 1.000 1.000 1.000 1.000
ILE01A0043_001 1.000 1.000 1.000 1.000 1.000
LYS01A0044_001 0.045 0.047 0.046 0.047 0.047
LYS+1A0044_002 0.955 0.953 0.954 0.953 0.953
GLU01A0045_001 0.000 0.000 0.000 0.000 0.000
GLU01A0045_002 0.000 0.000 0.000 0.000 0.000
GLU02A0045_003 0.000 0.000 0.000 0.000 0.000
GLU02A0045_004 0.000 0.000 0.000 0.000 0.000
GLU-1A0045_005 1.000 1.000 1.000 1.000 1.000
LEU01A0046_001 1.000 1.000 1.000 1.000 1.000
ARG01A0047_001 0.000 0.000 0.000 0.000 0.000
ARG02A0047_002 0.000 0.000 0.000 0.000 0.000
ARG03A0047_003 0.000 0.000 0.000 0.000 0.000
ARG03A0047_004 0.000 0.000 0.000 0.000 0.000
ARG+1A0047_005 1.000 1.000 1.000 1.000 1.000
GLU01A0048_001 0.000 0.000 0.000 0.000 0.000
GLU01A0048_002 0.003 0.003 0.006 0.006 0.005
GLU02A0048_003 0.000 0.000 0.000 0.000 0.000
GLU02A0048_004 0.001 0.001 0.000 0.000 0.000
GLU-1A0048_005 0.995 0.995 0.994 0.994 0.994
ALA01A0049_001 1.000 1.000 1.000 1.000 1.000
THR01A0050_001 0.016 0.017 0.017 0.016 0.016
THR01A0050_002 0.984 0.983 0.983 0.984 0.984
SER01A0051_001 1.000 1.000 1.000 1.000 1.000
PRO01A0052_001 1.000 1.000 1.000 1.000 1.000
LYS01A0053_001 0.003 0.003 0.003 0.003 0.003
LYS+1A0053_002 0.997 0.997 0.997 0.997 0.997
ALA01A0054_001 1.000 1.000 1.000 1.000 1.000
ASN01A0055_001 0.000 0.000 0.000 0.000 0.000
ASN01A0055_002 1.000 1.000 1.000 1.000 1.000
LYS01A0056_001 0.003 0.003 0.003 0.004 0.004
LYS+1A0056_002 0.997 0.997 0.997 0.996 0.996
GLU01A0057_001 0.000 0.000 0.000 0.000 0.000
GLU01A0057_002 0.000 0.000 0.000 0.000 0.000
GLU02A0057_003 0.000 0.000 0.000 0.000 0.000
GLU02A0057_004 0.007 0.007 0.007 0.007 0.007
GLU-1A0057_005 0.993 0.993 0.993 0.993 0.993
ILE01A0058_001 1.000 1.000 1.000 1.000 1.000
LEU01A0059_001 1.000 1.000 1.000 1.000 1.000
ASP01A0060_001 0.000 0.000 0.000 0.000 0.000
ASP01A0060_002 0.000 0.000 0.000 0.000 0.000
ASP02A0060_003 0.000 0.000 0.000 0.000 0.000
ASP02A0060_004 0.000 0.000 0.000 0.000 0.000
ASP-1A0060_005 1.000 1.000 1.000 1.000 1.000
GLU01A0061_001 0.000 0.000 0.000 0.000 0.000
GLU01A0061_002 0.011 0.011 0.015 0.015 0.010
GLU02A0061_003 0.000 0.000 0.000 0.000 0.000
GLU02A0061_004 0.002 0.002 0.000 0.000 0.002
GLU-1A0061_005 0.988 0.988 0.985 0.985 0.988
ALA01A0062_001 1.000 1.000 1.000 1.000 1.000
TYR01A0063_001 1.000 1.000 1.000 1.000 1.000
TYR-1A0063_002 0.000 0.000 0.000 0.000 0.000
VAL01A0064_001 1.000 1.000 1.000 1.000 1.000
MET01A0065_001 1.000 1.000 1.000 1.000 1.000
ALA01A0066_001 1.000 1.000 1.000 1.000 1.000
SER01A0067_001 1.000 1.000 1.000 1.000 1.000
VAL01A0068_001 1.000 1.000 1.000 1.000 1.000
ASP01A0069_001 0.000 0.000 0.000 0.000 0.000
ASP01A0069_002 0.000 0.000 0.000 0.000 0.000
ASP02A0069_003 0.000 0.000 0.000 0.000 0.000
ASP02A0069_004 0.000 0.000 0.000 0.000 0.000
ASP-1A0069_005 1.000 1.000 1.000 1.000 1.000
ASN01A0070_001 1.000 1.000 1.000 1.000 1.000
PRO01A0071_001 1.000 1.000 1.000 1.000 1.000
HIS01A0072_001 0.006 0.006 0.006 0.006 0.006
HIS01A0072_002 0.185 0.185 0.185 0.184 0.186
HIS02A0072_003 0.481 0.481 0.481 0.482 0.480
HIS02A0072_004 0.324 0.324 0.324 0.324 0.324
HIS+1A0072_005 0.001 0.002 0.002 0.002 0.002
HIS+1A0072_006 0.003 0.003 0.003 0.003 0.003
VAL01A0073_001 1.000 1.000 1.000 1.000 1.000
CYS01A0074_001 0.373 0.375 0.376 0.373 0.374
CYS01A0074_002 0.485 0.484 0.483 0.485 0.485
CYS01A0074_003 0.141 0.141 0.141 0.141 0.141
CYS-1A0074_004 0.000 0.000 0.000 0.000 0.000
ARG01A0075_001 0.000 0.000 0.000 0.000 0.000
ARG02A0075_002 0.000 0.000 0.000 0.000 0.000
ARG03A0075_003 0.000 0.000 0.000 0.000 0.000
ARG+1A0075_004 1.000 1.000 1.000 1.000 1.000
LEU01A0076_001 1.000 1.000 1.000 1.000 1.000
LEU01A0077_001 1.000 1.000 1.000 1.000 1.000
ILE01A0079_001 1.000 1.000 1.000 1.000 1.000
CYS01A0080_001 0.002 0.001 0.001 0.002 0.000
CYS01A0080_002 0.801 0.800 0.801 0.801 0.803
CYS01A0080_003 0.197 0.199 0.197 0.197 0.197
CYS-1A0080_004 0.000 0.000 0.000 0.000 0.000
LEU01A0081_001 1.000 1.000 1.000 1.000 1.000
THR01A0082_001 0.044 0.044 0.044 0.044 0.044
THR01A0082_002 0.956 0.956 0.956 0.956 0.956
SER01A0083_001 1.000 1.000 1.000 1.000 1.000
THR01A0084_001 0.007 0.007 0.007 0.007 0.007
THR01A0084_002 0.993 0.993 0.993 0.993 0.993
VAL01A0085_001 1.000 1.000 1.000 1.000 1.000
GLN01A0086_001 1.000 1.000 1.000 1.000 1.000
GLN01A0086_002 0.000 0.000 0.000 0.000 0.000
LEU01A0087_001 1.000 1.000 1.000 1.000 1.000
ILE01A0088_001 1.000 1.000 1.000 1.000 1.000
THR01A0089_001 0.010 0.010 0.010 0.010 0.010
THR01A0089_002 0.990 0.990 0.990 0.990 0.990
GLN01A0090_001 1.000 1.000 1.000 1.000 1.000
LEU01A0091_001 1.000 1.000 1.000 1.000 1.000
MET01A0092_001 1.000 1.000 1.000 1.000 1.000
PRO01A0093_001 1.000 1.000 1.000 1.000 1.000
PHE01A0094_001 1.000 1.000 1.000 1.000 1.000
CYS01A0096_001 0.969 0.968 0.969 0.968 0.968
CYS01A0096_002 0.028 0.028 0.027 0.028 0.028
CYS01A0096_003 0.004 0.004 0.004 0.004 0.004
CYS-1A0096_004 0.000 0.000 0.000 0.000 0.000
LEU01A0097_001 1.000 1.000 1.000 1.000 1.000
LEU01A0098_001 1.000 1.000 1.000 1.000 1.000
ASP01A0099_001 0.000 0.000 0.000 0.000 0.000
ASP01A0099_002 0.000 0.000 0.000 0.000 0.000
ASP02A0099_003 0.000 0.000 0.000 0.000 0.000
ASP02A0099_004 0.000 0.000 0.000 0.000 0.000
ASP-1A0099_005 1.000 1.000 1.000 1.000 1.000
TYR01A0100_001 1.000 1.000 1.000 1.000 1.000
TYR-1A0100_002 0.000 0.000 0.000 0.000 0.000
VAL01A0101_001 1.000 1.000 1.000 1.000 1.000
ARG01A0102_001 0.000 0.000 0.000 0.000 0.000
ARG02A0102_002 0.000 0.000 0.000 0.000 0.000
ARG03A0102_003 0.000 0.000 0.000 0.000 0.000
ARG+1A0102_004 1.000 1.000 1.000 1.000 1.000
GLU01A0103_001 0.000 0.000 0.000 0.000 0.000
GLU01A0103_002 0.000 0.000 0.000 0.000 0.000
GLU02A0103_003 0.000 0.000 0.000 0.000 0.000
GLU02A0103_004 0.002 0.002 0.002 0.002 0.002
GLU-1A0103_005 0.998 0.998 0.998 0.998 0.998
HIS01A0104_001 0.004 0.004 0.004 0.004 0.004
HIS02A0104_002 0.773 0.773 0.773 0.773 0.772
HIS+1A0104_003 0.223 0.223 0.223 0.223 0.224
LYS01A0105_001 0.000 0.000 0.000 0.000 0.000
LYS+1A0105_002 1.000 1.000 1.000 1.000 1.000
ASP01A0106_001 0.000 0.000 0.000 0.000 0.000
ASP01A0106_002 0.000 0.000 0.000 0.000 0.000
ASP02A0106_003 0.000 0.000 0.000 0.000 0.000
ASP02A0106_004 0.000 0.000 0.000 0.000 0.000
ASP-1A0106_005 1.000 1.000 1.000 1.000 1.000
ASN01A0107_001 0.005 0.006 0.005 0.005 0.005
ASN01A0107_002 0.995 0.994 0.995 0.995 0.995
ILE01A0108_001 1.000 1.000 1.000 1.000 1.000
SER01A0110_001 0.997 0.997 0.997 0.997 0.997
SER01A0110_002 0.003 0.003 0.003 0.003 0.003
GLN01A0111_001 0.997 0.997 0.997 0.997 0.997
GLN01A0111_002 0.003 0.003 0.003 0.003 0.003
TYR01A0112_001 0.799 0.799 0.798 0.799 0.799
TYR01A0112_002 0.201 0.200 0.202 0.201 0.201
TYR-1A0112_003 0.000 0.000 0.000 0.000 0.000
LEU01A0113_001 1.000 1.000 1.000 1.000 1.000
LEU01A0114_001 1.000 1.000 1.000 1.000 1.000
ASN01A0115_001 0.996 0.996 0.996 0.996 0.996
ASN01A0115_002 0.004 0.004 0.004 0.004 0.004
TRP01A0116_001 1.000 1.000 1.000 1.000 1.000
CYS01A0117_001 0.182 0.181 0.182 0.183 0.181
CYS01A0117_002 0.654 0.655 0.653 0.653 0.653
CYS01A0117_003 0.164 0.164 0.165 0.164 0.166
CYS-1A0117_004 0.000 0.000 0.000 0.000 0.000
VAL01A0118_001 1.000 1.000 1.000 1.000 1.000
GLN01A0119_001 1.000 1.000 1.000 1.000 1.000
ILE01A0120_001 1.000 1.000 1.000 1.000 1.000
ALA01A0121_001 1.000 1.000 1.000 1.000 1.000
LYS01A0122_001 0.003 0.003 0.003 0.003 0.003
LYS+1A0122_002 0.997 0.997 0.997 0.997 0.997
MET01A0124_001 1.000 1.000 1.000 1.000 1.000
ASN01A0125_001 0.246 0.248 0.246 0.248 0.247
ASN01A0125_002 0.754 0.752 0.754 0.752 0.753
TYR01A0126_001 0.979 0.979 0.979 0.979 0.979
TYR01A0126_002 0.021 0.021 0.021 0.021 0.021
TYR-1A0126_003 0.000 0.000 0.000 0.000 0.000
LEU01A0127_001 1.000 1.000 1.000 1.000 1.000
GLU01A0128_001 0.000 0.000 0.000 0.000 0.000
GLU01A0128_002 0.006 0.006 0.006 0.006 0.006
GLU02A0128_003 0.000 0.000 0.000 0.000 0.000
GLU02A0128_004 0.005 0.005 0.005 0.005 0.005
GLU-1A0128_005 0.989 0.989 0.989 0.989 0.989
ASP01A0129_001 0.000 0.000 0.000 0.000 0.000
ASP01A0129_002 0.000 0.000 0.000 0.000 0.000
ASP02A0129_003 0.000 0.000 0.000 0.000 0.000
ASP02A0129_004 0.000 0.001 0.000 0.000 0.000
ASP-1A0129_005 1.000 0.999 1.000 1.000 1.000
ARG01A0130_001 0.000 0.000 0.000 0.000 0.000
ARG02A0130_002 0.000 0.000 0.000 0.000 0.000
ARG03A0130_003 0.000 0.000 0.000 0.000 0.000
ARG+1A0130_004 1.000 1.000 1.000 1.000 1.000
ARG01A0131_001 0.000 0.000 0.000 0.000 0.000
ARG02A0131_002 0.000 0.000 0.000 0.000 0.000
ARG03A0131_003 0.000 0.000 0.000 0.000 0.000
ARG+1A0131_004 1.000 1.000 1.000 1.000 1.000
LEU01A0132_001 1.000 1.000 1.000 1.000 1.000
VAL01A0133_001 1.000 1.000 1.000 1.000 1.000
HIS01A0134_001 1.000 1.000 1.000 1.000 1.000
HIS02A0134_002 0.000 0.000 0.000 0.000 0.000
HIS+1A0134_003 0.000 0.000 0.000 0.000 0.000
ARG01A0135_001 0.000 0.000 0.000 0.000 0.000
ARG02A0135_002 0.000 0.000 0.000 0.000 0.000
ARG03A0135_003 0.000 0.000 0.000 0.000 0.000
ARG03A0135_004 0.000 0.000 0.000 0.000 0.000
ARG+1A0135_005 1.000 1.000 1.000 1.000 1.000
ASP01A0136_001 0.000 0.000 0.000 0.000 0.000
ASP01A0136_002 0.000 0.000 0.000 0.000 0.000
ASP02A0136_003 0.002 0.002 0.002 0.002 0.002
ASP02A0136_004 0.012 0.012 0.013 0.013 0.013
ASP-1A0136_005 0.986 0.985 0.985 0.985 0.984
LEU01A0137_001 1.000 1.000 1.000 1.000 1.000
ALA01A0138_001 1.000 1.000 1.000 1.000 1.000
ALA01A0139_001 1.000 1.000 1.000 1.000 1.000
ARG01A0140_001 0.000 0.000 0.000 0.000 0.000
ARG02A0140_002 0.000 0.000 0.000 0.000 0.000
ARG03A0140_003 0.000 0.000 0.000 0.000 0.000
ARG03A0140_004 0.000 0.000 0.000 0.000 0.000
ARG+1A0140_005 1.000 1.000 1.000 1.000 1.000
ASN01A0141_001 1.000 1.000 1.000 1.000 1.000
ASN01A0141_002 0.000 0.000 0.000 0.000 0.000
VAL01A0142_001 1.000 1.000 1.000 1.000 1.000
LEU01A0143_001 1.000 1.000 1.000 1.000 1.000
VAL01A0144_001 1.000 1.000 1.000 1.000 1.000
LYS01A0145_001 0.000 0.000 0.000 0.000 0.000
LYS+1A0145_002 1.000 1.000 1.000 1.000 1.000
THR01A0146_001 0.045 0.046 0.046 0.045 0.045
THR01A0146_002 0.955 0.954 0.954 0.955 0.955
PRO01A0147_001 1.000 1.000 1.000 1.000 1.000
GLN01A0148_001 0.037 0.037 0.037 0.037 0.037
GLN01A0148_002 0.963 0.963 0.963 0.963 0.963
HIS01A0149_001 0.630 0.629 0.631 0.632 0.630
HIS01A0149_002 0.007 0.007 0.007 0.007 0.007
HIS02A0149_003 0.320 0.320 0.320 0.318 0.320
HIS02A0149_004 0.006 0.006 0.006 0.006 0.006
HIS+1A0149_005 0.036 0.036 0.035 0.036 0.035
HIS+1A0149_006 0.002 0.002 0.002 0.002 0.002
VAL01A0150_001 1.000 1.000 1.000 1.000 1.000
LYS01A0151_001 0.887 0.886 0.887 0.887 0.888
LYS+1A0151_002 0.113 0.114 0.113 0.113 0.112
ILE01A0152_001 1.000 1.000 1.000 1.000 1.000
THR01A0153_001 0.009 0.010 0.009 0.009 0.010
THR01A0153_002 0.991 0.990 0.991 0.991 0.990
ASP01A0154_001 0.000 0.000 0.000 0.000 0.000
ASP01A0154_002 0.000 0.000 0.000 0.000 0.000
ASP02A0154_003 0.000 0.002 0.002 0.002 0.002
ASP02A0154_004 0.000 0.000 0.000 0.000 0.000
ASP-1A0154_005 1.000 0.998 0.998 0.998 0.998
PHE01A0155_001 1.000 1.000 1.000 1.000 1.000
LEU01A0157_001 1.000 1.000 1.000 1.000 1.000
ALA01A0158_001 1.000 1.000 1.000 1.000 1.000
LYS01A0159_001 0.000 0.000 0.000 0.000 0.000
LYS+1A0159_002 1.000 1.000 1.000 1.000 1.000
LEU01A0160_001 1.000 1.000 1.000 1.000 1.000
LEU01A0161_001 1.000 1.000 1.000 1.000 1.000
ALA01A0163_001 1.000 1.000 1.000 1.000 1.000
GLU01A0164_001 0.000 0.000 0.000 0.000 0.000
GLU01A0164_002 0.000 0.000 0.000 0.000 0.000
GLU02A0164_003 0.000 0.000 0.000 0.000 0.000
GLU02A0164_004 0.000 0.000 0.000 0.000 0.000
GLU-1A0164_005 1.000 1.000 1.000 1.000 1.000
GLU01A0165_001 0.000 0.000 0.000 0.000 0.000
GLU01A0165_002 0.002 0.002 0.002 0.002 0.002
GLU02A0165_003 0.000 0.000 0.000 0.000 0.000
GLU02A0165_004 0.003 0.003 0.002 0.003 0.003
GLU-1A0165_005 0.995 0.996 0.996 0.996 0.996
LYS01A0166_001 0.000 0.000 0.000 0.000 0.000
LYS+1A0166_002 1.000 1.000 1.000 1.000 1.000
GLU01A0167_001 0.000 0.000 0.000 0.000 0.000
GLU01A0167_002 0.000 0.000 0.000 0.000 0.000
GLU02A0167_003 0.000 0.000 0.000 0.000 0.000
GLU02A0167_004 0.011 0.011 0.011 0.011 0.011
GLU-1A0167_005 0.989 0.989 0.989 0.989 0.989
TYR01A0168_001 0.985 0.986 0.986 0.985 0.985
TYR-1A0168_002 0.015 0.014 0.014 0.015 0.015
HIS01A0169_001 0.018 0.018 0.019 0.018 0.018
HIS01A0169_002 0.086 0.084 0.085 0.085 0.085
HIS02A0169_003 0.379 0.378 0.376 0.378 0.377
HIS02A0169_004 0.046 0.045 0.046 0.046 0.045
HIS+1A0169_005 0.312 0.317 0.316 0.315 0.315
HIS+1A0169_006 0.158 0.158 0.159 0.157 0.159
ALA01A0170_001 1.000 1.000 1.000 1.000 1.000
GLU01A0171_001 0.000 0.000 0.000 0.000 0.000
GLU01A0171_002 0.000 0.000 0.000 0.000 0.000
GLU02A0171_003 0.000 0.000 0.000 0.000 0.000
GLU02A0171_004 0.000 0.000 0.000 0.000 0.000
GLU-1A0171_005 1.000 1.000 1.000 1.000 1.000
LYS01A0174_001 0.013 0.014 0.014 0.013 0.014
LYS+1A0174_002 0.987 0.986 0.986 0.987 0.986
VAL01A0175_001 1.000 1.000 1.000 1.000 1.000
PRO01A0176_001 1.000 1.000 1.000 1.000 1.000
ILE01A0177_001 1.000 1.000 1.000 1.000 1.000
LYS01A0178_001 0.000 0.000 0.000 0.000 0.000
LYS+1A0178_002 1.000 1.000 1.000 1.000 1.000
TRP01A0179_001 1.000 1.000 1.000 1.000 1.000
MET01A0180_001 1.000 1.000 1.000 1.000 1.000
ALA01A0181_001 1.000 1.000 1.000 1.000 1.000
LEU01A0182_001 1.000 1.000 1.000 1.000 1.000
GLU01A0183_001 0.000 0.000 0.000 0.000 0.000
GLU01A0183_002 0.000 0.000 0.000 0.000 0.000
GLU02A0183_003 0.000 0.000 0.000 0.000 0.000
GLU02A0183_004 0.000 0.000 0.000 0.000 0.000
GLU-1A0183_005 1.000 1.000 1.000 1.000 1.000
SER01A0184_001 0.969 0.970 0.970 0.970 0.969
SER01A0184_002 0.005 0.005 0.005 0.005 0.005
SER01A0184_003 0.026 0.025 0.025 0.025 0.026
ILE01A0185_001 1.000 1.000 1.000 1.000 1.000
LEU01A0186_001 1.000 1.000 1.000 1.000 1.000
HIS01A0187_001 0.070 0.072 0.071 0.071 0.071
HIS01A0187_002 0.159 0.158 0.158 0.158 0.158
HIS02A0187_003 0.125 0.125 0.124 0.123 0.124
HIS02A0187_004 0.269 0.269 0.269 0.270 0.269
HIS+1A0187_005 0.085 0.085 0.085 0.085 0.085
HIS+1A0187_006 0.293 0.292 0.293 0.292 0.293
ARG01A0188_001 0.000 0.000 0.000 0.000 0.000
ARG02A0188_002 0.000 0.000 0.000 0.000 0.000
ARG03A0188_003 0.000 0.000 0.000 0.000 0.000
ARG+1A0188_004 1.000 1.000 1.000 1.000 1.000
ILE01A0189_001 1.000 1.000 1.000 1.000 1.000
TYR01A0190_001 1.000 1.000 1.000 1.000 1.000
TYR-1A0190_002 0.000 0.000 0.000 0.000 0.000
THR01A0191_001 1.000 1.000 1.000 1.000 1.000
HIS01A0192_001 0.000 0.000 0.000 0.000 0.000
HIS01A0192_002 0.161 0.162 0.162 0.161 0.160
HIS02A0192_003 0.771 0.770 0.769 0.771 0.772
HIS02A0192_004 0.014 0.014 0.014 0.014 0.014
HIS+1A0192_005 0.030 0.030 0.030 0.030 0.030
HIS+1A0192_006 0.024 0.024 0.024 0.024 0.024
GLN01A0193_001 1.000 1.000 1.000 1.000 1.000
GLN01A0193_002 0.000 0.000 0.000 0.000 0.000
SER01A0194_001 0.000 0.000 0.000 0.000 0.000
SER01A0194_002 0.996 0.996 0.995 0.996 0.996
SER01A0194_003 0.004 0.004 0.005 0.004 0.004
ASP01A0195_001 0.000 0.000 0.000 0.000 0.000
ASP01A0195_002 0.000 0.000 0.000 0.000 0.000
ASP02A0195_003 0.000 0.000 0.000 0.000 0.000
ASP02A0195_004 0.000 0.000 0.000 0.000 0.000
ASP-1A0195_005 1.000 1.000 1.000 1.000 1.000
VAL01A0196_001 1.000 1.000 1.000 1.000 1.000
TRP01A0197_001 1.000 1.000 1.000 1.000 1.000
SER01A0198_001 0.963 0.963 0.963 0.963 0.963
SER01A0198_002 0.037 0.037 0.037 0.037 0.037
TYR01A0199_001 0.961 0.961 0.961 0.961 0.961
TYR01A0199_002 0.039 0.039 0.039 0.039 0.039
TYR-1A0199_003 0.000 0.000 0.000 0.000 0.000
VAL01A0201_001 1.000 1.000 1.000 1.000 1.000
THR01A0202_001 0.030 0.030 0.030 0.030 0.030
THR01A0202_002 0.934 0.935 0.935 0.935 0.936
THR01A0202_003 0.035 0.035 0.035 0.035 0.035
VAL01A0203_001 1.000 1.000 1.000 1.000 1.000
TRP01A0204_001 1.000 1.000 1.000 1.000 1.000
GLU01A0205_001 0.000 0.000 0.000 0.000 0.000
GLU01A0205_002 0.000 0.000 0.000 0.001 0.000
GLU02A0205_003 0.000 0.000 0.000 0.000 0.000
GLU02A0205_004 0.000 0.000 0.000 0.000 0.000
GLU-1A0205_005 1.000 1.000 1.000 0.999 1.000
LEU01A0206_001 1.000 1.000 1.000 1.000 1.000
MET01A0207_001 1.000 1.000 1.000 1.000 1.000
THR01A0208_001 0.998 0.998 0.998 0.998 0.998
THR01A0208_002 0.002 0.002 0.002 0.002 0.002
PHE01A0209_001 1.000 1.000 1.000 1.000 1.000
SER01A0211_001 0.283 0.284 0.284 0.284 0.283
SER01A0211_002 0.717 0.716 0.716 0.716 0.717
LYS01A0212_001 0.002 0.002 0.002 0.002 0.002
LYS+1A0212_002 0.998 0.998 0.998 0.998 0.998
PRO01A0213_001 1.000 1.000 1.000 1.000 1.000
TYR01A0214_001 1.000 1.000 1.000 1.000 1.000
TYR-1A0214_002 0.000 0.000 0.000 0.000 0.000
ASP01A0215_001 0.000 0.000 0.000 0.000 0.000
ASP01A0215_002 0.000 0.000 0.000 0.000 0.000
ASP02A0215_003 0.000 0.000 0.000 0.000 0.000
ASP02A0215_004 0.000 0.000 0.000 0.000 0.000
ASP-1A0215_005 1.000 1.000 1.000 1.000 1.000
ILE01A0217_001 1.000 1.000 1.000 1.000 1.000
PRO01A0218_001 1.000 1.000 1.000 1.000 1.000
ALA01A0219_001 1.000 1.000 1.000 1.000 1.000
SER01A0220_001 1.000 1.000 1.000 1.000 1.000
GLU01A0221_001 0.000 0.000 0.000 0.000 0.000
GLU01A0221_002 0.000 0.000 0.000 0.001 0.000
GLU02A0221_003 0.000 0.000 0.000 0.000 0.000
GLU02A0221_004 0.000 0.000 0.000 0.000 0.000
GLU-1A0221_005 1.000 1.000 1.000 0.999 1.000
ILE01A0222_001 1.000 1.000 1.000 1.000 1.000
SER01A0223_001 0.247 0.248 0.247 0.247 0.247
SER01A0223_002 0.753 0.752 0.753 0.753 0.753
SER01A0224_001 0.022 0.022 0.022 0.022 0.022
SER01A0224_002 0.978 0.978 0.978 0.978 0.978
ILE01A0225_001 1.000 1.000 1.000 1.000 1.000
LEU01A0226_001 1.000 1.000 1.000 1.000 1.000
GLU01A0227_001 0.000 0.000 0.000 0.000 0.000
GLU01A0227_002 0.002 0.002 0.002 0.002 0.003
GLU02A0227_003 0.000 0.000 0.000 0.000 0.000
GLU02A0227_004 0.002 0.002 0.002 0.002 0.000
GLU-1A0227_005 0.996 0.996 0.996 0.996 0.997
LYS01A0228_001 0.000 0.000 0.000 0.000 0.000
LYS+1A0228_002 1.000 1.000 1.000 1.000 1.000
GLU01A0230_001 0.000 0.000 0.000 0.000 0.000
GLU01A0230_002 0.000 0.000 0.000 0.000 0.000
GLU02A0230_003 0.000 0.000 0.000 0.000 0.000
GLU02A0230_004 0.000 0.000 0.000 0.000 0.000
GLU-1A0230_005 1.000 1.000 1.000 1.000 1.000
ARG01A0231_001 0.000 0.000 0.000 0.000 0.000
ARG02A0231_002 0.000 0.000 0.000 0.000 0.000
ARG02A0231_003 0.000 0.000 0.000 0.000 0.000
ARG03A0231_004 0.000 0.000 0.000 0.000 0.000
ARG+1A0231_005 1.000 1.000 1.000 1.000 1.000
LEU01A0232_001 1.000 1.000 1.000 1.000 1.000
PRO01A0233_001 1.000 1.000 1.000 1.000 1.000
GLN01A0234_001 0.932 0.932 0.932 0.932 0.931
GLN01A0234_002 0.068 0.068 0.068 0.068 0.069
PRO01A0235_001 1.000 1.000 1.000 1.000 1.000
PRO01A0236_001 1.000 1.000 1.000 1.000 1.000
ILE01A0237_001 1.000 1.000 1.000 1.000 1.000
CYS01A0238_001 0.426 0.426 0.426 0.425 0.426
CYS01A0238_002 0.254 0.255 0.255 0.256 0.255
CYS01A0238_003 0.319 0.318 0.320 0.319 0.320
CYS-1A0238_004 0.000 0.000 0.000 0.000 0.000
THR01A0239_001 0.202 0.203 0.202 0.203 0.202
THR01A0239_002 0.798 0.797 0.798 0.797 0.798
ILE01A0240_001 1.000 1.000 1.000 1.000 1.000
ASP01A0241_001 0.000 0.000 0.000 0.000 0.000
ASP01A0241_002 0.000 0.000 0.000 0.000 0.000
ASP02A0241_003 0.000 0.000 0.000 0.000 0.000
ASP02A0241_004 0.000 0.000 0.000 0.000 0.000
ASP-1A0241_005 1.000 1.000 1.000 1.000 1.000
VAL01A0242_001 1.000 1.000 1.000 1.000 1.000
TYR01A0243_001 0.994 0.994 0.994 0.994 0.994
TYR01A0243_002 0.006 0.006 0.006 0.006 0.006
TYR-1A0243_003 0.000 0.000 0.000 0.000 0.000
MET01A0244_001 1.000 1.000 1.000 1.000 1.000
ILE01A0245_001 1.000 1.000 1.000 1.000 1.000
MET01A0246_001 1.000 1.000 1.000 1.000 1.000
VAL01A0247_001 1.000 1.000 1.000 1.000 1.000
LYS01A0248_001 0.014 0.014 0.014 0.014 0.014
LYS+1A0248_002 0.986 0.986 0.986 0.986 0.986
CYS01A0249_001 0.122 0.122 0.122 0.121 0.123
CYS01A0249_002 0.680 0.681 0.683 0.681 0.680
CYS01A0249_003 0.198 0.197 0.195 0.197 0.197
CYS-1A0249_004 0.000 0.000 0.000 0.000 0.000
TRP01A0250_001 1.000 1.000 1.000 1.000 1.000
MET01A0251_001 1.000 1.000 1.000 1.000 1.000
ILE01A0252_001 1.000 1.000 1.000 1.000 1.000
ASP01A0253_001 0.000 0.000 0.000 0.000 0.000
ASP01A0253_002 0.000 0.000 0.000 0.000 0.000
ASP02A0253_003 0.000 0.000 0.000 0.000 0.000
ASP02A0253_004 0.000 0.000 0.000 0.000 0.000
ASP-1A0253_005 1.000 1.000 1.000 1.000 1.000
ALA01A0254_001 1.000 1.000 1.000 1.000 1.000
ASP01A0255_001 0.000 0.000 0.000 0.000 0.000
ASP01A0255_002 0.000 0.000 0.000 0.000 0.000
ASP02A0255_003 0.000 0.000 0.000 0.000 0.000
ASP02A0255_004 0.000 0.000 0.000 0.000 0.000
ASP-1A0255_005 1.000 1.000 1.000 1.000 1.000
SER01A0256_001 0.114 0.113 0.113 0.114 0.113
SER01A0256_002 0.886 0.887 0.887 0.886 0.887
ARG01A0257_001 0.000 0.000 0.000 0.000 0.000
ARG02A0257_002 0.000 0.000 0.000 0.000 0.000
ARG02A0257_003 0.000 0.000 0.000 0.000 0.000
ARG03A0257_004 0.000 0.000 0.000 0.000 0.000
ARG03A0257_005 0.000 0.000 0.000 0.000 0.000
ARG+1A0257_006 1.000 1.000 1.000 1.000 1.000
PRO01A0258_001 1.000 1.000 1.000 1.000 1.000
LYS01A0259_001 0.000 0.000 0.000 0.000 0.000
LYS+1A0259_002 1.000 1.000 1.000 1.000 1.000
PHE01A0260_001 1.000 1.000 1.000 1.000 1.000
ARG01A0261_001 0.000 0.000 0.000 0.000 0.000
ARG02A0261_002 0.000 0.000 0.000 0.000 0.000
ARG03A0261_003 0.000 0.000 0.000 0.000 0.000
ARG+1A0261_004 1.000 1.000 1.000 1.000 1.000
GLU01A0262_001 0.000 0.000 0.000 0.000 0.000
GLU01A0262_002 0.000 0.000 0.000 0.000 0.000
GLU02A0262_003 0.000 0.000 0.000 0.000 0.000
GLU02A0262_004 0.000 0.000 0.000 0.000 0.000
GLU-1A0262_005 1.000 1.000 1.000 1.000 1.000
LEU01A0263_001 1.000 1.000 1.000 1.000 1.000
ILE01A0264_001 1.000 1.000 1.000 1.000 1.000
ILE01A0265_001 1.000 1.000 1.000 1.000 1.000
GLU01A0266_001 0.000 0.000 0.000 0.000 0.000
GLU01A0266_002 0.000 0.000 0.000 0.000 0.000
GLU02A0266_003 0.000 0.000 0.000 0.000 0.000
GLU02A0266_004 0.000 0.000 0.001 0.000 0.001
GLU-1A0266_005 1.000 1.000 0.999 1.000 0.999
PHE01A0267_001 1.000 1.000 1.000 1.000 1.000
SER01A0268_001 0.079 0.078 0.079 0.079 0.079
SER01A0268_002 0.921 0.922 0.921 0.921 0.921
LYS01A0269_001 0.000 0.000 0.000 0.000 0.000
LYS+1A0269_002 1.000 1.000 1.000 1.000 1.000
MET01A0270_001 1.000 1.000 1.000 1.000 1.000
ALA01A0271_001 1.000 1.000 1.000 1.000 1.000
ARG01A0272_001 0.000 0.000 0.000 0.000 0.000
ARG02A0272_002 0.000 0.000 0.000 0.000 0.000
ARG03A0272_003 0.000 0.000 0.000 0.000 0.000
ARG+1A0272_004 1.000 1.000 1.000 1.000 1.000
ASP01A0273_001 0.000 0.000 0.000 0.000 0.000
ASP01A0273_002 0.000 0.000 0.000 0.000 0.000
ASP02A0273_003 0.000 0.000 0.000 0.000 0.000
ASP02A0273_004 0.000 0.000 0.000 0.000 0.000
ASP-1A0273_005 1.000 1.000 1.000 1.000 1.000
PRO01A0274_001 1.000 1.000 1.000 1.000 1.000
GLN01A0275_001 0.000 0.000 0.000 0.000 0.000
GLN01A0275_002 1.000 1.000 1.000 1.000 1.000
ARG01A0276_001 0.000 0.000 0.000 0.000 0.000
ARG02A0276_002 0.000 0.000 0.000 0.000 0.000
ARG03A0276_003 0.000 0.000 0.000 0.000 0.000
ARG+1A0276_004 1.000 1.000 1.000 1.000 1.000
TYR01A0277_001 0.406 0.406 0.407 0.406 0.406
TYR01A0277_002 0.594 0.594 0.593 0.594 0.594
TYR-1A0277_003 0.000 0.000 0.000 0.000 0.000
LEU01A0278_001 1.000 1.000 1.000 1.000 1.000
VAL01A0279_001 1.000 1.000 1.000 1.000 1.000
ILE01A0280_001 1.000 1.000 1.000 1.000 1.000
GLN01A0281_001 0.628 0.629 0.629 0.630 0.630
GLN01A0281_002 0.372 0.371 0.371 0.370 0.370
ASP01A0283_001 0.000 0.000 0.000 0.000 0.000
ASP01A0283_002 0.000 0.000 0.000 0.000 0.000
ASP02A0283_003 0.000 0.000 0.000 0.000 0.000
ASP02A0283_004 0.000 0.000 0.000 0.000 0.000
ASP-1A0283_005 1.000 1.000 1.000 1.000 1.000
GLU01A0284_001 0.000 0.000 0.000 0.000 0.000
GLU01A0284_002 0.002 0.002 0.002 0.002 0.002
GLU02A0284_003 0.000 0.000 0.000 0.000 0.000
GLU02A0284_004 0.004 0.004 0.004 0.004 0.004
GLU-1A0284_005 0.994 0.994 0.994 0.994 0.994
ARG01A0285_001 0.000 0.000 0.000 0.000 0.000
ARG02A0285_002 0.000 0.000 0.000 0.000 0.000
ARG03A0285_003 0.000 0.000 0.000 0.000 0.000
ARG+1A0285_004 1.000 1.000 1.000 1.000 1.000
MET01A0286_001 1.000 1.000 1.000 1.000 1.000
HIS01A0287_001 0.083 0.084 0.084 0.084 0.084
HIS02A0287_002 0.251 0.252 0.251 0.251 0.251
HIS+1A0287_003 0.666 0.665 0.665 0.665 0.665
LEU01A0288_001 1.000 1.000 1.000 1.000 1.000
PRO01A0289_001 1.000 1.000 1.000 1.000 1.000
SER01A0290_001 0.459 0.457 0.457 0.459 0.459
SER01A0290_002 0.541 0.543 0.543 0.541 0.541
PRO01A0291_001 1.000 1.000 1.000 1.000 1.000
THR01A0292_001 0.404 0.402 0.403 0.404 0.404
THR01A0292_002 0.057 0.058 0.058 0.057 0.057
THR01A0292_003 0.538 0.540 0.539 0.539 0.538
ASP01A0293_001 0.000 0.000 0.000 0.000 0.000
ASP01A0293_002 0.001 0.002 0.002 0.002 0.002
ASP02A0293_003 0.000 0.000 0.000 0.000 0.000
ASP02A0293_004 0.000 0.000 0.000 0.000 0.000
ASP-1A0293_005 0.999 0.998 0.998 0.998 0.998
SER01A0294_001 0.000 0.000 0.000 0.000 0.000
SER01A0294_002 1.000 1.000 1.000 1.000 1.000
ASN01A0295_001 0.895 0.896 0.894 0.895 0.895
ASN01A0295_002 0.105 0.104 0.106 0.105 0.105
PHE01A0296_001 1.000 1.000 1.000 1.000 1.000
TYR01A0297_001 0.091 0.090 0.091 0.091 0.090
TYR01A0297_002 0.909 0.910 0.909 0.909 0.910
TYR-1A0297_003 0.000 0.000 0.000 0.000 0.000
ARG01A0298_001 0.000 0.000 0.000 0.000 0.000
ARG02A0298_002 0.000 0.000 0.000 0.000 0.000
ARG03A0298_003 0.000 0.000 0.000 0.000 0.000
ARG+1A0298_004 1.000 1.000 1.000 1.000 1.000
ALA01A0299_001 1.000 1.000 1.000 1.000 1.000
LEU01A0300_001 1.000 1.000 1.000 1.000 1.000
MET01A0301_001 1.000 1.000 1.000 1.000 1.000
ASP01A0302_001 0.002 0.002 0.002 0.002 0.002
ASP01A0302_002 0.065 0.066 0.067 0.065 0.066
ASP02A0302_003 0.000 0.000 0.000 0.000 0.000
ASP02A0302_004 0.009 0.009 0.009 0.009 0.009
ASP-1A0302_005 0.924 0.924 0.922 0.924 0.924
GLU01A0303_001 0.010 0.010 0.009 0.010 0.010
GLU01A0303_002 0.437 0.436 0.437 0.436 0.436
GLU02A0303_003 0.000 0.000 0.000 0.000 0.000
GLU02A0303_004 0.072 0.072 0.072 0.072 0.073
GLU-1A0303_005 0.481 0.482 0.481 0.482 0.481
GLU01A0304_001 0.017 0.017 0.017 0.017 0.017
GLU01A0304_002 0.278 0.277 0.278 0.278 0.277
GLU02A0304_003 0.000 0.000 0.000 0.000 0.000
GLU02A0304_004 0.000 0.000 0.000 0.000 0.000
GLU-1A0304_005 0.705 0.706 0.705 0.705 0.706
ASP01A0305_001 0.000 0.000 0.000 0.000 0.000
ASP01A0305_002 0.006 0.006 0.006 0.006 0.006
ASP02A0305_003 0.000 0.000 0.000 0.000 0.000
ASP02A0305_004 0.009 0.009 0.009 0.009 0.009
ASP-1A0305_005 0.985 0.985 0.986 0.985 0.985
MET01A0306_001 1.000 1.000 1.000 1.000 1.000
ASP01A0307_001 0.002 0.001 0.001 0.001 0.001
ASP01A0307_002 0.014 0.014 0.013 0.014 0.014
ASP02A0307_003 0.005 0.005 0.005 0.005 0.005
ASP02A0307_004 0.033 0.034 0.032 0.033 0.033
ASP-1A0307_005 0.946 0.946 0.949 0.947 0.947
ASP01A0308_001 0.000 0.000 0.000 0.000 0.000
ASP01A0308_002 0.004 0.004 0.004 0.004 0.004
ASP02A0308_003 0.000 0.000 0.000 0.000 0.000
ASP02A0308_004 0.009 0.009 0.009 0.010 0.009
ASP-1A0308_005 0.987 0.987 0.987 0.987 0.987
VAL01A0309_001 1.000 1.000 1.000 1.000 1.000
VAL01A0310_001 1.000 1.000 1.000 1.000 1.000
ASP01A0311_001 0.000 0.000 0.000 0.000 0.000
ASP01A0311_002 0.007 0.008 0.007 0.008 0.008
ASP02A0311_003 0.000 0.000 0.000 0.000 0.000
ASP02A0311_004 0.013 0.014 0.014 0.014 0.014
ASP-1A0311_005 0.979 0.978 0.979 0.978 0.978
ALA01A0312_001 1.000 1.000 1.000 1.000 1.000
ASP01A0313_001 0.000 0.000 0.000 0.000 0.000
ASP01A0313_002 0.000 0.000 0.000 0.000 0.000
ASP02A0313_003 0.000 0.000 0.000 0.000 0.000
ASP02A0313_004 0.000 0.000 0.000 0.000 0.000
ASP-1A0313_005 1.000 1.000 1.000 1.000 1.000
GLU01A0314_001 0.000 0.000 0.000 0.000 0.000
GLU01A0314_002 0.004 0.004 0.004 0.004 0.004
GLU02A0314_003 0.000 0.000 0.000 0.000 0.000
GLU02A0314_004 0.000 0.000 0.000 0.000 0.000
GLU-1A0314_005 0.996 0.996 0.996 0.996 0.996
TYR01A0315_001 0.005 0.005 0.005 0.005 0.005
TYR01A0315_002 0.995 0.995 0.995 0.995 0.995
TYR-1A0315_003 0.000 0.000 0.000 0.000 0.000
LEU01A0316_001 1.000 1.000 1.000 1.000 1.000
ILE01A0317_001 1.000 1.000 1.000 1.000 1.000
FMM+1B0003_001 0.005 0.005 0.005 0.005 0.005
FMM+1B0003_002 0.635 0.634 0.634 0.634 0.636
FMM01B0003_003 0.127 0.127 0.128 0.128 0.129
FMM01B0003_004 0.232 0.233 0.233 0.232 0.231
FMM+aB0003_005 0.000 0.000 0.000 0.000 0.000
FMM+aB0003_006 0.000 0.000 0.000 0.000 0.000
FMMDMB0003_007 0.000 0.000 0.000 0.000 0.000
