   Rotamer making statitics:
   Residue   Start  Clean   Swap Rotate   Self  Hbond Repack  Ioni.   TorH     OH  Elect
   NTRA0001      1      1      1      2      1      1      1      2      2      2      2
   META0001      1      1      1    217    109    109     25     20     20     23     21
   GLUA0002      1      1      1    109     50     66     20     60     77    197     80
   LEUA0003      1      1      1     37     15     15      9      9      9     20     17
   LYSA0004      1      1      1   1297    358    371    258     40     40     83     43
   ASPA0005      1      1      1     19     13     23      6     18     28     73     36
   ASPA0006      1      1      1     19     13     22     18     54     66    168     77
   ASPA0007      1      1      1     19      7     13      6     18     30     84     32
   PHEA0008      1      1      1     37      7      7      4      4      4     10      7
   GLUA0009      1      1      1    109     35     53     22     60     94    252    114
   LYSA0010      1      1      1   1297    330    355     98     40     40     82     42
   ILEA0011      1      1      1     37      7      7      3      3      3      8      3
   SERA0012      1      1      1      7      6     10      9      9     16     50     11
   GLUA0013      1      1      1    109     48     70     26     60     91    240    104
   LEUA0014      1      1      1     37      3      3      2      2      2      6      5
   GLYA0015      0      0      0      0      0      0      0      0      0      0      0
   ALAA0016      1      1      1      2      1      1      1      1      1      1      1
   GLYA0017      0      0      0      0      0      0      0      0      0      0      0
   ASNA0018      1      1      1     37     15     15      7      7      7     13      7
   GLYA0019      0      0      0      0      0      0      0      0      0      0      0
   GLYA0020      0      0      0      0      0      0      0      0      0      0      0
   VALA0021      1      1      1      7      6      6      3      3      3      8      5
   VALA0022      1      1      1      7      4      4      2      2      2      6      3
   PHEA0023      1      1      1     37      9      9      7      7      7     16      9
   LYSA0024      1      1      1   1297    277    302     35     40     40     79     44
   VALA0025      1      1      1      7      2      2      2      2      2      6      3
   SERA0026      1      1      1      7      6     11      9      9     18     38      9
   HISA0027      1      1      1     37     18     25     11     33     33     72     33
   LYSA0028      1      1      1   1297    303    320    206     40     40     82     39
   PROA0029      1      1      1      2      1      1      1      1      1      1      1
   SERA0030      1      1      1      7      6      9      7      7     16     67     12
   GLYA0031      0      0      0      0      0      0      0      0      0      0      0
   LEUA0032      1      1      1     37     18     18      8      8      8     17     11
   VALA0033      1      1      1      7      6      6      5      5      5     12      8
   META0034      1      1      1    217     51     51     13     13     13     28     16
   ALAA0035      1      1      1      2      1      1      1      1      1      1      1
   ARGA0036      1      1      1   1297    213    236     24     80    110    304    142
   LYSA0037      1      1      1   1297    223    255     41     40     40     81     42
   LEUA0038      1      1      1     37     10     10      5      5      5     12     12
   ILEA0039      1      1      1     37      9      9      6      6      6     14     12
   HISA0040      1      1      1     37     19     34     28     60     54    110     54
   LEUA0041      1      1      1     37     10     10      4      4      4     10     10
   GLUA0042      1      1      1    109     53     55     14     42     46    114     49
   ILEA0043      1      1      1     37     16     16      9      9      9     20     18
   LYSA0044      1      1      1   1297    337    337     89     40     40     75     40
   PROA0045      1      1      1      2      1      1      1      1      1      1      1
   ALAA0046      1      1      1      2      1      1      1      1      1      1      1
   ILEA0047      1      1      1     37     14     14     11     11     11     24     19
   ARGA0048      1      1      1   1297    214    215     33     80    108    284    128
   ASNA0049      1      1      1     37     15     29     25     20     20     41     20
   GLNA0050      1      1      1    217     55     70     34     20     20     42     20
   ILEA0051      1      1      1     37      2      2      1      1      1      4      2
   ILEA0052      1      1      1     37      2      2      2      2      2      6      5
   ARGA0053      1      1      1   1297    235    238    106     80     92    248    101
   GLUA0054      1      1      1    109     19     29     16     48     74    199     87
   LEUA0055      1      1      1     37      5      5      1      1      1      1      1
   GLNA0056      1      1      1    217     69     76     38     20     20     38     19
   VALA0057      1      1      1      7      4      4      4      4      4     10      6
   LEUA0058      1      1      1     37      8      8      2      2      2      6      3
   HISA0059      1      1      1     37     18     30     27     60     51     93     48
   GLUA0060      1      1      1    109     32     48     24     60     96    234    105
   CYSA0061      1      1      1      7      3      3      2      4      8     32     12
   ASNA0062      1      1      1     37     26     26     20     20     20     39     18
   SERA0063      1      1      1      7      6      6      4      4     12     51     13
   PROA0064      1      1      1      2      1      1      1      1      1      1      1
   TYRA0065      1      1      1     19      1      6      3      6      9     30     14
   ILEA0066      1      1      1     37     11     11      4      4      4     10      5
   VALA0067      1      1      1      7      2      2      2      2      2      6      2
   GLYA0068      0      0      0      0      0      0      0      0      0      0      0
   PHEA0069      1      1      1     37     12     12      3      3      3      8      4
   TYRA0070      1      1      1     19      7     10      6     12     16     48     23
   GLYA0071      0      0      0      0      0      0      0      0      0      0      0
   ALAA0072      1      1      1      2      1      1      1      1      1      1      1
   PHEA0073      1      1      1     19      5      5      3      3      3      8      4
   TYRA0074      1      1      1     19      5     11      4      8     11     35     21
   SERA0075      1      1      1      7      5     10      5      5     12     46     12
   ASPA0076      1      1      1     19     10     12      8     24     30     77     32
   GLYA0077      0      0      0      0      0      0      0      0      0      0      0
   GLUA0078      1      1      1    109     30     44     18     54     90    241    126
   ILEA0079      1      1      1     37     21     21      7      7      7     16     13
   SERA0080      1      1      1      7      6     10     10     10     25     91     16
   ILEA0081      1      1      1     37     10     10      5      5      5     12      8
   CYSA0082      1      1      1      7      4      4      3      6     12     46     22
   META0083      1      1      1    217     22     22      6      6      6     13      6
   GLUA0084      1      1      1    109     25     42     21     60    100    268    142
   HISA0085      1      1      1     37      9     25     14     42     42     90     50
   META0086      1      1      1    217     25     25      3      3      3      8      7
   ASPA0087      1      1      1     19     14     24     22     60    100    259    150
   GLYA0088      0      0      0      0      0      0      0      0      0      0      0
   GLYA0089      0      0      0      0      0      0      0      0      0      0      0
   SERA0090      1      1      1      7      3      4      2      2      4     21     11
   LEUA0091      1      1      1     37      9      9      3      3      3      8      5
   ASPA0092      1      1      1     19      8     16     11     33     50    116     55
   GLNA0093      1      1      1    217     60     75     39     20     20     39     20
   VALA0094      1      1      1      7      6      6      4      4      4     10      9
   LEUA0095      1      1      1     37      2      2      2      2      2      6      3
   LYSA0096      1      1      1   1297    282    286    160     40     40     78     40
   LYSA0097      1      1      1   1297     97    108     74     40     40     82     41
   ALAA0098      1      1      1      2      1      1      1      1      1      2      1
   GLYA0099      0      0      0      0      0      0      0      0      0      0      0
   ARGA0100      1      1      1   1297    151    151     58     80     85    212     88
   ILEA0101      1      1      1     37     10     10      5      5      5     12     10
   PROA0102      1      1      1      2      1      1      1      1      1      1      1
   GLUA0103      1      1      1    109     42     63     17     51     78    212    101
   GLNA0104      1      1      1    217     94    119     34     20     20     42     20
   ILEA0105      1      1      1     37     11     11      2      2      2      6      2
   LEUA0106      1      1      1     37      8      8      3      3      3      8      4
   GLYA0107      0      0      0      0      0      0      0      0      0      0      0
   LYSA0108      1      1      1   1297    266    266     85     40     40     84     42
   VALA0109      1      1      1      7      1      1      1      1      1      4      1
   SERA0110      1      1      1      7      5      5      5      5      7     34      7
   ILEA0111      1      1      1     37      4      4      2      2      2      6      3
   ALAA0112      1      1      1      2      1      1      1      1      1      1      1
   VALA0113      1      1      1      7      4      4      3      3      3      8      4
   ILEA0114      1      1      1     37      6      6      4      4      4     10      5
   LYSA0115      1      1      1   1297    289    311     92     40     40     78     39
   GLYA0116      0      0      0      0      0      0      0      0      0      0      0
   LEUA0117      1      1      1     37      7      7      4      4      4     10      5
   THRA0118      1      1      1      7      2      3      2      2      5     20      5
   TYRA0119      1      1      1     37     10     16      7     14     21     62     30
   LEUA0120      1      1      1     37      7      7      5      5      5     12      8
   ARGA0121      1      1      1   1297    178    187     46     80    114    314    150
   GLUA0122      1      1      1    109     36     45     17     51     70    178     72
   LYSA0123      1      1      1   1297    254    260    109     40     40     76     40
   HISA0124      1      1      1     37     12     22     11     33     33     72     27
   LYSA0125      1      1      1   1297    167    176     51     40     40     81     38
   ILEA0126      1      1      1     37      5      5      5      5      5     12     12
   META0127      1      1      1    217     72     70     37     20     20     42     27
   HISA0128      1      1      1     37     14     16      4     12     12     30     15
   ARGA0129      1      1      1   1297    123    138     17     68     82    223    102
   ASPA0130      1      1      1     19      6     13     11     33     55    151     64
   VALA0131      1      1      1      7      4      4      2      2      2      6      3
   LYSA0132      1      1      1   1297    245    254     36     40     40     83     43
   PROA0133      1      1      1      2      1      1      1      1      1      1      1
   SERA0134      1      1      1      7      5      9      8      8     17     74     17
   ASNA0135      1      1      1     37      8     11      6      6      6     14      6
   ILEA0136      1      1      1     37      3      3      3      3      3      5      3
   LEUA0137      1      1      1     37      9      9      2      2      2      6      3
   VALA0138      1      1      1      7      6      6      1      1      1      4      1
   ASNA0139      1      1      1     37     16     31     15     15     15     32     14
   SERA0140      1      1      1      7      6     11      9      9     23     98     16
   ARGA0141      1      1      1   1297    263    277     28     80    107    279    135
   GLYA0142      0      0      0      0      0      0      0      0      0      0      0
   GLUA0143      1      1      1    109     42     63     18     54     83    226    115
   ILEA0144      1      1      1     37      5      5      3      3      3      8      5
   LYSA0145      1      1      1   1297     89    104     10     20     20     44     22
   LEUA0146      1      1      1     37      9      9      6      6      6     12      7
   CYSA0147      1      1      1      7      5      5      3      6     12     35     13
   ASPA0148      1      1      1     19      5      7      7     21     35    100     54
   PHEA0149      1      1      1     37      8      8      3      3      3      8      3
   GLYA0150      0      0      0      0      0      0      0      0      0      0      0
   VALA0151      1      1      1      7      6      6      2      2      2      6      5
   SERA0152      1      1      1      7      6      9      4      4      6     30      9
   GLYA0153      0      0      0      0      0      0      0      0      0      0      0
   GLNA0154      1      1      1    217     68     86     22     20     19     40     20
   LEUA0155      1      1      1     37      8      8      2      2      2      6      2
   ILEA0156      1      1      1     37      2      2      2      2      2      6      6
   ASPA0157      1      1      1     19      9      9      8     24     19     43     20
   SERA0158      1      1      1      7      5      6      5      5      6     29      5
   META0159      1      1      1    217     44     44     18     18     18     34     19
   ALAA0160      1      1      1      2      1      1      1      1      1      1      1
   ASNA0161      1      1      1     37     17     24     14     14     10     17     10
   SERA0162      1      1      1      7      5      7      7      7      7     28      6
   PHEA0163      1      1      1     19      8      8      6      6      6     10      6
   VALA0164      1      1      1      7      2      2      2      2      2      6      6
   GLYA0165      0      0      0      0      0      0      0      0      0      0      0
   THRA0166      1      1      1      7      6     11      9      9     15     66     21
   ARGA0167      1      1      1   1297    260    278     74     80    103    281    123
   SERA0168      1      1      1      7      6      6      6      6     10     45     11
   TYRA0169      1      1      1     37      6     10      5     10     15     46     26
   META0170      1      1      1    217     56     56     18     18     18     38     20
   SERA0171      1      1      1      7      6      9      7      7     15     66     15
   PROA0172      1      1      1      2      1      1      1      1      1      1      1
   GLUA0173      1      1      1    109     39     58      7     21     35    100     41
   ARGA0174      1      1      1   1297    154    180     31     80    110    301    131
   LEUA0175      1      1      1     37     10     10      3      3      3      8      7
   GLNA0176      1      1      1    217     31     38     11     11     11     24     10
   GLYA0177      0      0      0      0      0      0      0      0      0      0      0
   THRA0178      1      1      1      7      6      6      5      5      6     19      8
   HISA0179      1      1      1     37     24     29     16     48     45     84     41
   TYRA0180      1      1      1     19      2      6      2      4      6     22      9
   SERA0181      1      1      1      7      5      6      5      5      7     34      5
   VALA0182      1      1      1      7      5      5      4      4      4     10      9
   GLNA0183      1      1      1    217     34     41     16     16     16     34     16
   SERA0184      1      1      1      7      5      9      7      7     15     65     12
   ASPA0185      1      1      1     19      9     15      1      3      5      7      5
   ILEA0186      1      1      1     37      5      5      3      3      3      8      7
   TRPA0187      1      1      1     37      2      2      1      1      1      4      2
   SERA0188      1      1      1      7      4      4      2      2      5     25      8
   META0189      1      1      1    217     56     54     10     10     10     22     12
   GLYA0190      0      0      0      0      0      0      0      0      0      0      0
   LEUA0191      1      1      1     37      6      6      2      2      2      6      4
   SERA0192      1      1      1      7      5      7      2      2      4      6      4
   LEUA0193      1      1      1     37      8      8      3      3      3      8      4
   VALA0194      1      1      1      7      2      2      1      1      1      4      2
   GLUA0195      1      1      1    109      9     19      5     15     25     74     32
   META0196      1      1      1    217     57     57      6      6      6     14      9
   ALAA0197      1      1      1      2      1      1      1      1      1      1      1
   VALA0198      1      1      1      7      2      2      2      2      2      6      2
   GLYA0199      0      0      0      0      0      0      0      0      0      0      0
   ARGA0200      1      1      1   1297    152    177     90     80     96    257    104
   TYRA0201      1      1      1     19      7     19      7     14     21     62     40
   PROA0202      1      1      1      2      1      1      1      1      1      1      1
   ILEA0203      1      1      1     37     16     16      8      8      8     18     12
   PROA0204      1      1      1      2      1      1      1      1      1      1      1
   PROA0205      1      1      1      2      1      1      1      1      1      1      1
   PROA0206      1      1      1      2      1      1      1      1      1      1      1
   ASPA0207      1      1      1     19     13     24     19     57     69    184     63
   ALAA0208      1      1      1      2      1      1      1      1      1      1      1
   LYSA0209      1      1      1   1297    357    369    151     40     40     76     40
   GLUA0210      1      1      1    109     25     37     15     45     75    201    124
   LEUA0211      1      1      1     37      7      7      2      2      2      3      2
   GLUA0212      1      1      1    109     31     38     24     60     87    221     83
   LEUA0213      1      1      1     37      7      7      6      6      6     10      8
   META0214      1      1      1    217     31     31     11     11     11     23     14
   PHEA0215      1      1      1     19     11     11      5      5      5     12      7
   GLYA0216      0      0      0      0      0      0      0      0      0      0      0
   CYSA0217      1      1      1      7      2      2      2      4      8     33     13
   GLNA0218      1      1      1    217     17     24      4      4      4     10      6
   VALA0219      1      1      1      7      2      2      2      2      2      6      6
   GLUA0220      1      1      1    217     15     17      3      9     15     45     21
   GLYA0221      0      0      0      0      0      0      0      0      0      0      0
   ASPA0222      1      1      1     37      5      4      2      6     10     32     15
   ALAA0223      1      1      1      2      1      1      1      1      1      2      1
   ALAA0224      1      1      1      2      1      1      1      1      1      2      1
   GLUA0225      1      1      1    109      7      8      4     12     20     59     22
   THRA0226      1      1      1      7      6     11      5      5      7     23      6
   PROA0227      1      1      1      2      1      1      1      1      1      1      1
   PROA0228      1      1      1      2      1      1      1      1      1      1      1
   ARGA0229      1      1      1   1297     80     86      8     32     35    101     44
   PROA0230      1      1      1      2      1      1      1      1      1      1      1
   ARGA0231      1      1      1   1297     31     31      5     20     20     60     45
   THRA0232      1      1      1      7      4      7      2      2      5     26      8
   PROA0233      1      1      1      2      1      1      1      1      1      1      1
   GLYA0234      0      0      0      0      0      0      0      0      0      0      0
   ARGA0235      1      1      1   1297     85     88     16     64     71    192     82
   PROA0236      1      1      1      2      1      1      1      1      1      1      1
   LEUA0237      1      1      1     37      8      8      4      4      4     10      8
   SERA0238      1      1      1      7      5      7      4      4      7     33      9
   SERA0239      1      1      1      7      2      2      2      2      3     17      4
   TYRA0240      1      1      1     37      4      4      2      4      6     22     17
   GLYA0241      0      0      0      0      0      0      0      0      0      0      0
   META0242      1      1      1    217      9      7      4      4      4     10     10
   ASPA0243      1      1      1     19      8     20      3      9     15     48     26
   SERA0244      1      1      1      7      5      5      5      5      6     29      4
   ARGA0245      1      1      1   1297    101    109      3     12     14     46     27
   PROA0246      1      1      1      2      1      1      1      1      1      1      1
   PROA0247      1      1      1      2      1      1      1      1      1      1      1
   META0248      1      1      1    217     42     42      7      7      7     16      9
   ALAA0249      1      1      1      2      1      1      1      1      1      1      1
   ILEA0250      1      1      1     37     12     12      9      9      9     19      9
   PHEA0251      1      1      1     37     16     16     10     10     10     16     10
   GLUA0252      1      1      1    109     36     37     17     51     81    220     73
   LEUA0253      1      1      1     37     12     12      5      5      5     12     12
   LEUA0254      1      1      1     37      7      7      1      1      1      4      4
   ASPA0255      1      1      1     19      8     12      5     15     20     44     18
   TYRA0256      1      1      1     37     10     15      5     10     10     21      9
   ILEA0257      1      1      1     37      4      4      3      3      3      8      4
   VALA0258      1      1      1      7      4      4      3      3      3      8      7
   ASNA0259      1      1      1     37     15     18     15     15     13     25     12
   GLUA0260      1      1      1    109     27     35      4     12     13     19     13
   PROA0261      1      1      1      2      1      1      1      1      1      1      1
   PROA0262      1      1      1      2      1      1      1      1      1      1      1
   PROA0263      1      1      1      2      1      1      1      1      1      1      1
   LYSA0264      1      1      1   1297    240    261    101     40     40     73     40
   LEUA0265      1      1      1     37     11     11      3      3      3      8      3
   PROA0266      1      1      1      2      1      1      1      1      1      1      1
   SERA0267      1      1      1      7      6      9      9      9     13     42     12
   GLYA0268      0      0      0      0      0      0      0      0      0      0      0
   VALA0269      1      1      1      7      6      6      5      5      5     12      8
   PHEA0270      1      1      1     19      3      3      1      1      1      4      2
   SERA0271      1      1      1      7      6     11     11     11     24     96     17
   LEUA0272      1      1      1     37     15     15     15     15     15     26     17
   GLUA0273      1      1      1    109     31     43     12     36     60    142     79
   PHEA0274      1      1      1     19      6      6      5      5      5     12      6
   GLNA0275      1      1      1    217     42     54     41     20     20     39     20
   ASPA0276      1      1      1     19      7     12      9     27     36     96     41
   PHEA0277      1      1      1     19      2      2      1      1      1      4      2
   VALA0278      1      1      1      7      6      6      3      3      3      8      5
   ASNA0279      1      1      1     37     15     30     23     20     16     33     13
   LYSA0280      1      1      1   1297    252    263     32     40     40     82     39
   CYSA0281      1      1      1      7      1      1      1      2      4      4      4
   LEUA0282      1      1      1     37      5      5      1      1      1      4      1
   ILEA0283      1      1      1     37      4      4      3      3      3      8      8
   LYSA0284      1      1      1   1297    188    194     76     40     40     78     40
   ASNA0285      1      1      1     37     23     47     24     20     18     38     12
   PROA0286      1      1      1      2      1      1      1      1      1      1      1
   ALAA0287      1      1      1      2      1      1      1      1      1      1      1
   GLUA0288      1      1      1    109     51     68     19     57     65    174     69
   ARGA0289      1      1      1   1297      3      4      3     12     17     57     25
   ALAA0290      1      1      1      2      1      1      1      1      1      1      1
   ASPA0291      1      1      1     19     15     29     22     60     96    256    117
   LEUA0292      1      1      1     37      9      9      4      4      4     10      7
   LYSA0293      1      1      1   1297    317    328     49     40     40     77     41
   GLNA0294      1      1      1    217     73     87     37     20     20     42     18
   LEUA0295      1      1      1     37      7      7      1      1      1      4      1
   META0296      1      1      1    217     44     44     22     20     20     35     22
   VALA0297      1      1      1      7      3      3      3      3      3      8      5
   HISA0298      1      1      1     37      9     23      7     21     21     48     21
   ALAA0299      1      1      1      2      1      1      1      1      1      3      1
   PHEA0300      1      1      1     19      2      2      2      2      2      6      2
   ILEA0301      1      1      1     37      4      4      2      2      2      6      2
   LYSA0302      1      1      1   1297    257    259    240     40     40     78     41
   ARGA0303      1      1      1   1297    257    268    159     80    109    299    137
   SERA0304      1      1      1      7      5      6      4      4      9     18      8
   ASPA0305      1      1      1     19      8      8      6     18     24     61     23
   ALAA0306      1      1      1      2      1      1      1      1      1      1      1
   GLUA0307      1      1      1    109     24     41     22     60    100    263    152
   GLUA0308      1      1      1    109     46     46     26     60     55    135     59
   VALA0309      1      1      1      7      4      4      4      4      4     10      6
   ASPA0310      1      1      1     19     12     12      7     21     25     57     25
   PHEA0311      1      1      1     19      1      1      1      1      1      4      1
   ALAA0312      1      1      1      2      1      1      1      1      1      1      1
   GLYA0313      0      0      0      0      0      0      0      0      0      0      0
   TRPA0314      1      1      1     37      8      8      4      4      4     10      5
   LEUA0315      1      1      1     37      8      8      1      1      1      2      1
   CYSA0316      1      1      1      7      3      3      2      4      8      8      8
   SERA0317      1      1      1      7      5      5      5      5      8     31      5
   THRA0318      1      1      1      7      3      3      3      3      4     11      4
   ILEA0319      1      1      1     37      6      6      3      3      3      8      8
   GLYA0320      0      0      0      0      0      0      0      0      0      0      0
   LEUA0321      1      1      1     37      4      4      3      3      3      8      7
   ASNA0322      1      1      1     37     33     46     16     16     15     28     13
   CTRA0322      1      1      1      2      1      1      1      3      5      5      5
   ANPB0001      0      0      0      0      0      0      0      0      0      0      0
   MG_B0002      0      0      0      0      0      0      0      0      0      0      0
   EUIB0003      1      1      1      2      1      1      2      5      8      8      8
   Total       298    298    298  58480  10920  12124   4584   4785   5944  15122   7015
