 ph              7.4   7.4   7.4   7.4   7.4
MET01A0001_001 1.000 1.000 1.000 1.000 1.000
GLU01A0002_001 0.000 0.000 0.000 0.000 0.000
GLU01A0002_002 0.000 0.000 0.000 0.000 0.000
GLU02A0002_003 0.000 0.000 0.000 0.000 0.000
GLU02A0002_004 0.000 0.000 0.000 0.000 0.000
GLU-1A0002_005 1.000 1.000 1.000 1.000 1.000
LEU01A0003_001 1.000 1.000 1.000 1.000 1.000
LYS01A0004_001 0.000 0.000 0.000 0.000 0.000
LYS+1A0004_002 1.000 1.000 1.000 1.000 1.000
ASP01A0005_001 0.000 0.000 0.000 0.000 0.000
ASP01A0005_002 0.000 0.000 0.000 0.000 0.000
ASP02A0005_003 0.000 0.000 0.000 0.000 0.000
ASP02A0005_004 0.000 0.000 0.000 0.000 0.000
ASP-1A0005_005 1.000 1.000 1.000 1.000 1.000
ASP01A0006_001 0.000 0.000 0.000 0.000 0.000
ASP01A0006_002 0.000 0.000 0.000 0.000 0.000
ASP02A0006_003 0.000 0.000 0.000 0.000 0.000
ASP02A0006_004 0.000 0.000 0.000 0.000 0.000
ASP-1A0006_005 1.000 1.000 1.000 1.000 1.000
ASP01A0007_001 0.000 0.000 0.000 0.000 0.000
ASP01A0007_002 0.002 0.002 0.002 0.002 0.002
ASP02A0007_003 0.000 0.000 0.000 0.000 0.000
ASP02A0007_004 0.000 0.000 0.000 0.000 0.000
ASP-1A0007_005 0.998 0.998 0.998 0.998 0.998
PHE01A0008_001 1.000 1.000 1.000 1.000 1.000
GLU01A0009_001 0.000 0.000 0.000 0.000 0.000
GLU01A0009_002 0.000 0.000 0.000 0.000 0.000
GLU02A0009_003 0.000 0.000 0.000 0.000 0.000
GLU02A0009_004 0.000 0.000 0.000 0.000 0.000
GLU-1A0009_005 1.000 1.000 1.000 1.000 1.000
LYS01A0010_001 0.000 0.000 0.000 0.000 0.000
LYS+1A0010_002 1.000 1.000 1.000 1.000 1.000
ILE01A0011_001 1.000 1.000 1.000 1.000 1.000
SER01A0012_001 0.013 0.012 0.013 0.013 0.012
SER01A0012_002 0.987 0.988 0.987 0.987 0.988
GLU01A0013_001 0.000 0.000 0.000 0.000 0.000
GLU01A0013_002 0.002 0.002 0.002 0.002 0.002
GLU02A0013_003 0.000 0.000 0.000 0.000 0.000
GLU02A0013_004 0.004 0.004 0.004 0.004 0.004
GLU-1A0013_005 0.994 0.994 0.994 0.994 0.994
LEU01A0014_001 1.000 1.000 1.000 1.000 1.000
ALA01A0016_001 1.000 1.000 1.000 1.000 1.000
ASN01A0018_001 1.000 1.000 1.000 1.000 1.000
VAL01A0021_001 1.000 1.000 1.000 1.000 1.000
VAL01A0022_001 1.000 1.000 1.000 1.000 1.000
PHE01A0023_001 1.000 1.000 1.000 1.000 1.000
LYS01A0024_001 0.001 0.000 0.000 0.001 0.000
LYS+1A0024_002 0.999 1.000 1.000 0.999 1.000
VAL01A0025_001 1.000 1.000 1.000 1.000 1.000
SER01A0026_001 1.000 1.000 1.000 1.000 1.000
HIS01A0027_001 0.841 0.841 0.841 0.841 0.842
HIS02A0027_002 0.159 0.159 0.159 0.159 0.158
HIS+1A0027_003 0.000 0.000 0.000 0.000 0.000
LYS01A0028_001 0.000 0.000 0.000 0.000 0.000
LYS+1A0028_002 1.000 1.000 1.000 1.000 1.000
PRO01A0029_001 1.000 1.000 1.000 1.000 1.000
SER01A0030_001 0.165 0.164 0.167 0.167 0.167
SER01A0030_002 0.000 0.000 0.000 0.000 0.000
SER01A0030_003 0.835 0.836 0.833 0.833 0.833
LEU01A0032_001 1.000 1.000 1.000 1.000 1.000
VAL01A0033_001 1.000 1.000 1.000 1.000 1.000
MET01A0034_001 1.000 1.000 1.000 1.000 1.000
ALA01A0035_001 1.000 1.000 1.000 1.000 1.000
ARG01A0036_001 0.005 0.005 0.005 0.005 0.004
ARG02A0036_002 0.000 0.000 0.000 0.000 0.000
ARG02A0036_003 0.000 0.000 0.000 0.000 0.000
ARG03A0036_004 0.000 0.000 0.000 0.000 0.000
ARG03A0036_005 0.000 0.000 0.000 0.000 0.000
ARG+1A0036_006 0.995 0.995 0.995 0.995 0.996
LYS01A0037_001 0.000 0.000 0.000 0.000 0.000
LYS+1A0037_002 1.000 1.000 1.000 1.000 1.000
LEU01A0038_001 1.000 1.000 1.000 1.000 1.000
ILE01A0039_001 1.000 1.000 1.000 1.000 1.000
HIS01A0040_001 0.007 0.007 0.007 0.006 0.006
HIS02A0040_002 0.424 0.425 0.426 0.426 0.424
HIS+1A0040_003 0.569 0.568 0.568 0.568 0.570
LEU01A0041_001 1.000 1.000 1.000 1.000 1.000
GLU01A0042_001 0.000 0.000 0.000 0.000 0.000
GLU01A0042_002 0.000 0.000 0.000 0.000 0.000
GLU02A0042_003 0.000 0.000 0.000 0.000 0.000
GLU02A0042_004 0.000 0.000 0.000 0.000 0.000
GLU-1A0042_005 1.000 1.000 1.000 1.000 1.000
ILE01A0043_001 1.000 1.000 1.000 1.000 1.000
LYS01A0044_001 0.000 0.000 0.000 0.000 0.000
LYS+1A0044_002 1.000 1.000 1.000 1.000 1.000
PRO01A0045_001 1.000 1.000 1.000 1.000 1.000
ALA01A0046_001 1.000 1.000 1.000 1.000 1.000
ILE01A0047_001 1.000 1.000 1.000 1.000 1.000
ARG01A0048_001 0.000 0.000 0.000 0.000 0.000
ARG02A0048_002 0.000 0.000 0.000 0.000 0.000
ARG03A0048_003 0.000 0.000 0.000 0.000 0.000
ARG+1A0048_004 1.000 1.000 1.000 1.000 1.000
ASN01A0049_001 0.418 0.419 0.420 0.418 0.420
ASN01A0049_002 0.582 0.581 0.580 0.582 0.580
GLN01A0050_001 0.940 0.940 0.939 0.939 0.940
GLN01A0050_002 0.060 0.060 0.061 0.061 0.060
ILE01A0051_001 1.000 1.000 1.000 1.000 1.000
ILE01A0052_001 1.000 1.000 1.000 1.000 1.000
ARG01A0053_001 0.000 0.000 0.000 0.000 0.000
ARG02A0053_002 0.000 0.000 0.000 0.000 0.000
ARG03A0053_003 0.000 0.000 0.000 0.000 0.000
ARG+1A0053_004 1.000 1.000 1.000 1.000 1.000
GLU01A0054_001 0.000 0.000 0.000 0.000 0.000
GLU01A0054_002 0.000 0.000 0.000 0.000 0.000
GLU02A0054_003 0.000 0.000 0.000 0.000 0.000
GLU02A0054_004 0.000 0.000 0.000 0.000 0.000
GLU-1A0054_005 1.000 1.000 1.000 1.000 1.000
LEU01A0055_001 1.000 1.000 1.000 1.000 1.000
GLN01A0056_001 0.970 0.969 0.970 0.970 0.970
GLN01A0056_002 0.030 0.031 0.030 0.030 0.030
VAL01A0057_001 1.000 1.000 1.000 1.000 1.000
LEU01A0058_001 1.000 1.000 1.000 1.000 1.000
HIS01A0059_001 0.137 0.137 0.136 0.136 0.137
HIS01A0059_002 0.042 0.042 0.042 0.042 0.043
HIS02A0059_003 0.313 0.316 0.313 0.313 0.312
HIS02A0059_004 0.019 0.019 0.019 0.019 0.019
HIS+1A0059_005 0.427 0.426 0.429 0.429 0.427
HIS+1A0059_006 0.061 0.061 0.061 0.061 0.062
GLU01A0060_001 0.000 0.000 0.000 0.000 0.000
GLU01A0060_002 0.002 0.000 0.002 0.002 0.002
GLU02A0060_003 0.000 0.000 0.000 0.000 0.000
GLU02A0060_004 0.002 0.004 0.002 0.002 0.002
GLU-1A0060_005 0.996 0.996 0.996 0.996 0.996
CYS01A0061_001 0.220 0.220 0.222 0.221 0.221
CYS01A0061_002 0.676 0.674 0.674 0.674 0.675
CYS01A0061_003 0.105 0.106 0.105 0.105 0.105
CYS-1A0061_004 0.000 0.000 0.000 0.000 0.000
ASN01A0062_001 0.150 0.151 0.150 0.151 0.151
ASN01A0062_002 0.850 0.849 0.850 0.849 0.849
SER01A0063_001 0.000 0.000 0.000 0.000 0.000
SER01A0063_002 1.000 1.000 1.000 1.000 1.000
PRO01A0064_001 1.000 1.000 1.000 1.000 1.000
TYR01A0065_001 1.000 1.000 1.000 1.000 1.000
TYR-1A0065_002 0.000 0.000 0.000 0.000 0.000
ILE01A0066_001 1.000 1.000 1.000 1.000 1.000
VAL01A0067_001 1.000 1.000 1.000 1.000 1.000
PHE01A0069_001 1.000 1.000 1.000 1.000 1.000
TYR01A0070_001 1.000 1.000 1.000 1.000 1.000
TYR-1A0070_002 0.000 0.000 0.000 0.000 0.000
ALA01A0072_001 1.000 1.000 1.000 1.000 1.000
PHE01A0073_001 1.000 1.000 1.000 1.000 1.000
TYR01A0074_001 0.998 0.998 0.998 0.998 0.998
TYR-1A0074_002 0.002 0.002 0.002 0.002 0.002
SER01A0075_001 0.076 0.077 0.076 0.077 0.077
SER01A0075_002 0.924 0.923 0.924 0.923 0.923
ASP01A0076_001 0.000 0.000 0.000 0.000 0.000
ASP01A0076_002 0.000 0.000 0.000 0.000 0.000
ASP02A0076_003 0.000 0.000 0.000 0.000 0.000
ASP02A0076_004 0.000 0.000 0.000 0.000 0.000
ASP-1A0076_005 1.000 1.000 1.000 1.000 1.000
GLU01A0078_001 0.000 0.000 0.000 0.000 0.000
GLU01A0078_002 0.000 0.000 0.000 0.000 0.000
GLU02A0078_003 0.000 0.000 0.000 0.000 0.000
GLU02A0078_004 0.000 0.000 0.000 0.000 0.000
GLU-1A0078_005 1.000 1.000 1.000 1.000 1.000
ILE01A0079_001 1.000 1.000 1.000 1.000 1.000
SER01A0080_001 0.004 0.004 0.004 0.004 0.004
SER01A0080_002 0.992 0.993 0.993 0.992 0.993
SER01A0080_003 0.004 0.004 0.004 0.004 0.003
ILE01A0081_001 1.000 1.000 1.000 1.000 1.000
CYS01A0082_001 0.073 0.073 0.072 0.072 0.073
CYS01A0082_002 0.456 0.457 0.457 0.457 0.454
CYS01A0082_003 0.472 0.470 0.471 0.471 0.473
CYS-1A0082_004 0.000 0.000 0.000 0.000 0.000
MET01A0083_001 1.000 1.000 1.000 1.000 1.000
GLU01A0084_001 0.000 0.000 0.000 0.000 0.000
GLU01A0084_002 0.000 0.000 0.000 0.000 0.000
GLU02A0084_003 0.000 0.000 0.000 0.000 0.000
GLU02A0084_004 0.000 0.000 0.000 0.000 0.000
GLU-1A0084_005 1.000 1.000 1.000 1.000 1.000
HIS01A0085_001 0.030 0.030 0.030 0.030 0.030
HIS01A0085_002 0.400 0.401 0.398 0.400 0.398
HIS02A0085_003 0.124 0.125 0.125 0.124 0.125
HIS02A0085_004 0.440 0.439 0.441 0.439 0.440
HIS+1A0085_005 0.000 0.000 0.000 0.000 0.000
HIS+1A0085_006 0.006 0.007 0.006 0.007 0.007
MET01A0086_001 1.000 1.000 1.000 1.000 1.000
ASP01A0087_001 0.000 0.000 0.000 0.000 0.000
ASP01A0087_002 0.000 0.000 0.000 0.000 0.000
ASP02A0087_003 0.000 0.000 0.000 0.000 0.000
ASP02A0087_004 0.000 0.000 0.000 0.000 0.000
ASP-1A0087_005 1.000 1.000 1.000 1.000 1.000
SER01A0090_001 0.028 0.028 0.028 0.028 0.028
SER01A0090_002 0.972 0.972 0.972 0.972 0.972
LEU01A0091_001 1.000 1.000 1.000 1.000 1.000
ASP01A0092_001 0.000 0.000 0.000 0.000 0.000
ASP01A0092_002 0.000 0.000 0.000 0.000 0.000
ASP02A0092_003 0.000 0.000 0.000 0.000 0.000
ASP02A0092_004 0.000 0.000 0.000 0.000 0.000
ASP-1A0092_005 1.000 1.000 1.000 1.000 1.000
GLN01A0093_001 1.000 1.000 1.000 1.000 1.000
GLN01A0093_002 0.000 0.000 0.000 0.000 0.000
VAL01A0094_001 1.000 1.000 1.000 1.000 1.000
LEU01A0095_001 1.000 1.000 1.000 1.000 1.000
LYS01A0096_001 0.000 0.000 0.000 0.000 0.000
LYS+1A0096_002 1.000 1.000 1.000 1.000 1.000
LYS01A0097_001 0.000 0.000 0.000 0.000 0.000
LYS+1A0097_002 1.000 1.000 1.000 1.000 1.000
ALA01A0098_001 1.000 1.000 1.000 1.000 1.000
ARG01A0100_001 0.000 0.000 0.000 0.000 0.000
ARG02A0100_002 0.000 0.000 0.000 0.000 0.000
ARG03A0100_003 0.000 0.000 0.000 0.000 0.000
ARG03A0100_004 0.000 0.000 0.000 0.000 0.000
ARG+1A0100_005 1.000 1.000 1.000 1.000 1.000
ILE01A0101_001 1.000 1.000 1.000 1.000 1.000
PRO01A0102_001 1.000 1.000 1.000 1.000 1.000
GLU01A0103_001 0.000 0.000 0.000 0.000 0.000
GLU01A0103_002 0.000 0.000 0.000 0.000 0.000
GLU02A0103_003 0.000 0.000 0.000 0.000 0.000
GLU02A0103_004 0.000 0.000 0.000 0.000 0.000
GLU-1A0103_005 1.000 1.000 1.000 1.000 1.000
GLN01A0104_001 0.062 0.062 0.062 0.062 0.062
GLN01A0104_002 0.938 0.938 0.938 0.938 0.938
ILE01A0105_001 1.000 1.000 1.000 1.000 1.000
LEU01A0106_001 1.000 1.000 1.000 1.000 1.000
LYS01A0108_001 0.005 0.005 0.005 0.005 0.005
LYS+1A0108_002 0.995 0.995 0.995 0.995 0.995
VAL01A0109_001 1.000 1.000 1.000 1.000 1.000
SER01A0110_001 0.029 0.028 0.028 0.029 0.029
SER01A0110_002 0.971 0.972 0.972 0.971 0.971
ILE01A0111_001 1.000 1.000 1.000 1.000 1.000
ALA01A0112_001 1.000 1.000 1.000 1.000 1.000
VAL01A0113_001 1.000 1.000 1.000 1.000 1.000
ILE01A0114_001 1.000 1.000 1.000 1.000 1.000
LYS01A0115_001 0.000 0.000 0.000 0.000 0.000
LYS+1A0115_002 1.000 1.000 1.000 1.000 1.000
LEU01A0117_001 1.000 1.000 1.000 1.000 1.000
THR01A0118_001 0.085 0.086 0.086 0.086 0.085
THR01A0118_002 0.785 0.784 0.785 0.786 0.786
THR01A0118_003 0.129 0.130 0.129 0.128 0.130
TYR01A0119_001 0.987 0.987 0.987 0.987 0.987
TYR01A0119_002 0.013 0.013 0.013 0.013 0.013
TYR-1A0119_003 0.000 0.000 0.000 0.000 0.000
LEU01A0120_001 1.000 1.000 1.000 1.000 1.000
ARG01A0121_001 0.000 0.000 0.000 0.000 0.000
ARG02A0121_002 0.000 0.000 0.000 0.000 0.000
ARG03A0121_003 0.000 0.000 0.000 0.000 0.000
ARG+1A0121_004 1.000 1.000 1.000 1.000 1.000
GLU01A0122_001 0.000 0.000 0.000 0.000 0.000
GLU01A0122_002 0.000 0.000 0.000 0.000 0.000
GLU02A0122_003 0.000 0.000 0.000 0.000 0.000
GLU02A0122_004 0.000 0.000 0.000 0.000 0.000
GLU-1A0122_005 1.000 1.000 1.000 1.000 1.000
LYS01A0123_001 0.002 0.002 0.002 0.002 0.002
LYS+1A0123_002 0.998 0.998 0.998 0.998 0.998
HIS01A0124_001 0.976 0.977 0.977 0.977 0.977
HIS02A0124_002 0.012 0.011 0.011 0.011 0.011
HIS+1A0124_003 0.012 0.012 0.012 0.012 0.012
LYS01A0125_001 0.000 0.000 0.000 0.000 0.000
LYS+1A0125_002 1.000 1.000 1.000 1.000 1.000
ILE01A0126_001 1.000 1.000 1.000 1.000 1.000
MET01A0127_001 1.000 1.000 1.000 1.000 1.000
HIS01A0128_001 0.000 0.000 0.000 0.000 0.000
HIS01A0128_002 1.000 1.000 1.000 1.000 1.000
HIS02A0128_003 0.000 0.000 0.000 0.000 0.000
HIS02A0128_004 0.000 0.000 0.000 0.000 0.000
HIS+1A0128_005 0.000 0.000 0.000 0.000 0.000
HIS+1A0128_006 0.000 0.000 0.000 0.000 0.000
ARG01A0129_001 0.000 0.000 0.000 0.000 0.000
ARG02A0129_002 0.000 0.000 0.000 0.000 0.000
ARG03A0129_003 0.000 0.000 0.000 0.000 0.000
ARG03A0129_004 0.000 0.000 0.000 0.000 0.000
ARG+1A0129_005 1.000 1.000 1.000 1.000 1.000
ASP01A0130_001 0.336 0.341 0.340 0.341 0.339
ASP01A0130_002 0.002 0.002 0.002 0.002 0.002
ASP02A0130_003 0.000 0.000 0.000 0.000 0.000
ASP02A0130_004 0.000 0.000 0.000 0.000 0.000
ASP-1A0130_005 0.662 0.657 0.658 0.657 0.659
VAL01A0131_001 1.000 1.000 1.000 1.000 1.000
LYS01A0132_001 0.000 0.000 0.000 0.000 0.000
LYS+1A0132_002 1.000 1.000 1.000 1.000 1.000
PRO01A0133_001 1.000 1.000 1.000 1.000 1.000
SER01A0134_001 0.005 0.005 0.005 0.005 0.005
SER01A0134_002 0.995 0.995 0.995 0.995 0.995
ASN01A0135_001 0.999 0.998 0.998 0.998 0.998
ASN01A0135_002 0.001 0.002 0.002 0.002 0.002
ILE01A0136_001 1.000 1.000 1.000 1.000 1.000
LEU01A0137_001 1.000 1.000 1.000 1.000 1.000
VAL01A0138_001 1.000 1.000 1.000 1.000 1.000
ASN01A0139_001 1.000 1.000 1.000 1.000 1.000
ASN01A0139_002 0.000 0.000 0.000 0.000 0.000
SER01A0140_001 0.355 0.356 0.354 0.353 0.352
SER01A0140_002 0.009 0.009 0.009 0.009 0.009
SER01A0140_003 0.636 0.635 0.637 0.638 0.638
ARG01A0141_001 0.000 0.000 0.000 0.000 0.000
ARG02A0141_002 0.000 0.000 0.000 0.000 0.000
ARG03A0141_003 0.000 0.000 0.000 0.000 0.000
ARG+1A0141_004 1.000 1.000 1.000 1.000 1.000
GLU01A0143_001 0.000 0.000 0.000 0.000 0.000
GLU01A0143_002 0.000 0.000 0.000 0.000 0.000
GLU02A0143_003 0.000 0.000 0.000 0.000 0.000
GLU02A0143_004 0.000 0.000 0.000 0.000 0.000
GLU-1A0143_005 1.000 1.000 1.000 1.000 1.000
ILE01A0144_001 1.000 1.000 1.000 1.000 1.000
LYS01A0145_001 0.000 0.000 0.000 0.000 0.000
LYS+1A0145_002 1.000 1.000 1.000 1.000 1.000
LEU01A0146_001 1.000 1.000 1.000 1.000 1.000
CYS01A0147_001 0.084 0.082 0.083 0.083 0.083
CYS01A0147_002 0.694 0.694 0.692 0.693 0.693
CYS01A0147_003 0.223 0.224 0.224 0.224 0.224
CYS-1A0147_004 0.000 0.000 0.000 0.000 0.000
ASP01A0148_001 0.000 0.000 0.000 0.000 0.000
ASP01A0148_002 0.024 0.024 0.024 0.024 0.024
ASP02A0148_003 0.000 0.000 0.000 0.000 0.000
ASP02A0148_004 0.000 0.000 0.000 0.000 0.000
ASP-1A0148_005 0.976 0.976 0.976 0.976 0.976
PHE01A0149_001 1.000 1.000 1.000 1.000 1.000
VAL01A0151_001 1.000 1.000 1.000 1.000 1.000
SER01A0152_001 0.000 0.000 0.000 0.000 0.000
SER01A0152_002 0.997 0.997 0.997 0.997 0.997
SER01A0152_003 0.003 0.003 0.003 0.003 0.003
GLN01A0154_001 0.511 0.510 0.510 0.510 0.510
GLN01A0154_002 0.489 0.490 0.490 0.490 0.490
LEU01A0155_001 1.000 1.000 1.000 1.000 1.000
ILE01A0156_001 1.000 1.000 1.000 1.000 1.000
ASP01A0157_001 0.000 0.000 0.000 0.000 0.000
ASP01A0157_002 0.000 0.000 0.000 0.000 0.000
ASP02A0157_003 0.000 0.000 0.000 0.000 0.000
ASP02A0157_004 0.000 0.000 0.000 0.000 0.000
ASP-1A0157_005 1.000 1.000 1.000 1.000 1.000
SER01A0158_001 0.145 0.145 0.144 0.144 0.145
SER01A0158_002 0.855 0.855 0.856 0.856 0.855
MET01A0159_001 1.000 1.000 1.000 1.000 1.000
ALA01A0160_001 1.000 1.000 1.000 1.000 1.000
ASN01A0161_001 0.990 0.990 0.990 0.990 0.989
ASN01A0161_002 0.010 0.010 0.010 0.010 0.011
SER01A0162_001 1.000 1.000 1.000 1.000 1.000
PHE01A0163_001 1.000 1.000 1.000 1.000 1.000
VAL01A0164_001 1.000 1.000 1.000 1.000 1.000
THR01A0166_001 0.097 0.098 0.098 0.098 0.099
THR01A0166_002 0.903 0.902 0.902 0.902 0.901
ARG01A0167_001 0.000 0.000 0.000 0.000 0.000
ARG02A0167_002 0.000 0.000 0.000 0.000 0.000
ARG02A0167_003 0.000 0.000 0.000 0.000 0.000
ARG03A0167_004 0.000 0.000 0.000 0.000 0.000
ARG03A0167_005 0.000 0.000 0.000 0.000 0.000
ARG+1A0167_006 1.000 1.000 1.000 1.000 1.000
SER01A0168_001 1.000 1.000 1.000 1.000 1.000
TYR01A0169_001 1.000 1.000 1.000 1.000 1.000
TYR01A0169_002 0.000 0.000 0.000 0.000 0.000
TYR-1A0169_003 0.000 0.000 0.000 0.000 0.000
MET01A0170_001 1.000 1.000 1.000 1.000 1.000
SER01A0171_001 0.006 0.005 0.006 0.005 0.005
SER01A0171_002 0.000 0.000 0.000 0.000 0.000
SER01A0171_003 0.994 0.995 0.994 0.995 0.994
PRO01A0172_001 1.000 1.000 1.000 1.000 1.000
GLU01A0173_001 0.000 0.000 0.000 0.000 0.000
GLU01A0173_002 0.000 0.000 0.000 0.000 0.000
GLU02A0173_003 0.000 0.000 0.000 0.000 0.000
GLU02A0173_004 0.000 0.000 0.000 0.000 0.000
GLU-1A0173_005 1.000 1.000 1.000 1.000 1.000
ARG01A0174_001 0.000 0.000 0.000 0.000 0.000
ARG02A0174_002 0.000 0.000 0.000 0.000 0.000
ARG03A0174_003 0.000 0.000 0.000 0.000 0.000
ARG+1A0174_004 1.000 1.000 1.000 1.000 1.000
LEU01A0175_001 1.000 1.000 1.000 1.000 1.000
GLN01A0176_001 0.663 0.660 0.661 0.662 0.661
GLN01A0176_002 0.337 0.340 0.339 0.338 0.339
THR01A0178_001 1.000 1.000 1.000 1.000 1.000
HIS01A0179_001 0.124 0.123 0.123 0.124 0.123
HIS01A0179_002 0.328 0.329 0.328 0.328 0.329
HIS02A0179_003 0.152 0.153 0.153 0.152 0.152
HIS02A0179_004 0.198 0.197 0.197 0.197 0.197
HIS+1A0179_005 0.070 0.070 0.070 0.070 0.070
HIS+1A0179_006 0.129 0.128 0.128 0.129 0.128
TYR01A0180_001 0.077 0.079 0.079 0.078 0.079
TYR01A0180_002 0.919 0.917 0.917 0.918 0.917
TYR-1A0180_003 0.004 0.004 0.004 0.004 0.004
SER01A0181_001 0.000 0.000 0.000 0.000 0.000
SER01A0181_002 1.000 1.000 1.000 1.000 1.000
VAL01A0182_001 1.000 1.000 1.000 1.000 1.000
GLN01A0183_001 0.999 0.999 0.999 0.999 0.999
GLN01A0183_002 0.001 0.001 0.001 0.001 0.001
SER01A0184_001 0.135 0.135 0.135 0.135 0.135
SER01A0184_002 0.061 0.061 0.062 0.061 0.061
SER01A0184_003 0.804 0.804 0.803 0.803 0.804
ASP01A0185_001 0.000 0.000 0.000 0.000 0.000
ASP01A0185_002 0.000 0.000 0.000 0.000 0.000
ASP02A0185_003 0.000 0.000 0.000 0.000 0.000
ASP02A0185_004 0.000 0.000 0.000 0.000 0.000
ASP-1A0185_005 1.000 1.000 1.000 1.000 1.000
ILE01A0186_001 1.000 1.000 1.000 1.000 1.000
TRP01A0187_001 1.000 1.000 1.000 1.000 1.000
SER01A0188_001 0.951 0.951 0.951 0.952 0.951
SER01A0188_002 0.049 0.049 0.049 0.048 0.049
MET01A0189_001 1.000 1.000 1.000 1.000 1.000
LEU01A0191_001 1.000 1.000 1.000 1.000 1.000
SER01A0192_001 0.012 0.011 0.012 0.011 0.012
SER01A0192_002 0.968 0.969 0.968 0.969 0.969
SER01A0192_003 0.020 0.019 0.020 0.020 0.020
LEU01A0193_001 1.000 1.000 1.000 1.000 1.000
VAL01A0194_001 1.000 1.000 1.000 1.000 1.000
GLU01A0195_001 0.000 0.000 0.000 0.000 0.000
GLU01A0195_002 0.000 0.000 0.000 0.000 0.000
GLU02A0195_003 0.000 0.000 0.000 0.000 0.000
GLU02A0195_004 0.000 0.000 0.000 0.000 0.000
GLU-1A0195_005 1.000 1.000 1.000 1.000 1.000
MET01A0196_001 1.000 1.000 1.000 1.000 1.000
ALA01A0197_001 1.000 1.000 1.000 1.000 1.000
VAL01A0198_001 1.000 1.000 1.000 1.000 1.000
ARG01A0200_001 0.000 0.000 0.000 0.000 0.000
ARG02A0200_002 0.000 0.000 0.000 0.000 0.000
ARG03A0200_003 0.000 0.000 0.000 0.000 0.000
ARG+1A0200_004 1.000 1.000 1.000 1.000 1.000
TYR01A0201_001 0.992 0.993 0.993 0.993 0.993
TYR01A0201_002 0.008 0.007 0.007 0.007 0.007
TYR-1A0201_003 0.000 0.000 0.000 0.000 0.000
PRO01A0202_001 1.000 1.000 1.000 1.000 1.000
ILE01A0203_001 1.000 1.000 1.000 1.000 1.000
PRO01A0204_001 1.000 1.000 1.000 1.000 1.000
PRO01A0205_001 1.000 1.000 1.000 1.000 1.000
PRO01A0206_001 1.000 1.000 1.000 1.000 1.000
ASP01A0207_001 0.000 0.000 0.000 0.000 0.000
ASP01A0207_002 0.000 0.000 0.000 0.000 0.000
ASP02A0207_003 0.000 0.000 0.000 0.000 0.000
ASP02A0207_004 0.001 0.000 0.000 0.000 0.000
ASP-1A0207_005 0.999 1.000 0.999 1.000 1.000
ALA01A0208_001 1.000 1.000 1.000 1.000 1.000
LYS01A0209_001 0.000 0.000 0.000 0.000 0.000
LYS+1A0209_002 1.000 1.000 1.000 1.000 1.000
GLU01A0210_001 0.000 0.000 0.000 0.000 0.000
GLU01A0210_002 0.014 0.019 0.015 0.014 0.015
GLU02A0210_003 0.000 0.000 0.000 0.000 0.000
GLU02A0210_004 0.001 0.000 0.001 0.001 0.001
GLU-1A0210_005 0.984 0.981 0.984 0.984 0.984
LEU01A0211_001 1.000 1.000 1.000 1.000 1.000
GLU01A0212_001 0.000 0.000 0.000 0.000 0.000
GLU01A0212_002 0.000 0.000 0.000 0.000 0.000
GLU02A0212_003 0.000 0.000 0.000 0.000 0.000
GLU02A0212_004 0.000 0.000 0.000 0.000 0.000
GLU-1A0212_005 1.000 1.000 1.000 1.000 1.000
LEU01A0213_001 1.000 1.000 1.000 1.000 1.000
MET01A0214_001 1.000 1.000 1.000 1.000 1.000
PHE01A0215_001 1.000 1.000 1.000 1.000 1.000
CYS01A0217_001 0.019 0.019 0.019 0.019 0.018
CYS01A0217_002 0.243 0.245 0.245 0.246 0.244
CYS01A0217_003 0.734 0.732 0.732 0.731 0.733
CYS-1A0217_004 0.005 0.005 0.005 0.005 0.005
GLN01A0218_001 1.000 1.000 1.000 1.000 1.000
VAL01A0219_001 1.000 1.000 1.000 1.000 1.000
GLU01A0220_001 0.000 0.000 0.000 0.000 0.000
GLU01A0220_002 0.000 0.000 0.000 0.000 0.000
GLU02A0220_003 0.000 0.000 0.000 0.000 0.000
GLU02A0220_004 0.000 0.000 0.000 0.000 0.000
GLU-1A0220_005 1.000 1.000 1.000 1.000 1.000
ASP01A0222_001 0.000 0.000 0.000 0.000 0.000
ASP01A0222_002 0.003 0.002 0.002 0.002 0.000
ASP02A0222_003 0.000 0.000 0.000 0.000 0.000
ASP02A0222_004 0.000 0.000 0.000 0.000 0.000
ASP-1A0222_005 0.997 0.998 0.998 0.998 1.000
ALA01A0223_001 1.000 1.000 1.000 1.000 1.000
ALA01A0224_001 1.000 1.000 1.000 1.000 1.000
GLU01A0225_001 0.000 0.000 0.000 0.000 0.000
GLU01A0225_002 0.003 0.003 0.002 0.003 0.003
GLU02A0225_003 0.000 0.000 0.000 0.000 0.000
GLU02A0225_004 0.000 0.000 0.000 0.000 0.000
GLU-1A0225_005 0.997 0.997 0.997 0.997 0.997
THR01A0226_001 0.679 0.677 0.677 0.676 0.674
THR01A0226_002 0.321 0.323 0.323 0.324 0.326
PRO01A0227_001 1.000 1.000 1.000 1.000 1.000
PRO01A0228_001 1.000 1.000 1.000 1.000 1.000
ARG01A0229_001 0.000 0.000 0.000 0.000 0.000
ARG02A0229_002 0.000 0.000 0.000 0.000 0.000
ARG02A0229_003 1.000 1.000 1.000 1.000 1.000
ARG03A0229_004 0.000 0.000 0.000 0.000 0.000
ARG03A0229_005 0.000 0.000 0.000 0.000 0.000
ARG+1A0229_006 0.000 0.000 0.000 0.000 0.000
PRO01A0230_001 1.000 1.000 1.000 1.000 1.000
ARG01A0231_001 0.000 0.000 0.000 0.000 0.000
ARG02A0231_002 0.000 0.000 0.000 0.000 0.000
ARG03A0231_003 0.000 0.000 0.000 0.000 0.000
ARG+1A0231_004 1.000 1.000 1.000 1.000 1.000
THR01A0232_001 0.073 0.075 0.075 0.075 0.074
THR01A0232_002 0.021 0.022 0.022 0.022 0.022
THR01A0232_003 0.905 0.903 0.903 0.904 0.904
PRO01A0233_001 1.000 1.000 1.000 1.000 1.000
ARG01A0235_001 0.000 0.000 0.000 0.000 0.000
ARG02A0235_002 0.000 0.000 0.000 0.000 0.000
ARG02A0235_003 0.000 0.000 0.000 0.000 0.000
ARG03A0235_004 0.000 0.000 0.000 0.000 0.000
ARG+1A0235_005 1.000 1.000 1.000 1.000 1.000
PRO01A0236_001 1.000 1.000 1.000 1.000 1.000
LEU01A0237_001 1.000 1.000 1.000 1.000 1.000
SER01A0238_001 1.000 1.000 1.000 1.000 1.000
SER01A0239_001 1.000 1.000 1.000 1.000 1.000
TYR01A0240_001 0.000 0.000 0.000 0.000 0.000
TYR01A0240_002 0.986 0.986 0.986 0.986 0.986
TYR-1A0240_003 0.014 0.014 0.014 0.014 0.014
MET01A0242_001 1.000 1.000 1.000 1.000 1.000
ASP01A0243_001 0.000 0.000 0.000 0.000 0.000
ASP01A0243_002 0.000 0.000 0.000 0.000 0.000
ASP02A0243_003 0.000 0.000 0.000 0.000 0.000
ASP02A0243_004 0.000 0.000 0.000 0.000 0.000
ASP-1A0243_005 1.000 1.000 1.000 1.000 1.000
SER01A0244_001 0.161 0.161 0.161 0.161 0.161
SER01A0244_002 0.839 0.839 0.839 0.839 0.839
ARG01A0245_001 0.000 0.000 0.000 0.000 0.000
ARG02A0245_002 0.000 0.000 0.000 0.000 0.000
ARG03A0245_003 0.000 0.000 0.000 0.000 0.000
ARG+1A0245_004 1.000 1.000 1.000 1.000 1.000
PRO01A0246_001 1.000 1.000 1.000 1.000 1.000
PRO01A0247_001 1.000 1.000 1.000 1.000 1.000
MET01A0248_001 1.000 1.000 1.000 1.000 1.000
ALA01A0249_001 1.000 1.000 1.000 1.000 1.000
ILE01A0250_001 1.000 1.000 1.000 1.000 1.000
PHE01A0251_001 1.000 1.000 1.000 1.000 1.000
GLU01A0252_001 0.000 0.000 0.000 0.000 0.000
GLU01A0252_002 0.002 0.000 0.000 0.002 0.000
GLU02A0252_003 0.000 0.000 0.000 0.000 0.000
GLU02A0252_004 0.000 0.000 0.000 0.000 0.000
GLU-1A0252_005 0.998 1.000 1.000 0.998 1.000
LEU01A0253_001 1.000 1.000 1.000 1.000 1.000
LEU01A0254_001 1.000 1.000 1.000 1.000 1.000
ASP01A0255_001 0.000 0.000 0.000 0.000 0.000
ASP01A0255_002 0.003 0.005 0.003 0.005 0.004
ASP02A0255_003 0.000 0.000 0.000 0.000 0.000
ASP02A0255_004 0.001 0.000 0.001 0.000 0.001
ASP-1A0255_005 0.996 0.995 0.996 0.995 0.996
TYR01A0256_001 1.000 1.000 1.000 1.000 1.000
TYR-1A0256_002 0.000 0.000 0.000 0.000 0.000
ILE01A0257_001 1.000 1.000 1.000 1.000 1.000
VAL01A0258_001 1.000 1.000 1.000 1.000 1.000
ASN01A0259_001 0.848 0.847 0.849 0.847 0.848
ASN01A0259_002 0.152 0.153 0.151 0.153 0.152
GLU01A0260_001 0.000 0.000 0.000 0.000 0.000
GLU01A0260_002 0.001 0.002 0.000 0.002 0.002
GLU02A0260_003 0.000 0.000 0.000 0.000 0.000
GLU02A0260_004 0.003 0.003 0.005 0.003 0.003
GLU-1A0260_005 0.996 0.996 0.995 0.996 0.996
PRO01A0261_001 1.000 1.000 1.000 1.000 1.000
PRO01A0262_001 1.000 1.000 1.000 1.000 1.000
PRO01A0263_001 1.000 1.000 1.000 1.000 1.000
LYS01A0264_001 0.000 0.000 0.000 0.000 0.000
LYS+1A0264_002 1.000 1.000 1.000 1.000 1.000
LEU01A0265_001 1.000 1.000 1.000 1.000 1.000
PRO01A0266_001 1.000 1.000 1.000 1.000 1.000
SER01A0267_001 0.052 0.054 0.054 0.053 0.053
SER01A0267_002 0.948 0.946 0.946 0.947 0.947
VAL01A0269_001 1.000 1.000 1.000 1.000 1.000
PHE01A0270_001 1.000 1.000 1.000 1.000 1.000
SER01A0271_001 1.000 1.000 1.000 1.000 1.000
SER01A0271_002 0.000 0.000 0.000 0.000 0.000
SER01A0271_003 0.000 0.000 0.000 0.000 0.000
LEU01A0272_001 1.000 1.000 1.000 1.000 1.000
GLU01A0273_001 0.000 0.000 0.000 0.000 0.000
GLU01A0273_002 0.000 0.000 0.000 0.000 0.000
GLU02A0273_003 0.000 0.000 0.000 0.000 0.000
GLU02A0273_004 0.000 0.000 0.000 0.000 0.000
GLU-1A0273_005 1.000 1.000 1.000 1.000 1.000
PHE01A0274_001 1.000 1.000 1.000 1.000 1.000
GLN01A0275_001 0.687 0.687 0.686 0.686 0.687
GLN01A0275_002 0.313 0.313 0.314 0.314 0.313
ASP01A0276_001 0.000 0.000 0.000 0.000 0.000
ASP01A0276_002 0.000 0.000 0.000 0.000 0.000
ASP02A0276_003 0.000 0.000 0.000 0.000 0.000
ASP02A0276_004 0.000 0.000 0.000 0.000 0.000
ASP-1A0276_005 1.000 1.000 1.000 1.000 1.000
PHE01A0277_001 1.000 1.000 1.000 1.000 1.000
VAL01A0278_001 1.000 1.000 1.000 1.000 1.000
ASN01A0279_001 0.922 0.923 0.923 0.924 0.923
ASN01A0279_002 0.078 0.077 0.077 0.076 0.077
LYS01A0280_001 0.000 0.000 0.000 0.000 0.000
LYS+1A0280_002 1.000 1.000 1.000 1.000 1.000
CYS01A0281_001 0.210 0.208 0.209 0.209 0.208
CYS01A0281_002 0.556 0.559 0.557 0.557 0.559
CYS01A0281_003 0.234 0.232 0.233 0.234 0.233
CYS-1A0281_004 0.000 0.000 0.000 0.000 0.000
LEU01A0282_001 1.000 1.000 1.000 1.000 1.000
ILE01A0283_001 1.000 1.000 1.000 1.000 1.000
LYS01A0284_001 0.001 0.001 0.000 0.000 0.000
LYS+1A0284_002 0.999 0.999 1.000 1.000 1.000
ASN01A0285_001 1.000 1.000 1.000 1.000 1.000
ASN01A0285_002 0.000 0.000 0.000 0.000 0.000
PRO01A0286_001 1.000 1.000 1.000 1.000 1.000
ALA01A0287_001 1.000 1.000 1.000 1.000 1.000
GLU01A0288_001 0.000 0.000 0.000 0.000 0.000
GLU01A0288_002 0.000 0.000 0.000 0.000 0.000
GLU02A0288_003 0.000 0.000 0.000 0.000 0.000
GLU02A0288_004 0.000 0.000 0.000 0.000 0.000
GLU-1A0288_005 1.000 1.000 1.000 1.000 1.000
ARG01A0289_001 0.000 0.000 0.000 0.000 0.000
ARG02A0289_002 0.000 0.000 0.000 0.000 0.000
ARG02A0289_003 0.000 0.000 0.000 0.000 0.000
ARG03A0289_004 0.000 0.000 0.000 0.000 0.000
ARG03A0289_005 0.000 0.000 0.000 0.000 0.000
ARG+1A0289_006 1.000 1.000 1.000 1.000 1.000
ALA01A0290_001 1.000 1.000 1.000 1.000 1.000
ASP01A0291_001 0.000 0.000 0.000 0.000 0.000
ASP01A0291_002 0.000 0.000 0.000 0.000 0.000
ASP02A0291_003 0.000 0.000 0.000 0.000 0.000
ASP02A0291_004 0.000 0.000 0.000 0.000 0.000
ASP-1A0291_005 1.000 1.000 1.000 1.000 1.000
LEU01A0292_001 1.000 1.000 1.000 1.000 1.000
LYS01A0293_001 0.000 0.000 0.000 0.000 0.000
LYS+1A0293_002 1.000 1.000 1.000 1.000 1.000
GLN01A0294_001 0.000 0.000 0.000 0.000 0.000
GLN01A0294_002 1.000 1.000 1.000 1.000 1.000
LEU01A0295_001 1.000 1.000 1.000 1.000 1.000
MET01A0296_001 1.000 1.000 1.000 1.000 1.000
VAL01A0297_001 1.000 1.000 1.000 1.000 1.000
HIS01A0298_001 1.000 1.000 1.000 1.000 1.000
HIS02A0298_002 0.000 0.000 0.000 0.000 0.000
HIS+1A0298_003 0.000 0.000 0.000 0.000 0.000
ALA01A0299_001 1.000 1.000 1.000 1.000 1.000
PHE01A0300_001 1.000 1.000 1.000 1.000 1.000
ILE01A0301_001 1.000 1.000 1.000 1.000 1.000
LYS01A0302_001 0.000 0.000 0.001 0.001 0.001
LYS+1A0302_002 1.000 1.000 0.999 0.999 0.999
ARG01A0303_001 0.000 0.000 0.000 0.000 0.000
ARG02A0303_002 0.000 0.000 0.000 0.000 0.000
ARG02A0303_003 0.000 0.000 0.000 0.000 0.000
ARG03A0303_004 0.000 0.000 0.000 0.000 0.000
ARG03A0303_005 0.000 0.000 0.000 0.000 0.000
ARG+1A0303_006 1.000 1.000 1.000 1.000 1.000
SER01A0304_001 0.340 0.339 0.339 0.339 0.338
SER01A0304_002 0.571 0.570 0.572 0.571 0.571
SER01A0304_003 0.090 0.090 0.089 0.090 0.091
ASP01A0305_001 0.000 0.000 0.000 0.000 0.000
ASP01A0305_002 0.000 0.000 0.000 0.000 0.000
ASP02A0305_003 0.000 0.000 0.000 0.000 0.000
ASP02A0305_004 0.004 0.004 0.004 0.005 0.005
ASP-1A0305_005 0.996 0.995 0.995 0.995 0.995
ALA01A0306_001 1.000 1.000 1.000 1.000 1.000
GLU01A0307_001 0.000 0.000 0.000 0.000 0.000
GLU01A0307_002 0.000 0.000 0.000 0.000 0.000
GLU02A0307_003 0.000 0.000 0.000 0.000 0.000
GLU02A0307_004 0.000 0.000 0.000 0.000 0.000
GLU-1A0307_005 1.000 1.000 1.000 1.000 1.000
GLU01A0308_001 0.000 0.000 0.000 0.000 0.000
GLU01A0308_002 0.000 0.000 0.000 0.000 0.000
GLU02A0308_003 0.000 0.000 0.000 0.000 0.000
GLU02A0308_004 0.000 0.000 0.000 0.000 0.000
GLU-1A0308_005 1.000 1.000 1.000 1.000 1.000
VAL01A0309_001 1.000 1.000 1.000 1.000 1.000
ASP01A0310_001 0.000 0.000 0.000 0.000 0.000
ASP01A0310_002 0.000 0.000 0.000 0.000 0.000
ASP02A0310_003 0.000 0.000 0.000 0.000 0.000
ASP02A0310_004 0.000 0.000 0.000 0.000 0.000
ASP-1A0310_005 1.000 1.000 1.000 1.000 1.000
PHE01A0311_001 1.000 1.000 1.000 1.000 1.000
ALA01A0312_001 1.000 1.000 1.000 1.000 1.000
TRP01A0314_001 1.000 1.000 1.000 1.000 1.000
LEU01A0315_001 1.000 1.000 1.000 1.000 1.000
CYS01A0316_001 0.125 0.124 0.124 0.125 0.125
CYS01A0316_002 0.556 0.556 0.555 0.556 0.555
CYS01A0316_003 0.319 0.319 0.321 0.319 0.320
CYS-1A0316_004 0.000 0.000 0.000 0.000 0.000
SER01A0317_001 1.000 1.000 1.000 1.000 1.000
THR01A0318_001 0.635 0.635 0.636 0.635 0.635
THR01A0318_002 0.365 0.365 0.364 0.365 0.365
ILE01A0319_001 1.000 1.000 1.000 1.000 1.000
LEU01A0321_001 1.000 1.000 1.000 1.000 1.000
ASN01A0322_001 0.714 0.713 0.714 0.713 0.713
ASN01A0322_002 0.286 0.287 0.286 0.287 0.287
EUI+1B0003_001 0.000 0.000 0.000 0.000 0.000
EUI+1B0003_002 0.000 0.000 0.000 0.000 0.000
EUI01B0003_003 0.000 0.000 0.000 0.000 0.000
EUI01B0003_004 0.339 0.344 0.343 0.344 0.342
EUI02B0003_005 0.661 0.656 0.657 0.656 0.658
EUIDMB0003_006 0.000 0.000 0.000 0.000 0.000
