 ph              7.4   7.4   7.4   7.4   7.4
MET01A0001_001 1.000 1.000 1.000 1.000 1.000
GLU01A0002_001 0.000 0.000 0.000 0.000 0.000
GLU01A0002_002 0.000 0.000 0.000 0.000 0.000
GLU02A0002_003 0.000 0.000 0.000 0.000 0.000
GLU02A0002_004 0.000 0.000 0.000 0.000 0.000
GLU-1A0002_005 1.000 1.000 1.000 1.000 1.000
LEU01A0003_001 1.000 1.000 1.000 1.000 1.000
LYS01A0004_001 0.000 0.000 0.000 0.000 0.000
LYS+1A0004_002 1.000 1.000 1.000 1.000 1.000
ASP01A0005_001 0.000 0.000 0.000 0.000 0.000
ASP01A0005_002 0.000 0.000 0.000 0.000 0.000
ASP02A0005_003 0.000 0.000 0.000 0.000 0.000
ASP02A0005_004 0.000 0.000 0.000 0.000 0.000
ASP-1A0005_005 1.000 1.000 1.000 1.000 1.000
ASP01A0006_001 0.000 0.000 0.000 0.000 0.000
ASP01A0006_002 0.000 0.000 0.000 0.000 0.000
ASP02A0006_003 0.000 0.000 0.000 0.000 0.000
ASP02A0006_004 0.000 0.000 0.000 0.000 0.000
ASP-1A0006_005 1.000 1.000 1.000 1.000 1.000
ASP01A0007_001 0.000 0.000 0.000 0.000 0.000
ASP01A0007_002 0.005 0.005 0.005 0.004 0.006
ASP02A0007_003 0.000 0.000 0.000 0.000 0.000
ASP02A0007_004 0.000 0.000 0.002 0.001 0.000
ASP-1A0007_005 0.995 0.995 0.994 0.995 0.994
PHE01A0008_001 1.000 1.000 1.000 1.000 1.000
GLU01A0009_001 0.000 0.000 0.000 0.000 0.000
GLU01A0009_002 0.001 0.001 0.000 0.002 0.000
GLU02A0009_003 0.000 0.000 0.000 0.000 0.000
GLU02A0009_004 0.000 0.001 0.002 0.000 0.000
GLU-1A0009_005 0.998 0.998 0.998 0.998 1.000
LYS01A0010_001 0.000 0.000 0.001 0.001 0.000
LYS+1A0010_002 1.000 1.000 0.999 0.999 1.000
ILE01A0011_001 1.000 1.000 1.000 1.000 1.000
SER01A0012_001 0.344 0.337 0.338 0.338 0.338
SER01A0012_002 0.656 0.663 0.662 0.662 0.662
GLU01A0013_001 0.000 0.000 0.000 0.000 0.000
GLU01A0013_002 0.003 0.002 0.000 0.002 0.000
GLU02A0013_003 0.000 0.000 0.000 0.000 0.000
GLU02A0013_004 0.004 0.003 0.007 0.003 0.000
GLU-1A0013_005 0.993 0.995 0.993 0.994 1.000
LEU01A0014_001 1.000 1.000 1.000 1.000 1.000
ALA01A0016_001 1.000 1.000 1.000 1.000 1.000
ASN01A0018_001 1.000 1.000 1.000 1.000 1.000
VAL01A0021_001 1.000 1.000 1.000 1.000 1.000
VAL01A0022_001 1.000 1.000 1.000 1.000 1.000
PHE01A0023_001 1.000 1.000 1.000 1.000 1.000
LYS01A0024_001 0.000 0.003 0.003 0.000 0.002
LYS+1A0024_002 1.000 0.997 0.997 1.000 0.998
VAL01A0025_001 1.000 1.000 1.000 1.000 1.000
SER01A0026_001 1.000 1.000 1.000 1.000 1.000
HIS01A0027_001 0.861 0.862 0.859 0.857 0.860
HIS02A0027_002 0.139 0.138 0.141 0.143 0.140
HIS+1A0027_003 0.000 0.000 0.000 0.000 0.000
LYS01A0028_001 0.000 0.000 0.000 0.000 0.000
LYS+1A0028_002 1.000 1.000 1.000 1.000 1.000
PRO01A0029_001 1.000 1.000 1.000 1.000 1.000
SER01A0030_001 0.015 0.014 0.016 0.013 0.013
SER01A0030_002 0.000 0.000 0.000 0.000 0.000
SER01A0030_003 0.985 0.986 0.984 0.987 0.987
LEU01A0032_001 1.000 1.000 1.000 1.000 1.000
VAL01A0033_001 1.000 1.000 1.000 1.000 1.000
MET01A0034_001 1.000 1.000 1.000 1.000 1.000
ALA01A0035_001 1.000 1.000 1.000 1.000 1.000
ARG01A0036_001 0.102 0.104 0.096 0.111 0.099
ARG02A0036_002 0.006 0.007 0.006 0.006 0.006
ARG02A0036_003 0.014 0.017 0.013 0.013 0.014
ARG03A0036_004 0.018 0.021 0.018 0.018 0.019
ARG03A0036_005 0.017 0.018 0.016 0.016 0.018
ARG+1A0036_006 0.843 0.833 0.849 0.836 0.844
LYS01A0037_001 0.000 0.000 0.000 0.000 0.000
LYS+1A0037_002 1.000 1.000 1.000 1.000 1.000
LEU01A0038_001 1.000 1.000 1.000 1.000 1.000
ILE01A0039_001 1.000 1.000 1.000 1.000 1.000
HIS01A0040_001 0.026 0.028 0.026 0.027 0.028
HIS02A0040_002 0.661 0.656 0.655 0.638 0.658
HIS+1A0040_003 0.312 0.315 0.319 0.335 0.314
LEU01A0041_001 1.000 1.000 1.000 1.000 1.000
GLU01A0042_001 0.000 0.000 0.000 0.000 0.000
GLU01A0042_002 0.000 0.000 0.000 0.000 0.000
GLU02A0042_003 0.000 0.000 0.000 0.000 0.000
GLU02A0042_004 0.000 0.000 0.000 0.000 0.000
GLU-1A0042_005 1.000 1.000 1.000 1.000 1.000
ILE01A0043_001 1.000 1.000 1.000 1.000 1.000
LYS01A0044_001 0.000 0.000 0.000 0.000 0.000
LYS+1A0044_002 1.000 1.000 1.000 1.000 1.000
PRO01A0045_001 1.000 1.000 1.000 1.000 1.000
ALA01A0046_001 1.000 1.000 1.000 1.000 1.000
ILE01A0047_001 1.000 1.000 1.000 1.000 1.000
ARG01A0048_001 0.000 0.000 0.000 0.000 0.000
ARG02A0048_002 0.000 0.000 0.000 0.000 0.000
ARG03A0048_003 0.000 0.000 0.000 0.000 0.000
ARG+1A0048_004 1.000 1.000 1.000 1.000 1.000
ASN01A0049_001 0.488 0.485 0.483 0.490 0.487
ASN01A0049_002 0.512 0.515 0.517 0.510 0.513
GLN01A0050_001 0.555 0.546 0.552 0.557 0.556
GLN01A0050_002 0.445 0.454 0.448 0.443 0.444
ILE01A0051_001 1.000 1.000 1.000 1.000 1.000
ILE01A0052_001 1.000 1.000 1.000 1.000 1.000
ARG01A0053_001 0.000 0.000 0.000 0.000 0.000
ARG02A0053_002 0.000 0.000 0.000 0.000 0.000
ARG03A0053_003 0.000 0.000 0.000 0.000 0.000
ARG+1A0053_004 1.000 1.000 1.000 1.000 1.000
GLU01A0054_001 0.000 0.000 0.000 0.000 0.000
GLU01A0054_002 0.000 0.000 0.000 0.000 0.000
GLU02A0054_003 0.000 0.000 0.002 0.002 0.000
GLU02A0054_004 0.029 0.029 0.022 0.022 0.030
GLU-1A0054_005 0.971 0.971 0.976 0.976 0.970
LEU01A0055_001 1.000 1.000 1.000 1.000 1.000
GLN01A0056_001 0.900 0.901 0.898 0.900 0.896
GLN01A0056_002 0.100 0.099 0.102 0.100 0.104
VAL01A0057_001 1.000 1.000 1.000 1.000 1.000
LEU01A0058_001 1.000 1.000 1.000 1.000 1.000
HIS01A0059_001 0.283 0.299 0.294 0.289 0.288
HIS01A0059_002 0.037 0.034 0.033 0.034 0.034
HIS02A0059_003 0.170 0.164 0.169 0.165 0.166
HIS02A0059_004 0.032 0.032 0.030 0.033 0.032
HIS+1A0059_005 0.411 0.405 0.411 0.415 0.411
HIS+1A0059_006 0.066 0.067 0.064 0.063 0.068
GLU01A0060_001 0.000 0.000 0.000 0.000 0.000
GLU01A0060_002 0.001 0.000 0.000 0.002 0.001
GLU02A0060_003 0.000 0.000 0.000 0.000 0.000
GLU02A0060_004 0.002 0.005 0.005 0.002 0.002
GLU-1A0060_005 0.996 0.995 0.995 0.996 0.996
CYS01A0061_001 0.219 0.217 0.209 0.213 0.222
CYS01A0061_002 0.644 0.641 0.653 0.648 0.639
CYS01A0061_003 0.138 0.141 0.138 0.138 0.139
CYS-1A0061_004 0.000 0.000 0.000 0.000 0.000
ASN01A0062_001 0.153 0.151 0.147 0.152 0.150
ASN01A0062_002 0.847 0.849 0.853 0.848 0.850
SER01A0063_001 0.000 0.000 0.000 0.000 0.000
SER01A0063_002 1.000 1.000 1.000 1.000 1.000
PRO01A0064_001 1.000 1.000 1.000 1.000 1.000
TYR01A0065_001 1.000 1.000 1.000 1.000 1.000
TYR-1A0065_002 0.000 0.000 0.000 0.000 0.000
ILE01A0066_001 1.000 1.000 1.000 1.000 1.000
VAL01A0067_001 1.000 1.000 1.000 1.000 1.000
PHE01A0069_001 1.000 1.000 1.000 1.000 1.000
TYR01A0070_001 1.000 1.000 1.000 1.000 1.000
TYR-1A0070_002 0.000 0.000 0.000 0.000 0.000
ALA01A0072_001 1.000 1.000 1.000 1.000 1.000
PHE01A0073_001 1.000 1.000 1.000 1.000 1.000
TYR01A0074_001 1.000 0.998 0.998 1.000 1.000
TYR-1A0074_002 0.000 0.002 0.002 0.000 0.000
SER01A0075_001 0.124 0.125 0.128 0.121 0.129
SER01A0075_002 0.876 0.875 0.872 0.879 0.871
ASP01A0076_001 0.000 0.000 0.000 0.000 0.000
ASP01A0076_002 0.001 0.000 0.000 0.000 0.000
ASP02A0076_003 0.000 0.000 0.000 0.000 0.000
ASP02A0076_004 0.000 0.000 0.000 0.000 0.000
ASP-1A0076_005 0.999 1.000 1.000 1.000 1.000
GLU01A0078_001 0.000 0.000 0.000 0.000 0.000
GLU01A0078_002 0.001 0.001 0.000 0.001 0.000
GLU02A0078_003 0.000 0.000 0.000 0.000 0.000
GLU02A0078_004 0.001 0.001 0.003 0.000 0.000
GLU-1A0078_005 0.998 0.998 0.997 0.999 1.000
ILE01A0079_001 1.000 1.000 1.000 1.000 1.000
SER01A0080_001 0.107 0.105 0.106 0.108 0.108
SER01A0080_002 0.519 0.522 0.522 0.523 0.525
SER01A0080_003 0.374 0.372 0.372 0.369 0.367
ILE01A0081_001 1.000 1.000 1.000 1.000 1.000
CYS01A0082_001 0.111 0.115 0.110 0.116 0.114
CYS01A0082_002 0.418 0.415 0.423 0.423 0.424
CYS01A0082_003 0.471 0.470 0.467 0.461 0.462
CYS-1A0082_004 0.000 0.000 0.000 0.000 0.000
MET01A0083_001 1.000 1.000 1.000 1.000 1.000
GLU01A0084_001 0.000 0.000 0.000 0.000 0.000
GLU01A0084_002 0.000 0.000 0.000 0.000 0.000
GLU02A0084_003 0.000 0.000 0.000 0.000 0.000
GLU02A0084_004 0.000 0.000 0.000 0.000 0.000
GLU-1A0084_005 1.000 1.000 1.000 1.000 1.000
HIS01A0085_001 0.031 0.038 0.036 0.033 0.034
HIS01A0085_002 0.525 0.522 0.514 0.510 0.522
HIS02A0085_003 0.092 0.092 0.093 0.096 0.094
HIS02A0085_004 0.343 0.339 0.345 0.351 0.342
HIS+1A0085_005 0.000 0.000 0.000 0.000 0.000
HIS+1A0085_006 0.008 0.009 0.011 0.010 0.009
MET01A0086_001 1.000 1.000 1.000 1.000 1.000
ASP01A0087_001 0.000 0.000 0.000 0.000 0.000
ASP01A0087_002 0.000 0.000 0.000 0.000 0.000
ASP02A0087_003 0.000 0.000 0.000 0.000 0.000
ASP02A0087_004 0.000 0.000 0.000 0.000 0.000
ASP-1A0087_005 1.000 1.000 1.000 1.000 1.000
SER01A0090_001 1.000 1.000 1.000 1.000 1.000
LEU01A0091_001 1.000 1.000 1.000 1.000 1.000
ASP01A0092_001 0.000 0.000 0.000 0.000 0.000
ASP01A0092_002 0.000 0.000 0.000 0.000 0.000
ASP02A0092_003 0.000 0.000 0.000 0.000 0.000
ASP02A0092_004 0.000 0.000 0.000 0.000 0.000
ASP-1A0092_005 1.000 1.000 1.000 1.000 1.000
GLN01A0093_001 1.000 1.000 1.000 1.000 1.000
GLN01A0093_002 0.000 0.000 0.000 0.000 0.000
VAL01A0094_001 1.000 1.000 1.000 1.000 1.000
LEU01A0095_001 1.000 1.000 1.000 1.000 1.000
LYS01A0096_001 0.001 0.000 0.000 0.002 0.001
LYS+1A0096_002 0.999 1.000 1.000 0.998 0.999
LYS01A0097_001 0.000 0.000 0.000 0.000 0.000
LYS+1A0097_002 1.000 1.000 1.000 1.000 1.000
ALA01A0098_001 1.000 1.000 1.000 1.000 1.000
ARG01A0100_001 0.000 0.000 0.000 0.000 0.000
ARG02A0100_002 0.000 0.000 0.000 0.000 0.000
ARG03A0100_003 0.000 0.000 0.000 0.000 0.000
ARG03A0100_004 0.000 0.000 0.000 0.000 0.000
ARG+1A0100_005 1.000 1.000 1.000 1.000 1.000
ILE01A0101_001 1.000 1.000 1.000 1.000 1.000
PRO01A0102_001 1.000 1.000 1.000 1.000 1.000
GLU01A0103_001 0.000 0.000 0.000 0.000 0.000
GLU01A0103_002 0.000 0.000 0.000 0.000 0.000
GLU02A0103_003 0.000 0.000 0.000 0.000 0.000
GLU02A0103_004 0.000 0.000 0.000 0.000 0.000
GLU-1A0103_005 1.000 1.000 1.000 1.000 1.000
GLN01A0104_001 0.107 0.104 0.107 0.105 0.106
GLN01A0104_002 0.893 0.896 0.893 0.895 0.894
ILE01A0105_001 1.000 1.000 1.000 1.000 1.000
LEU01A0106_001 1.000 1.000 1.000 1.000 1.000
LYS01A0108_001 0.011 0.010 0.011 0.010 0.011
LYS+1A0108_002 0.989 0.990 0.989 0.990 0.989
VAL01A0109_001 1.000 1.000 1.000 1.000 1.000
SER01A0110_001 0.032 0.033 0.032 0.031 0.032
SER01A0110_002 0.968 0.967 0.968 0.969 0.968
ILE01A0111_001 1.000 1.000 1.000 1.000 1.000
ALA01A0112_001 1.000 1.000 1.000 1.000 1.000
VAL01A0113_001 1.000 1.000 1.000 1.000 1.000
ILE01A0114_001 1.000 1.000 1.000 1.000 1.000
LYS01A0115_001 0.000 0.000 0.000 0.000 0.000
LYS+1A0115_002 1.000 1.000 1.000 1.000 1.000
LEU01A0117_001 1.000 1.000 1.000 1.000 1.000
THR01A0118_001 0.065 0.066 0.068 0.071 0.066
THR01A0118_002 0.783 0.781 0.768 0.773 0.784
THR01A0118_003 0.152 0.153 0.164 0.156 0.150
TYR01A0119_001 0.910 0.910 0.909 0.910 0.914
TYR01A0119_002 0.090 0.090 0.091 0.090 0.086
TYR-1A0119_003 0.000 0.000 0.000 0.000 0.000
LEU01A0120_001 1.000 1.000 1.000 1.000 1.000
ARG01A0121_001 0.000 0.000 0.000 0.000 0.000
ARG02A0121_002 0.000 0.000 0.000 0.000 0.000
ARG03A0121_003 0.000 0.000 0.000 0.000 0.000
ARG+1A0121_004 1.000 1.000 1.000 1.000 1.000
GLU01A0122_001 0.000 0.000 0.000 0.000 0.000
GLU01A0122_002 0.000 0.000 0.000 0.000 0.000
GLU02A0122_003 0.000 0.000 0.000 0.000 0.000
GLU02A0122_004 0.000 0.000 0.000 0.000 0.000
GLU-1A0122_005 1.000 1.000 1.000 1.000 1.000
LYS01A0123_001 0.001 0.000 0.000 0.001 0.000
LYS+1A0123_002 0.999 1.000 1.000 0.999 1.000
HIS01A0124_001 0.943 0.935 0.942 0.941 0.943
HIS02A0124_002 0.045 0.051 0.046 0.047 0.045
HIS+1A0124_003 0.012 0.013 0.011 0.012 0.012
LYS01A0125_001 0.000 0.000 0.000 0.000 0.000
LYS+1A0125_002 1.000 1.000 1.000 1.000 1.000
ILE01A0126_001 1.000 1.000 1.000 1.000 1.000
MET01A0127_001 1.000 1.000 1.000 1.000 1.000
HIS01A0128_001 0.000 0.000 0.000 0.000 0.000
HIS01A0128_002 1.000 1.000 1.000 1.000 1.000
HIS02A0128_003 0.000 0.000 0.000 0.000 0.000
HIS02A0128_004 0.000 0.000 0.000 0.000 0.000
HIS+1A0128_005 0.000 0.000 0.000 0.000 0.000
HIS+1A0128_006 0.000 0.000 0.000 0.000 0.000
ARG01A0129_001 0.000 0.000 0.000 0.000 0.000
ARG02A0129_002 0.000 0.000 0.000 0.000 0.000
ARG03A0129_003 0.000 0.000 0.000 0.000 0.000
ARG03A0129_004 0.000 0.000 0.000 0.000 0.000
ARG+1A0129_005 1.000 1.000 1.000 1.000 1.000
ASP01A0130_001 0.000 0.000 0.000 0.000 0.000
ASP01A0130_002 0.003 0.002 0.000 0.003 0.000
ASP02A0130_003 0.000 0.000 0.000 0.000 0.000
ASP02A0130_004 0.001 0.001 0.003 0.000 0.000
ASP-1A0130_005 0.995 0.997 0.997 0.997 1.000
VAL01A0131_001 1.000 1.000 1.000 1.000 1.000
LYS01A0132_001 0.000 0.000 0.000 0.000 0.000
LYS+1A0132_002 1.000 1.000 1.000 1.000 1.000
PRO01A0133_001 1.000 1.000 1.000 1.000 1.000
SER01A0134_001 0.013 0.012 0.012 0.012 0.013
SER01A0134_002 0.068 0.067 0.069 0.070 0.072
SER01A0134_003 0.919 0.920 0.919 0.918 0.915
ASN01A0135_001 1.000 1.000 1.000 1.000 1.000
ILE01A0136_001 1.000 1.000 1.000 1.000 1.000
LEU01A0137_001 1.000 1.000 1.000 1.000 1.000
VAL01A0138_001 1.000 1.000 1.000 1.000 1.000
ASN01A0139_001 1.000 1.000 1.000 1.000 1.000
ASN01A0139_002 0.000 0.000 0.000 0.000 0.000
SER01A0140_001 0.008 0.007 0.008 0.007 0.008
SER01A0140_002 0.057 0.059 0.061 0.058 0.056
SER01A0140_003 0.935 0.935 0.931 0.935 0.937
ARG01A0141_001 0.000 0.000 0.000 0.000 0.000
ARG02A0141_002 0.000 0.000 0.000 0.000 0.000
ARG03A0141_003 0.000 0.000 0.000 0.000 0.000
ARG+1A0141_004 1.000 1.000 1.000 1.000 1.000
GLU01A0143_001 0.001 0.001 0.001 0.000 0.001
GLU01A0143_002 0.010 0.009 0.009 0.012 0.004
GLU02A0143_003 0.000 0.000 0.000 0.000 0.000
GLU02A0143_004 0.000 0.000 0.001 0.000 0.001
GLU-1A0143_005 0.989 0.990 0.989 0.988 0.994
ILE01A0144_001 1.000 1.000 1.000 1.000 1.000
LYS01A0145_001 0.003 0.000 0.003 0.004 0.003
LYS+1A0145_002 0.997 1.000 0.997 0.996 0.997
LEU01A0146_001 1.000 1.000 1.000 1.000 1.000
CYS01A0147_001 0.036 0.038 0.036 0.035 0.038
CYS01A0147_002 0.848 0.842 0.844 0.847 0.837
CYS01A0147_003 0.116 0.120 0.120 0.118 0.124
CYS-1A0147_004 0.000 0.000 0.000 0.000 0.000
ASP01A0148_001 0.000 0.000 0.000 0.000 0.000
ASP01A0148_002 0.000 0.002 0.000 0.000 0.002
ASP02A0148_003 0.000 0.000 0.000 0.000 0.000
ASP02A0148_004 0.000 0.000 0.000 0.000 0.000
ASP-1A0148_005 1.000 0.998 1.000 1.000 0.998
PHE01A0149_001 1.000 1.000 1.000 1.000 1.000
VAL01A0151_001 1.000 1.000 1.000 1.000 1.000
SER01A0152_001 0.000 0.000 0.000 0.000 0.000
SER01A0152_002 0.160 0.165 0.158 0.160 0.159
SER01A0152_003 0.840 0.835 0.842 0.840 0.841
GLN01A0154_001 0.397 0.399 0.394 0.398 0.392
GLN01A0154_002 0.603 0.601 0.606 0.602 0.608
LEU01A0155_001 1.000 1.000 1.000 1.000 1.000
ILE01A0156_001 1.000 1.000 1.000 1.000 1.000
ASP01A0157_001 0.000 0.000 0.000 0.000 0.000
ASP01A0157_002 0.000 0.000 0.000 0.000 0.001
ASP02A0157_003 0.000 0.000 0.000 0.000 0.000
ASP02A0157_004 0.000 0.001 0.000 0.000 0.001
ASP-1A0157_005 1.000 0.999 1.000 1.000 0.999
SER01A0158_001 0.137 0.138 0.142 0.146 0.141
SER01A0158_002 0.863 0.862 0.858 0.854 0.859
MET01A0159_001 1.000 1.000 1.000 1.000 1.000
ALA01A0160_001 1.000 1.000 1.000 1.000 1.000
ASN01A0161_001 0.988 0.989 0.989 0.988 0.989
ASN01A0161_002 0.012 0.011 0.011 0.012 0.011
SER01A0162_001 0.866 0.868 0.865 0.865 0.861
SER01A0162_002 0.134 0.132 0.135 0.135 0.139
PHE01A0163_001 1.000 1.000 1.000 1.000 1.000
VAL01A0164_001 1.000 1.000 1.000 1.000 1.000
THR01A0166_001 0.487 0.481 0.486 0.487 0.485
THR01A0166_002 0.513 0.519 0.514 0.513 0.515
ARG01A0167_001 0.000 0.000 0.000 0.000 0.000
ARG02A0167_002 0.000 0.000 0.000 0.000 0.000
ARG02A0167_003 0.000 0.000 0.000 0.000 0.000
ARG03A0167_004 0.000 0.000 0.000 0.000 0.000
ARG03A0167_005 0.000 0.000 0.000 0.000 0.000
ARG+1A0167_006 1.000 1.000 1.000 1.000 1.000
SER01A0168_001 0.000 0.000 0.002 0.002 0.002
SER01A0168_002 1.000 1.000 0.998 0.998 0.998
TYR01A0169_001 0.741 0.747 0.741 0.736 0.738
TYR01A0169_002 0.259 0.253 0.259 0.264 0.262
TYR-1A0169_003 0.000 0.000 0.000 0.000 0.000
MET01A0170_001 1.000 1.000 1.000 1.000 1.000
SER01A0171_001 0.023 0.024 0.022 0.025 0.025
SER01A0171_002 0.000 0.000 0.000 0.000 0.000
SER01A0171_003 0.977 0.976 0.978 0.975 0.975
PRO01A0172_001 1.000 1.000 1.000 1.000 1.000
GLU01A0173_001 0.000 0.000 0.000 0.000 0.000
GLU01A0173_002 0.000 0.000 0.000 0.000 0.000
GLU02A0173_003 0.000 0.000 0.000 0.000 0.000
GLU02A0173_004 0.000 0.000 0.000 0.000 0.000
GLU-1A0173_005 1.000 1.000 1.000 1.000 1.000
ARG01A0174_001 0.000 0.000 0.000 0.000 0.000
ARG02A0174_002 0.000 0.000 0.000 0.000 0.000
ARG03A0174_003 0.000 0.000 0.000 0.000 0.000
ARG+1A0174_004 1.000 1.000 1.000 1.000 1.000
LEU01A0175_001 1.000 1.000 1.000 1.000 1.000
GLN01A0176_001 0.666 0.671 0.664 0.672 0.666
GLN01A0176_002 0.334 0.329 0.336 0.328 0.334
THR01A0178_001 1.000 1.000 1.000 1.000 1.000
HIS01A0179_001 0.131 0.133 0.135 0.131 0.130
HIS01A0179_002 0.309 0.299 0.301 0.302 0.309
HIS02A0179_003 0.148 0.152 0.145 0.151 0.148
HIS02A0179_004 0.201 0.209 0.210 0.209 0.207
HIS+1A0179_005 0.076 0.074 0.075 0.070 0.070
HIS+1A0179_006 0.135 0.133 0.134 0.136 0.136
TYR01A0180_001 0.185 0.190 0.189 0.188 0.186
TYR01A0180_002 0.813 0.810 0.811 0.811 0.814
TYR-1A0180_003 0.001 0.000 0.000 0.001 0.000
SER01A0181_001 0.000 0.000 0.000 0.000 0.000
SER01A0181_002 1.000 1.000 1.000 1.000 1.000
VAL01A0182_001 1.000 1.000 1.000 1.000 1.000
GLN01A0183_001 1.000 1.000 1.000 1.000 0.999
GLN01A0183_002 0.000 0.000 0.000 0.000 0.001
SER01A0184_001 0.389 0.390 0.390 0.387 0.391
SER01A0184_002 0.611 0.610 0.610 0.613 0.609
ASP01A0185_001 0.000 0.000 0.000 0.000 0.000
ASP01A0185_002 0.000 0.000 0.000 0.000 0.000
ASP02A0185_003 0.000 0.000 0.000 0.000 0.000
ASP02A0185_004 0.000 0.000 0.000 0.000 0.000
ASP-1A0185_005 1.000 1.000 1.000 1.000 1.000
ILE01A0186_001 1.000 1.000 1.000 1.000 1.000
TRP01A0187_001 1.000 1.000 1.000 1.000 1.000
SER01A0188_001 0.983 0.983 0.983 0.982 0.984
SER01A0188_002 0.017 0.017 0.017 0.018 0.016
MET01A0189_001 1.000 1.000 1.000 1.000 1.000
LEU01A0191_001 1.000 1.000 1.000 1.000 1.000
SER01A0192_001 0.011 0.011 0.012 0.010 0.012
SER01A0192_002 0.969 0.970 0.968 0.972 0.972
SER01A0192_003 0.019 0.019 0.020 0.018 0.016
LEU01A0193_001 1.000 1.000 1.000 1.000 1.000
VAL01A0194_001 1.000 1.000 1.000 1.000 1.000
GLU01A0195_001 0.005 0.005 0.005 0.005 0.005
GLU01A0195_002 0.157 0.149 0.151 0.163 0.150
GLU02A0195_003 0.000 0.000 0.000 0.000 0.000
GLU02A0195_004 0.012 0.011 0.011 0.011 0.010
GLU-1A0195_005 0.825 0.835 0.834 0.821 0.835
MET01A0196_001 1.000 1.000 1.000 1.000 1.000
ALA01A0197_001 1.000 1.000 1.000 1.000 1.000
VAL01A0198_001 1.000 1.000 1.000 1.000 1.000
ARG01A0200_001 0.000 0.000 0.000 0.000 0.000
ARG02A0200_002 0.000 0.000 0.000 0.000 0.000
ARG03A0200_003 0.000 0.000 0.000 0.000 0.000
ARG+1A0200_004 1.000 1.000 1.000 1.000 1.000
TYR01A0201_001 0.997 0.996 0.996 0.996 0.997
TYR01A0201_002 0.003 0.004 0.004 0.004 0.003
TYR-1A0201_003 0.000 0.000 0.000 0.000 0.000
PRO01A0202_001 1.000 1.000 1.000 1.000 1.000
ILE01A0203_001 1.000 1.000 1.000 1.000 1.000
PRO01A0204_001 1.000 1.000 1.000 1.000 1.000
PRO01A0205_001 1.000 1.000 1.000 1.000 1.000
PRO01A0206_001 1.000 1.000 1.000 1.000 1.000
ASP01A0207_001 0.000 0.000 0.000 0.000 0.000
ASP01A0207_002 0.000 0.000 0.000 0.000 0.000
ASP02A0207_003 0.000 0.000 0.000 0.000 0.000
ASP02A0207_004 0.000 0.000 0.000 0.000 0.000
ASP-1A0207_005 1.000 1.000 1.000 1.000 1.000
ALA01A0208_001 1.000 1.000 1.000 1.000 1.000
LYS01A0209_001 0.000 0.000 0.000 0.000 0.000
LYS+1A0209_002 1.000 1.000 1.000 1.000 1.000
GLU01A0210_001 0.000 0.000 0.000 0.000 0.000
GLU01A0210_002 0.005 0.005 0.000 0.007 0.005
GLU02A0210_003 0.000 0.000 0.000 0.000 0.000
GLU02A0210_004 0.000 0.000 0.000 0.000 0.000
GLU-1A0210_005 0.995 0.995 1.000 0.993 0.995
LEU01A0211_001 1.000 1.000 1.000 1.000 1.000
GLU01A0212_001 0.000 0.000 0.000 0.000 0.000
GLU01A0212_002 0.000 0.000 0.000 0.000 0.000
GLU02A0212_003 0.000 0.000 0.000 0.000 0.000
GLU02A0212_004 0.000 0.000 0.000 0.001 0.000
GLU-1A0212_005 1.000 1.000 1.000 0.999 1.000
LEU01A0213_001 1.000 1.000 1.000 1.000 1.000
MET01A0214_001 1.000 1.000 1.000 1.000 1.000
PHE01A0215_001 1.000 1.000 1.000 1.000 1.000
CYS01A0217_001 0.065 0.064 0.065 0.067 0.067
CYS01A0217_002 0.395 0.398 0.388 0.398 0.390
CYS01A0217_003 0.540 0.538 0.547 0.534 0.544
CYS-1A0217_004 0.000 0.000 0.000 0.000 0.000
GLN01A0218_001 1.000 1.000 1.000 1.000 1.000
VAL01A0219_001 1.000 1.000 1.000 1.000 1.000
GLU01A0220_001 0.000 0.000 0.000 0.000 0.000
GLU01A0220_002 0.000 0.000 0.000 0.000 0.000
GLU02A0220_003 0.000 0.000 0.000 0.000 0.000
GLU02A0220_004 0.000 0.000 0.000 0.000 0.000
GLU-1A0220_005 1.000 1.000 1.000 1.000 1.000
ASP01A0222_001 0.000 0.000 0.000 0.000 0.000
ASP01A0222_002 0.001 0.002 0.000 0.002 0.001
ASP02A0222_003 0.000 0.000 0.000 0.000 0.000
ASP02A0222_004 0.000 0.000 0.000 0.000 0.000
ASP-1A0222_005 0.999 0.998 1.000 0.998 0.999
ALA01A0223_001 1.000 1.000 1.000 1.000 1.000
ALA01A0224_001 1.000 1.000 1.000 1.000 1.000
GLU01A0225_001 0.000 0.000 0.000 0.000 0.000
GLU01A0225_002 0.000 0.000 0.000 0.000 0.002
GLU02A0225_003 0.000 0.000 0.000 0.000 0.000
GLU02A0225_004 0.000 0.000 0.000 0.000 0.000
GLU-1A0225_005 1.000 1.000 1.000 1.000 0.998
THR01A0226_001 0.674 0.676 0.679 0.679 0.673
THR01A0226_002 0.326 0.324 0.321 0.321 0.327
PRO01A0227_001 1.000 1.000 1.000 1.000 1.000
PRO01A0228_001 1.000 1.000 1.000 1.000 1.000
ARG01A0229_001 0.000 0.000 0.000 0.000 0.000
ARG02A0229_002 0.000 0.000 0.000 0.000 0.000
ARG02A0229_003 1.000 1.000 1.000 1.000 1.000
ARG03A0229_004 0.000 0.000 0.000 0.000 0.000
ARG03A0229_005 0.000 0.000 0.000 0.000 0.000
ARG+1A0229_006 0.000 0.000 0.000 0.000 0.000
PRO01A0230_001 1.000 1.000 1.000 1.000 1.000
ARG01A0231_001 0.000 0.000 0.000 0.000 0.000
ARG02A0231_002 0.000 0.000 0.000 0.000 0.000
ARG03A0231_003 0.000 0.000 0.000 0.000 0.000
ARG+1A0231_004 1.000 1.000 1.000 1.000 1.000
THR01A0232_001 0.081 0.079 0.079 0.078 0.077
THR01A0232_002 0.010 0.013 0.012 0.011 0.010
THR01A0232_003 0.909 0.908 0.910 0.910 0.913
PRO01A0233_001 1.000 1.000 1.000 1.000 1.000
ARG01A0235_001 0.000 0.000 0.000 0.000 0.000
ARG02A0235_002 0.000 0.000 0.000 0.000 0.000
ARG02A0235_003 0.000 0.000 0.000 0.000 0.000
ARG03A0235_004 0.000 0.000 0.000 0.000 0.000
ARG+1A0235_005 1.000 1.000 1.000 1.000 1.000
PRO01A0236_001 1.000 1.000 1.000 1.000 1.000
LEU01A0237_001 1.000 1.000 1.000 1.000 1.000
SER01A0238_001 0.693 0.685 0.686 0.686 0.692
SER01A0238_002 0.307 0.315 0.314 0.314 0.308
SER01A0239_001 1.000 1.000 1.000 1.000 1.000
TYR01A0240_001 1.000 1.000 1.000 1.000 1.000
TYR01A0240_002 0.000 0.000 0.000 0.000 0.000
TYR-1A0240_003 0.000 0.000 0.000 0.000 0.000
MET01A0242_001 1.000 1.000 1.000 1.000 1.000
ASP01A0243_001 0.000 0.000 0.000 0.000 0.000
ASP01A0243_002 0.000 0.000 0.000 0.000 0.000
ASP02A0243_003 0.000 0.000 0.000 0.000 0.000
ASP02A0243_004 0.000 0.000 0.000 0.000 0.000
ASP-1A0243_005 1.000 1.000 1.000 1.000 1.000
SER01A0244_001 1.000 1.000 1.000 1.000 1.000
ARG01A0245_001 0.000 0.000 0.000 0.000 0.000
ARG02A0245_002 0.000 0.000 0.000 0.000 0.000
ARG03A0245_003 0.000 0.000 0.000 0.000 0.000
ARG+1A0245_004 1.000 1.000 1.000 1.000 1.000
PRO01A0246_001 1.000 1.000 1.000 1.000 1.000
PRO01A0247_001 1.000 1.000 1.000 1.000 1.000
MET01A0248_001 1.000 1.000 1.000 1.000 1.000
ALA01A0249_001 1.000 1.000 1.000 1.000 1.000
ILE01A0250_001 1.000 1.000 1.000 1.000 1.000
PHE01A0251_001 1.000 1.000 1.000 1.000 1.000
GLU01A0252_001 0.000 0.000 0.000 0.000 0.000
GLU01A0252_002 0.000 0.000 0.003 0.000 0.002
GLU02A0252_003 0.000 0.000 0.000 0.000 0.000
GLU02A0252_004 0.000 0.000 0.000 0.001 0.001
GLU-1A0252_005 1.000 1.000 0.997 0.999 0.998
LEU01A0253_001 1.000 1.000 1.000 1.000 1.000
LEU01A0254_001 1.000 1.000 1.000 1.000 1.000
ASP01A0255_001 0.000 0.000 0.000 0.000 0.000
ASP01A0255_002 0.004 0.005 0.005 0.005 0.005
ASP02A0255_003 0.000 0.000 0.000 0.001 0.000
ASP02A0255_004 0.004 0.004 0.004 0.004 0.004
ASP-1A0255_005 0.991 0.991 0.991 0.990 0.991
TYR01A0256_001 0.604 0.597 0.600 0.604 0.604
TYR01A0256_002 0.396 0.403 0.400 0.396 0.396
TYR-1A0256_003 0.000 0.000 0.000 0.000 0.000
ILE01A0257_001 1.000 1.000 1.000 1.000 1.000
VAL01A0258_001 1.000 1.000 1.000 1.000 1.000
ASN01A0259_001 0.339 0.339 0.344 0.340 0.339
ASN01A0259_002 0.661 0.661 0.656 0.660 0.661
GLU01A0260_001 0.000 0.000 0.000 0.000 0.000
GLU01A0260_002 0.000 0.002 0.001 0.001 0.002
GLU02A0260_003 0.000 0.000 0.000 0.000 0.000
GLU02A0260_004 0.004 0.003 0.002 0.002 0.003
GLU-1A0260_005 0.996 0.995 0.997 0.997 0.995
PRO01A0261_001 1.000 1.000 1.000 1.000 1.000
PRO01A0262_001 1.000 1.000 1.000 1.000 1.000
PRO01A0263_001 1.000 1.000 1.000 1.000 1.000
LYS01A0264_001 0.000 0.000 0.000 0.000 0.000
LYS+1A0264_002 1.000 1.000 1.000 1.000 1.000
LEU01A0265_001 1.000 1.000 1.000 1.000 1.000
PRO01A0266_001 1.000 1.000 1.000 1.000 1.000
SER01A0267_001 1.000 1.000 1.000 1.000 1.000
VAL01A0269_001 1.000 1.000 1.000 1.000 1.000
PHE01A0270_001 1.000 1.000 1.000 1.000 1.000
SER01A0271_001 0.080 0.082 0.083 0.072 0.082
SER01A0271_002 0.000 0.001 0.000 0.001 0.000
SER01A0271_003 0.920 0.917 0.917 0.927 0.918
LEU01A0272_001 1.000 1.000 1.000 1.000 1.000
GLU01A0273_001 0.000 0.000 0.000 0.000 0.000
GLU01A0273_002 0.000 0.000 0.000 0.000 0.000
GLU02A0273_003 0.000 0.000 0.000 0.000 0.000
GLU02A0273_004 0.000 0.000 0.000 0.000 0.000
GLU-1A0273_005 1.000 1.000 1.000 1.000 1.000
PHE01A0274_001 1.000 1.000 1.000 1.000 1.000
GLN01A0275_001 0.459 0.452 0.456 0.453 0.456
GLN01A0275_002 0.541 0.548 0.544 0.547 0.544
ASP01A0276_001 0.000 0.000 0.000 0.000 0.000
ASP01A0276_002 0.000 0.000 0.000 0.000 0.000
ASP02A0276_003 0.000 0.000 0.000 0.000 0.000
ASP02A0276_004 0.000 0.000 0.000 0.000 0.000
ASP-1A0276_005 1.000 1.000 1.000 1.000 1.000
PHE01A0277_001 1.000 1.000 1.000 1.000 1.000
VAL01A0278_001 1.000 1.000 1.000 1.000 1.000
ASN01A0279_001 0.920 0.918 0.920 0.919 0.919
ASN01A0279_002 0.080 0.082 0.080 0.081 0.081
LYS01A0280_001 0.000 0.000 0.000 0.000 0.000
LYS+1A0280_002 1.000 1.000 1.000 1.000 1.000
CYS01A0281_001 0.242 0.245 0.237 0.241 0.242
CYS01A0281_002 0.517 0.521 0.522 0.524 0.518
CYS01A0281_003 0.242 0.234 0.240 0.236 0.240
CYS-1A0281_004 0.000 0.000 0.000 0.000 0.000
LEU01A0282_001 1.000 1.000 1.000 1.000 1.000
ILE01A0283_001 1.000 1.000 1.000 1.000 1.000
LYS01A0284_001 0.002 0.002 0.000 0.000 0.003
LYS+1A0284_002 0.998 0.998 1.000 1.000 0.997
ASN01A0285_001 1.000 1.000 1.000 1.000 1.000
ASN01A0285_002 0.000 0.000 0.000 0.000 0.000
PRO01A0286_001 1.000 1.000 1.000 1.000 1.000
ALA01A0287_001 1.000 1.000 1.000 1.000 1.000
GLU01A0288_001 0.000 0.000 0.000 0.000 0.000
GLU01A0288_002 0.000 0.000 0.000 0.000 0.001
GLU02A0288_003 0.000 0.000 0.000 0.000 0.000
GLU02A0288_004 0.000 0.000 0.000 0.000 0.000
GLU-1A0288_005 1.000 1.000 1.000 1.000 0.999
ARG01A0289_001 0.000 0.000 0.000 0.000 0.000
ARG02A0289_002 0.000 0.000 0.000 0.000 0.000
ARG02A0289_003 0.000 0.000 0.000 0.000 0.000
ARG03A0289_004 0.000 0.000 0.000 0.000 0.000
ARG03A0289_005 0.000 0.000 0.000 0.000 0.000
ARG+1A0289_006 1.000 1.000 1.000 1.000 1.000
ALA01A0290_001 1.000 1.000 1.000 1.000 1.000
ASP01A0291_001 0.000 0.000 0.000 0.000 0.000
ASP01A0291_002 0.000 0.000 0.000 0.000 0.000
ASP02A0291_003 0.000 0.000 0.000 0.000 0.000
ASP02A0291_004 0.000 0.000 0.000 0.000 0.000
ASP-1A0291_005 1.000 1.000 1.000 1.000 1.000
LEU01A0292_001 1.000 1.000 1.000 1.000 1.000
LYS01A0293_001 0.000 0.000 0.000 0.000 0.000
LYS+1A0293_002 1.000 1.000 1.000 1.000 1.000
GLN01A0294_001 0.000 0.000 0.000 0.000 0.000
GLN01A0294_002 1.000 1.000 1.000 1.000 1.000
LEU01A0295_001 1.000 1.000 1.000 1.000 1.000
MET01A0296_001 1.000 1.000 1.000 1.000 1.000
VAL01A0297_001 1.000 1.000 1.000 1.000 1.000
HIS01A0298_001 1.000 1.000 1.000 1.000 1.000
HIS02A0298_002 0.000 0.000 0.000 0.000 0.000
HIS+1A0298_003 0.000 0.000 0.000 0.000 0.000
ALA01A0299_001 1.000 1.000 1.000 1.000 1.000
PHE01A0300_001 1.000 1.000 1.000 1.000 1.000
ILE01A0301_001 1.000 1.000 1.000 1.000 1.000
LYS01A0302_001 0.002 0.001 0.002 0.001 0.002
LYS+1A0302_002 0.998 0.999 0.998 0.999 0.998
ARG01A0303_001 0.000 0.000 0.000 0.000 0.000
ARG02A0303_002 0.000 0.000 0.000 0.000 0.000
ARG02A0303_003 0.000 0.000 0.000 0.000 0.000
ARG03A0303_004 0.000 0.000 0.000 0.000 0.000
ARG03A0303_005 0.000 0.000 0.000 0.000 0.000
ARG+1A0303_006 1.000 1.000 1.000 1.000 1.000
SER01A0304_001 0.256 0.241 0.250 0.252 0.247
SER01A0304_002 0.636 0.655 0.646 0.645 0.646
SER01A0304_003 0.108 0.104 0.104 0.103 0.107
ASP01A0305_001 0.000 0.000 0.000 0.000 0.000
ASP01A0305_002 0.000 0.001 0.002 0.001 0.001
ASP02A0305_003 0.000 0.000 0.000 0.000 0.000
ASP02A0305_004 0.006 0.004 0.004 0.004 0.004
ASP-1A0305_005 0.994 0.994 0.994 0.994 0.995
ALA01A0306_001 1.000 1.000 1.000 1.000 1.000
GLU01A0307_001 0.000 0.000 0.000 0.000 0.000
GLU01A0307_002 0.000 0.000 0.000 0.000 0.000
GLU02A0307_003 0.000 0.000 0.000 0.000 0.000
GLU02A0307_004 0.000 0.000 0.000 0.000 0.000
GLU-1A0307_005 1.000 1.000 1.000 1.000 1.000
GLU01A0308_001 0.000 0.000 0.000 0.000 0.000
GLU01A0308_002 0.000 0.000 0.000 0.000 0.000
GLU02A0308_003 0.000 0.000 0.000 0.000 0.000
GLU02A0308_004 0.000 0.000 0.000 0.000 0.000
GLU-1A0308_005 1.000 1.000 1.000 1.000 1.000
VAL01A0309_001 1.000 1.000 1.000 1.000 1.000
ASP01A0310_001 0.000 0.000 0.000 0.000 0.000
ASP01A0310_002 0.000 0.000 0.000 0.000 0.000
ASP02A0310_003 0.000 0.000 0.000 0.000 0.000
ASP02A0310_004 0.000 0.000 0.000 0.000 0.000
ASP-1A0310_005 1.000 1.000 1.000 1.000 1.000
PHE01A0311_001 1.000 1.000 1.000 1.000 1.000
ALA01A0312_001 1.000 1.000 1.000 1.000 1.000
TRP01A0314_001 1.000 1.000 1.000 1.000 1.000
LEU01A0315_001 1.000 1.000 1.000 1.000 1.000
CYS01A0316_001 0.093 0.095 0.091 0.091 0.095
CYS01A0316_002 0.590 0.585 0.594 0.591 0.593
CYS01A0316_003 0.318 0.320 0.315 0.318 0.311
CYS-1A0316_004 0.000 0.000 0.000 0.000 0.000
SER01A0317_001 1.000 1.000 1.000 1.000 1.000
THR01A0318_001 0.706 0.718 0.708 0.711 0.709
THR01A0318_002 0.294 0.282 0.292 0.289 0.291
ILE01A0319_001 1.000 1.000 1.000 1.000 1.000
LEU01A0321_001 1.000 1.000 1.000 1.000 1.000
ASN01A0322_001 0.709 0.711 0.713 0.712 0.711
ASN01A0322_002 0.291 0.289 0.287 0.288 0.289
EUI+1B0003_001 0.000 0.000 0.000 0.000 0.000
EUI+1B0003_002 0.000 0.000 0.000 0.000 0.000
EUI+1B0003_003 0.000 0.000 0.000 0.000 0.000
EUI01B0003_004 0.000 0.000 0.000 0.000 0.000
EUI01B0003_005 0.849 0.845 0.857 0.847 0.854
EUI01B0003_006 0.151 0.155 0.143 0.153 0.146
EUI02B0003_007 0.000 0.000 0.000 0.000 0.000
EUIDMB0003_008 0.000 0.000 0.000 0.000 0.000
