   Rotamer making statitics:
   Residue   Start  Clean   Swap Rotate   Self  Hbond Repack  Ioni.   TorH     OH  Elect
   META0001      1      1      1      1      1      1      1      1      1      1      1
   GLUA0002      1      1      1      1      1      1      1      3      5      5      5
   LEUA0003      1      1      1      1      1      1      1      1      1      1      1
   LYSA0004      1      1      1      1      1      1      1      2      2      2      2
   ASPA0005      1      1      1      1      1      1      1      3      5      5      5
   ASPA0006      1      1      1      1      1      1      1      3      5      5      5
   ASPA0007      1      1      1      1      1      1      1      3      5      5      5
   PHEA0008      1      1      1      1      1      1      1      1      1      1      1
   GLUA0009      1      1      1      1      1      1      1      3      5      5      5
   LYSA0010      1      1      1      1      1      1      1      2      2      2      2
   ILEA0011      1      1      1      1      1      1      1      1      1      1      1
   SERA0012      1      1      1      1      1      1      1      1      2      2      2
   GLUA0013      1      1      1      1      1      1      1      3      5      5      5
   LEUA0014      1      1      1      1      1      1      1      1      1      1      1
   GLYA0015      0      0      0      0      0      0      0      0      0      0      0
   ALAA0016      1      1      1      1      1      1      1      1      1      1      1
   GLYA0017      0      0      0      0      0      0      0      0      0      0      0
   ASNA0018      1      1      2      2      2      2      1      1      1      1      1
   GLYA0019      0      0      0      0      0      0      0      0      0      0      0
   GLYA0020      0      0      0      0      0      0      0      0      0      0      0
   VALA0021      1      1      1      1      1      1      1      1      1      1      1
   VALA0022      1      1      1      1      1      1      1      1      1      1      1
   PHEA0023      1      1      1      1      1      1      1      1      1      1      1
   LYSA0024      1      1      1      1      1      1      1      2      2      2      2
   VALA0025      1      1      1      1      1      1      1      1      1      1      1
   SERA0026      1      1      1      1      1      1      1      1      1      1      1
   HISA0027      1      1      2      2      2      2      1      3      3      3      3
   LYSA0028      1      1      1      1      1      1      1      2      2      2      2
   PROA0029      1      1      1      1      1      1      1      1      1      1      1
   SERA0030      1      1      1      1      1      1      1      1      3      3      3
   GLYA0031      0      0      0      0      0      0      0      0      0      0      0
   LEUA0032      1      1      1      1      1      1      1      1      1      1      1
   VALA0033      1      1      1      1      1      1      1      1      1      1      1
   META0034      1      1      1      1      1      1      1      1      1      1      1
   ALAA0035      1      1      1      1      1      1      1      1      1      1      1
   ARGA0036      1      1      1      1      1      1      1      4      6      6      6
   LYSA0037      1      1      1      1      1      1      1      2      2      2      2
   LEUA0038      1      1      1      1      1      1      1      1      1      1      1
   ILEA0039      1      1      1      1      1      1      1      1      1      1      1
   HISA0040      1      1      2      2      2      2      1      3      3      3      3
   LEUA0041      1      1      1      1      1      1      1      1      1      1      1
   GLUA0042      1      1      1      1      1      1      1      3      5      5      5
   ILEA0043      1      1      1      1      1      1      1      1      1      1      1
   LYSA0044      1      1      1      1      1      1      1      2      2      2      2
   PROA0045      1      1      1      1      1      1      1      1      1      1      1
   ALAA0046      1      1      1      1      1      1      1      1      1      1      1
   ILEA0047      1      1      1      1      1      1      1      1      1      1      1
   ARGA0048      1      1      1      1      1      1      1      4      4      4      4
   ASNA0049      1      1      2      2      2      2      2      2      2      2      2
   GLNA0050      1      1      2      2      2      2      2      2      2      2      2
   ILEA0051      1      1      1      1      1      1      1      1      1      1      1
   ILEA0052      1      1      1      1      1      1      1      1      1      1      1
   ARGA0053      1      1      1      1      1      1      1      4      4      4      4
   GLUA0054      1      1      1      1      1      1      1      3      5      5      5
   LEUA0055      1      1      1      1      1      1      1      1      1      1      1
   GLNA0056      1      1      2      2      2      2      2      2      2      2      2
   VALA0057      1      1      1      1      1      1      1      1      1      1      1
   LEUA0058      1      1      1      1      1      1      1      1      1      1      1
   HISA0059      1      1      2      2      2      2      2      6      6      6      6
   GLUA0060      1      1      1      1      1      1      1      3      5      5      5
   CYSA0061      1      1      1      1      1      1      1      2      4      4      4
   ASNA0062      1      1      2      2      2      2      2      2      2      2      2
   SERA0063      1      1      1      1      1      1      1      1      2      2      2
   PROA0064      1      1      1      1      1      1      1      1      1      1      1
   TYRA0065      1      1      1      1      1      1      1      2      3      3      2
   ILEA0066      1      1      1      1      1      1      1      1      1      1      1
   VALA0067      1      1      1      1      1      1      1      1      1      1      1
   GLYA0068      0      0      0      0      0      0      0      0      0      0      0
   PHEA0069      1      1      1      1      1      1      1      1      1      1      1
   TYRA0070      1      1      1      1      1      1      1      2      2      2      2
   GLYA0071      0      0      0      0      0      0      0      0      0      0      0
   ALAA0072      1      1      1      1      1      1      1      1      1      1      1
   PHEA0073      1      1      1      1      1      1      1      1      1      1      1
   TYRA0074      1      1      1      1      1      1      1      2      3      3      2
   SERA0075      1      1      1      1      1      1      1      1      3      3      2
   ASPA0076      1      1      1      1      1      1      1      3      5      5      5
   GLYA0077      0      0      0      0      0      0      0      0      0      0      0
   GLUA0078      1      1      1      1      1      1      1      3      5      5      5
   ILEA0079      1      1      1      1      1      1      1      1      1      1      1
   SERA0080      1      1      1      1      1      1      1      1      3      3      3
   ILEA0081      1      1      1      1      1      1      1      1      1      1      1
   CYSA0082      1      1      1      1      1      1      1      2      4      4      4
   META0083      1      1      1      1      1      1      1      1      1      1      1
   GLUA0084      1      1      1      1      1      1      1      3      5      5      5
   HISA0085      1      1      2      2      2      2      2      6      6      6      6
   META0086      1      1      1      1      1      1      1      1      1      1      1
   ASPA0087      1      1      1      1      1      1      1      3      5      5      5
   GLYA0088      0      0      0      0      0      0      0      0      0      0      0
   GLYA0089      0      0      0      0      0      0      0      0      0      0      0
   SERA0090      1      1      1      1      1      1      1      1      1      1      1
   LEUA0091      1      1      1      1      1      1      1      1      1      1      1
   ASPA0092      1      1      1      1      1      1      1      3      5      5      5
   GLNA0093      1      1      2      2      2      2      2      2      2      2      2
   VALA0094      1      1      1      1      1      1      1      1      1      1      1
   LEUA0095      1      1      1      1      1      1      1      1      1      1      1
   LYSA0096      1      1      1      1      1      1      1      2      2      2      2
   LYSA0097      1      1      1      1      1      1      1      2      2      2      2
   ALAA0098      1      1      1      1      1      1      1      1      1      1      1
   GLYA0099      0      0      0      0      0      0      0      0      0      0      0
   ARGA0100      1      1      1      1      1      1      1      4      5      5      5
   ILEA0101      1      1      1      1      1      1      1      1      1      1      1
   PROA0102      1      1      1      1      1      1      1      1      1      1      1
   GLUA0103      1      1      1      1      1      1      1      3      5      5      5
   GLNA0104      1      1      2      2      2      2      2      2      2      2      2
   ILEA0105      1      1      1      1      1      1      1      1      1      1      1
   LEUA0106      1      1      1      1      1      1      1      1      1      1      1
   GLYA0107      0      0      0      0      0      0      0      0      0      0      0
   LYSA0108      1      1      1      1      1      1      1      2      2      2      2
   VALA0109      1      1      1      1      1      1      1      1      1      1      1
   SERA0110      1      1      1      1      1      1      1      1      2      2      2
   ILEA0111      1      1      1      1      1      1      1      1      1      1      1
   ALAA0112      1      1      1      1      1      1      1      1      1      1      1
   VALA0113      1      1      1      1      1      1      1      1      1      1      1
   ILEA0114      1      1      1      1      1      1      1      1      1      1      1
   LYSA0115      1      1      1      1      1      1      1      2      2      2      2
   GLYA0116      0      0      0      0      0      0      0      0      0      0      0
   LEUA0117      1      1      1      1      1      1      1      1      1      1      1
   THRA0118      1      1      1      1      1      1      1      1      3      3      3
   TYRA0119      1      1      1      1      1      1      1      2      3      3      3
   LEUA0120      1      1      1      1      1      1      1      1      1      1      1
   ARGA0121      1      1      1      1      1      1      1      4      4      4      4
   GLUA0122      1      1      1      1      1      1      1      3      5      5      5
   LYSA0123      1      1      1      1      1      1      1      2      2      2      2
   HISA0124      1      1      2      2      2      2      1      3      3      3      3
   LYSA0125      1      1      1      1      1      1      1      2      2      2      2
   ILEA0126      1      1      1      1      1      1      1      1      1      1      1
   META0127      1      1      1      1      1      1      1      1      1      1      1
   HISA0128      1      1      2      2      2      2      2      6      6      6      6
   ARGA0129      1      1      1      1      1      1      1      4      5      5      5
   ASPA0130      1      1      1      1      1      1      1      3      5      5      5
   VALA0131      1      1      1      1      1      1      1      1      1      1      1
   LYSA0132      1      1      1      1      1      1      1      2      2      2      2
   PROA0133      1      1      1      1      1      1      1      1      1      1      1
   SERA0134      1      1      1      1      1      1      1      1      3      3      3
   ASNA0135      1      1      2      2      1      1      1      1      1      1      1
   ILEA0136      1      1      1      1      1      1      1      1      1      1      1
   LEUA0137      1      1      1      1      1      1      1      1      1      1      1
   VALA0138      1      1      1      1      1      1      1      1      1      1      1
   ASNA0139      1      1      2      2      2      2      2      2      2      2      2
   SERA0140      1      1      1      1      1      1      1      1      3      3      3
   ARGA0141      1      1      1      1      1      1      1      4      4      4      4
   GLYA0142      0      0      0      0      0      0      0      0      0      0      0
   GLUA0143      1      1      1      1      1      1      1      3      5      5      5
   ILEA0144      1      1      1      1      1      1      1      1      1      1      1
   LYSA0145      1      1      1      1      1      1      1      2      2      2      2
   LEUA0146      1      1      1      1      1      1      1      1      1      1      1
   CYSA0147      1      1      1      1      1      1      1      2      4      4      4
   ASPA0148      1      1      1      1      1      1      1      3      5      5      5
   PHEA0149      1      1      1      1      1      1      1      1      1      1      1
   GLYA0150      0      0      0      0      0      0      0      0      0      0      0
   VALA0151      1      1      1      1      1      1      1      1      1      1      1
   SERA0152      1      1      1      1      1      1      1      1      3      3      3
   GLYA0153      0      0      0      0      0      0      0      0      0      0      0
   GLNA0154      1      1      2      2      2      2      2      2      2      2      2
   LEUA0155      1      1      1      1      1      1      1      1      1      1      1
   ILEA0156      1      1      1      1      1      1      1      1      1      1      1
   ASPA0157      1      1      1      1      1      1      1      3      5      5      5
   SERA0158      1      1      1      1      1      1      1      1      2      2      2
   META0159      1      1      1      1      1      1      1      1      1      1      1
   ALAA0160      1      1      1      1      1      1      1      1      1      1      1
   ASNA0161      1      1      2      2      2      2      2      2      2      2      2
   SERA0162      1      1      1      1      1      1      1      1      2      2      2
   PHEA0163      1      1      1      1      1      1      1      1      1      1      1
   VALA0164      1      1      1      1      1      1      1      1      1      1      1
   GLYA0165      0      0      0      0      0      0      0      0      0      0      0
   THRA0166      1      1      1      1      1      1      1      1      2      2      2
   ARGA0167      1      1      1      1      1      1      1      4      6      6      6
   SERA0168      1      1      1      1      1      1      1      1      2      2      2
   TYRA0169      1      1      1      1      1      1      1      2      3      3      3
   META0170      1      1      1      1      1      1      1      1      1      1      1
   SERA0171      1      1      1      1      1      1      1      1      3      3      3
   PROA0172      1      1      1      1      1      1      1      1      1      1      1
   GLUA0173      1      1      1      1      1      1      1      3      5      5      5
   ARGA0174      1      1      1      1      1      1      1      4      4      4      4
   LEUA0175      1      1      1      1      1      1      1      1      1      1      1
   GLNA0176      1      1      2      2      2      2      2      2      2      2      2
   GLYA0177      0      0      0      0      0      0      0      0      0      0      0
   THRA0178      1      1      1      1      1      1      1      1      2      2      1
   HISA0179      1      1      2      2      2      2      2      6      6      6      6
   TYRA0180      1      1      1      1      1      1      1      2      3      3      3
   SERA0181      1      1      1      1      1      1      1      1      2      2      2
   VALA0182      1      1      1      1      1      1      1      1      1      1      1
   GLNA0183      1      1      2      2      2      2      2      2      2      2      2
   SERA0184      1      1      1      1      1      1      1      1      2      2      2
   ASPA0185      1      1      1      1      1      1      1      3      5      5      5
   ILEA0186      1      1      1      1      1      1      1      1      1      1      1
   TRPA0187      1      1      1      1      1      1      1      1      1      1      1
   SERA0188      1      1      1      1      1      1      1      1      2      2      2
   META0189      1      1      1      1      1      1      1      1      1      1      1
   GLYA0190      0      0      0      0      0      0      0      0      0      0      0
   LEUA0191      1      1      1      1      1      1      1      1      1      1      1
   SERA0192      1      1      1      1      1      1      1      1      3      3      3
   LEUA0193      1      1      1      1      1      1      1      1      1      1      1
   VALA0194      1      1      1      1      1      1      1      1      1      1      1
   GLUA0195      1      1      1      1      1      1      1      3      5      5      5
   META0196      1      1      1      1      1      1      1      1      1      1      1
   ALAA0197      1      1      1      1      1      1      1      1      1      1      1
   VALA0198      1      1      1      1      1      1      1      1      1      1      1
   GLYA0199      0      0      0      0      0      0      0      0      0      0      0
   ARGA0200      1      1      1      1      1      1      1      4      4      4      4
   TYRA0201      1      1      1      1      1      1      1      2      3      3      3
   PROA0202      1      1      1      1      1      1      1      1      1      1      1
   ILEA0203      1      1      1      1      1      1      1      1      1      1      1
   PROA0204      1      1      1      1      1      1      1      1      1      1      1
   PROA0205      1      1      1      1      1      1      1      1      1      1      1
   PROA0206      1      1      1      1      1      1      1      1      1      1      1
   ASPA0207      1      1      1      1      1      1      1      3      5      5      5
   ALAA0208      1      1      1      1      1      1      1      1      1      1      1
   LYSA0209      1      1      1      1      1      1      1      2      2      2      2
   GLUA0210      1      1      1      1      1      1      1      3      5      5      5
   LEUA0211      1      1      1      1      1      1      1      1      1      1      1
   GLUA0212      1      1      1      1      1      1      1      3      5      5      5
   LEUA0213      1      1      1      1      1      1      1      1      1      1      1
   META0214      1      1      1      1      1      1      1      1      1      1      1
   PHEA0215      1      1      1      1      1      1      1      1      1      1      1
   GLYA0216      0      0      0      0      0      0      0      0      0      0      0
   CYSA0217      1      1      1      1      1      1      1      2      4      4      4
   GLNA0218      1      1      2      2      1      1      1      1      1      1      1
   VALA0219      1      1      1      1      1      1      1      1      1      1      1
   GLUA0220      1      1      1      1      1      1      1      3      5      5      5
   GLYA0221      0      0      0      0      0      0      0      0      0      0      0
   ASPA0222      1      1      1      1      1      1      1      3      5      5      5
   ALAA0223      1      1      1      1      1      1      1      1      1      1      1
   ALAA0224      1      1      1      1      1      1      1      1      1      1      1
   GLUA0225      1      1      1      1      1      1      1      3      5      5      5
   THRA0226      1      1      1      1      1      1      1      1      2      2      2
   PROA0227      1      1      1      1      1      1      1      1      1      1      1
   PROA0228      1      1      1      1      1      1      1      1      1      1      1
   ARGA0229      1      1      1      1      1      1      1      4      6      6      6
   PROA0230      1      1      1      1      1      1      1      1      1      1      1
   ARGA0231      1      1      1      1      1      1      1      4      4      4      4
   THRA0232      1      1      1      1      1      1      1      1      3      3      3
   PROA0233      1      1      1      1      1      1      1      1      1      1      1
   GLYA0234      0      0      0      0      0      0      0      0      0      0      0
   ARGA0235      1      1      1      1      1      1      1      4      5      5      5
   PROA0236      1      1      1      1      1      1      1      1      1      1      1
   LEUA0237      1      1      1      1      1      1      1      1      1      1      1
   SERA0238      1      1      1      1      1      1      1      1      2      2      2
   SERA0239      1      1      1      1      1      1      1      1      2      2      1
   TYRA0240      1      1      1      1      1      1      1      2      3      3      3
   GLYA0241      0      0      0      0      0      0      0      0      0      0      0
   META0242      1      1      1      1      1      1      1      1      1      1      1
   ASPA0243      1      1      1      1      1      1      1      3      5      5      5
   SERA0244      1      1      1      1      1      1      1      1      2      2      1
   ARGA0245      1      1      1      1      1      1      1      4      4      4      4
   PROA0246      1      1      1      1      1      1      1      1      1      1      1
   PROA0247      1      1      1      1      1      1      1      1      1      1      1
   META0248      1      1      1      1      1      1      1      1      1      1      1
   ALAA0249      1      1      1      1      1      1      1      1      1      1      1
   ILEA0250      1      1      1      1      1      1      1      1      1      1      1
   PHEA0251      1      1      1      1      1      1      1      1      1      1      1
   GLUA0252      1      1      1      1      1      1      1      3      5      5      5
   LEUA0253      1      1      1      1      1      1      1      1      1      1      1
   LEUA0254      1      1      1      1      1      1      1      1      1      1      1
   ASPA0255      1      1      1      1      1      1      1      3      5      5      5
   TYRA0256      1      1      1      1      1      1      1      2      3      3      3
   ILEA0257      1      1      1      1      1      1      1      1      1      1      1
   VALA0258      1      1      1      1      1      1      1      1      1      1      1
   ASNA0259      1      1      2      2      2      2      2      2      2      2      2
   GLUA0260      1      1      1      1      1      1      1      3      5      5      5
   PROA0261      1      1      1      1      1      1      1      1      1      1      1
   PROA0262      1      1      1      1      1      1      1      1      1      1      1
   PROA0263      1      1      1      1      1      1      1      1      1      1      1
   LYSA0264      1      1      1      1      1      1      1      2      2      2      2
   LEUA0265      1      1      1      1      1      1      1      1      1      1      1
   PROA0266      1      1      1      1      1      1      1      1      1      1      1
   SERA0267      1      1      1      1      1      1      1      1      2      2      1
   GLYA0268      0      0      0      0      0      0      0      0      0      0      0
   VALA0269      1      1      1      1      1      1      1      1      1      1      1
   PHEA0270      1      1      1      1      1      1      1      1      1      1      1
   SERA0271      1      1      1      1      1      1      1      1      3      3      3
   LEUA0272      1      1      1      1      1      1      1      1      1      1      1
   GLUA0273      1      1      1      1      1      1      1      3      5      5      5
   PHEA0274      1      1      1      1      1      1      1      1      1      1      1
   GLNA0275      1      1      2      2      2      2      2      2      2      2      2
   ASPA0276      1      1      1      1      1      1      1      3      5      5      5
   PHEA0277      1      1      1      1      1      1      1      1      1      1      1
   VALA0278      1      1      1      1      1      1      1      1      1      1      1
   ASNA0279      1      1      2      2      2      2      2      2      2      2      2
   LYSA0280      1      1      1      1      1      1      1      2      2      2      2
   CYSA0281      1      1      1      1      1      1      1      2      4      4      4
   LEUA0282      1      1      1      1      1      1      1      1      1      1      1
   ILEA0283      1      1      1      1      1      1      1      1      1      1      1
   LYSA0284      1      1      1      1      1      1      1      2      2      2      2
   ASNA0285      1      1      2      2      2      2      2      2      2      2      2
   PROA0286      1      1      1      1      1      1      1      1      1      1      1
   ALAA0287      1      1      1      1      1      1      1      1      1      1      1
   GLUA0288      1      1      1      1      1      1      1      3      5      5      5
   ARGA0289      1      1      1      1      1      1      1      4      6      6      6
   ALAA0290      1      1      1      1      1      1      1      1      1      1      1
   ASPA0291      1      1      1      1      1      1      1      3      5      5      5
   LEUA0292      1      1      1      1      1      1      1      1      1      1      1
   LYSA0293      1      1      1      1      1      1      1      2      2      2      2
   GLNA0294      1      1      2      2      2      2      2      2      2      2      2
   LEUA0295      1      1      1      1      1      1      1      1      1      1      1
   META0296      1      1      1      1      1      1      1      1      1      1      1
   VALA0297      1      1      1      1      1      1      1      1      1      1      1
   HISA0298      1      1      2      2      1      1      1      3      3      3      3
   ALAA0299      1      1      1      1      1      1      1      1      1      1      1
   PHEA0300      1      1      1      1      1      1      1      1      1      1      1
   ILEA0301      1      1      1      1      1      1      1      1      1      1      1
   LYSA0302      1      1      1      1      1      1      1      2      2      2      2
   ARGA0303      1      1      1      1      1      1      1      4      6      6      6
   SERA0304      1      1      1      1      1      1      1      1      3      3      3
   ASPA0305      1      1      1      1      1      1      1      3      5      5      5
   ALAA0306      1      1      1      1      1      1      1      1      1      1      1
   GLUA0307      1      1      1      1      1      1      1      3      5      5      5
   GLUA0308      1      1      1      1      1      1      1      3      5      5      5
   VALA0309      1      1      1      1      1      1      1      1      1      1      1
   ASPA0310      1      1      1      1      1      1      1      3      5      5      5
   PHEA0311      1      1      1      1      1      1      1      1      1      1      1
   ALAA0312      1      1      1      1      1      1      1      1      1      1      1
   GLYA0313      0      0      0      0      0      0      0      0      0      0      0
   TRPA0314      1      1      1      1      1      1      1      1      1      1      1
   LEUA0315      1      1      1      1      1      1      1      1      1      1      1
   CYSA0316      1      1      1      1      1      1      1      2      4      4      4
   SERA0317      1      1      1      1      1      1      1      1      2      2      1
   THRA0318      1      1      1      1      1      1      1      1      2      2      2
   ILEA0319      1      1      1      1      1      1      1      1      1      1      1
   GLYA0320      0      0      0      0      0      0      0      0      0      0      0
   LEUA0321      1      1      1      1      1      1      1      1      1      1      1
   ASNA0322      1      1      2      2      2      2      2      2      2      2      2
   ANPB0001      0      0      0      0      0      0      0      0      0      0      0
   MG_B0002      0      0      0      0      0      0      0      0      0      0      0
   EUIB0003      1      1      1      1      1      1      2      5      8      8      8
   Total       296    296    324    324    321    321    318    510    670    670    662
