 ph              7.4   7.4   7.4   7.4   7.4
ALA01A0002_001 1.000 1.000 1.000 1.000 1.000
MET01A0003_001 1.000 1.000 1.000 1.000 1.000
ASP01A0004_001 0.000 0.000 0.000 0.000 0.000
ASP01A0004_002 0.000 0.000 0.000 0.000 0.000
ASP02A0004_003 0.000 0.000 0.000 0.000 0.000
ASP02A0004_004 0.000 0.000 0.000 0.000 0.000
ASP-1A0004_005 1.000 1.000 1.000 1.000 1.000
PRO01A0005_001 1.000 1.000 1.000 1.000 1.000
SER01A0006_001 1.000 1.000 1.000 1.000 1.000
SER01A0007_001 0.000 0.000 0.000 0.000 0.000
SER01A0007_002 1.000 1.000 1.000 1.000 1.000
PRO01A0008_001 1.000 1.000 1.000 1.000 1.000
ASN01A0009_001 0.252 0.253 0.253 0.252 0.253
ASN01A0009_002 0.748 0.747 0.747 0.748 0.747
TYR01A0010_001 1.000 1.000 1.000 1.000 1.000
TYR-1A0010_002 0.000 0.000 0.000 0.000 0.000
ASP01A0011_001 0.000 0.000 0.000 0.000 0.000
ASP01A0011_002 0.000 0.000 0.000 0.000 0.000
ASP02A0011_003 0.000 0.000 0.000 0.000 0.000
ASP02A0011_004 0.000 0.000 0.000 0.000 0.000
ASP-1A0011_005 1.000 1.000 1.000 1.000 1.000
LYS01A0012_001 0.000 0.000 0.000 0.000 0.000
LYS+1A0012_002 1.000 1.000 1.000 1.000 1.000
TRP01A0013_001 1.000 1.000 1.000 1.000 1.000
GLU01A0014_001 0.000 0.000 0.000 0.000 0.000
GLU01A0014_002 0.000 0.000 0.000 0.000 0.000
GLU02A0014_003 0.000 0.000 0.000 0.000 0.000
GLU02A0014_004 0.000 0.000 0.000 0.000 0.000
GLU-1A0014_005 1.000 1.000 1.000 1.000 1.000
MET01A0015_001 1.000 1.000 1.000 1.000 1.000
GLU01A0016_001 0.000 0.000 0.000 0.000 0.000
GLU01A0016_002 0.000 0.000 0.000 0.000 0.000
GLU02A0016_003 0.000 0.000 0.000 0.000 0.000
GLU02A0016_004 0.000 0.000 0.000 0.000 0.000
GLU-1A0016_005 1.000 1.000 1.000 1.000 1.000
ARG01A0017_001 0.000 0.000 0.000 0.000 0.000
ARG02A0017_002 0.000 0.000 0.000 0.000 0.000
ARG03A0017_003 0.000 0.000 0.000 0.000 0.000
ARG+1A0017_004 1.000 1.000 1.000 1.000 1.000
THR01A0018_001 0.997 0.997 0.997 0.997 0.997
THR01A0018_002 0.000 0.000 0.000 0.000 0.000
THR01A0018_003 0.003 0.003 0.003 0.003 0.003
ASP01A0019_001 0.000 0.000 0.000 0.000 0.000
ASP01A0019_002 0.000 0.000 0.000 0.000 0.000
ASP02A0019_003 0.000 0.000 0.000 0.000 0.000
ASP02A0019_004 0.002 0.002 0.002 0.000 0.000
ASP-1A0019_005 0.998 0.998 0.998 1.000 1.000
ILE01A0020_001 1.000 1.000 1.000 1.000 1.000
THR01A0021_001 1.000 1.000 1.000 1.000 1.000
MET01A0022_001 1.000 1.000 1.000 1.000 1.000
LYS01A0023_001 0.002 0.002 0.001 0.000 0.002
LYS+1A0023_002 0.998 0.998 0.999 1.000 0.998
HIS01A0024_001 0.096 0.096 0.096 0.096 0.096
HIS01A0024_002 0.200 0.199 0.201 0.200 0.200
HIS02A0024_003 0.164 0.165 0.164 0.165 0.164
HIS02A0024_004 0.245 0.246 0.246 0.246 0.246
HIS+1A0024_005 0.100 0.100 0.100 0.100 0.099
HIS+1A0024_006 0.195 0.194 0.193 0.193 0.195
LYS01A0025_001 0.006 0.006 0.006 0.006 0.006
LYS+1A0025_002 0.994 0.994 0.994 0.994 0.994
LEU01A0026_001 1.000 1.000 1.000 1.000 1.000
GLN01A0030_001 0.536 0.538 0.535 0.536 0.536
GLN01A0030_002 0.464 0.462 0.465 0.464 0.464
TYR01A0031_001 1.000 1.000 1.000 1.000 1.000
TYR-1A0031_002 0.000 0.000 0.000 0.000 0.000
GLU01A0033_001 0.000 0.000 0.000 0.000 0.000
GLU01A0033_002 0.000 0.000 0.000 0.000 0.000
GLU02A0033_003 0.000 0.000 0.000 0.000 0.000
GLU02A0033_004 0.000 0.000 0.000 0.000 0.000
GLU-1A0033_005 1.000 1.000 1.000 1.000 1.000
VAL01A0034_001 1.000 1.000 1.000 1.000 1.000
TYR01A0035_001 0.993 0.993 0.993 0.993 0.994
TYR-1A0035_002 0.007 0.007 0.007 0.007 0.006
GLU01A0036_001 0.000 0.000 0.000 0.000 0.000
GLU01A0036_002 0.003 0.000 0.003 0.000 0.000
GLU02A0036_003 0.000 0.000 0.000 0.000 0.000
GLU02A0036_004 0.000 0.000 0.000 0.000 0.000
GLU-1A0036_005 0.997 1.000 0.997 1.000 1.000
VAL01A0038_001 1.000 1.000 1.000 1.000 1.000
TRP01A0039_001 1.000 1.000 1.000 1.000 1.000
LYS01A0040_001 0.000 0.000 0.000 0.000 0.000
LYS+1A0040_002 1.000 1.000 1.000 1.000 1.000
LYS01A0041_001 0.000 0.000 0.000 0.000 0.000
LYS+1A0041_002 1.000 1.000 1.000 1.000 1.000
TYR01A0042_001 1.000 1.000 1.000 1.000 1.000
TYR-1A0042_002 0.000 0.000 0.000 0.000 0.000
SER01A0043_001 1.000 1.000 1.000 1.000 1.000
LEU01A0044_001 1.000 1.000 1.000 1.000 1.000
THR01A0045_001 1.000 1.000 1.000 1.000 1.000
VAL01A0046_001 1.000 1.000 1.000 1.000 1.000
ALA01A0047_001 1.000 1.000 1.000 1.000 1.000
VAL01A0048_001 1.000 1.000 1.000 1.000 1.000
LYS01A0049_001 0.000 0.000 0.000 0.000 0.000
LYS+1A0049_002 1.000 1.000 1.000 1.000 1.000
THR01A0050_001 0.157 0.157 0.158 0.157 0.157
THR01A0050_002 0.843 0.843 0.842 0.843 0.843
LEU01A0051_001 1.000 1.000 1.000 1.000 1.000
LYS01A0052_001 0.000 0.000 0.000 0.000 0.000
LYS+1A0052_002 1.000 1.000 1.000 1.000 1.000
GLU01A0053_001 0.000 0.000 0.000 0.000 0.000
GLU01A0053_002 0.000 0.000 0.000 0.000 0.000
GLU02A0053_003 0.000 0.000 0.000 0.000 0.000
GLU02A0053_004 0.000 0.000 0.000 0.000 0.000
GLU-1A0053_005 1.000 1.000 1.000 1.000 1.000
ASP01A0054_001 0.000 0.000 0.000 0.000 0.000
ASP01A0054_002 0.000 0.000 0.000 0.000 0.000
ASP02A0054_003 0.000 0.000 0.000 0.000 0.000
ASP02A0054_004 0.000 0.000 0.000 0.000 0.000
ASP-1A0054_005 1.000 1.000 1.000 1.000 1.000
THR01A0055_001 0.064 0.063 0.062 0.063 0.063
THR01A0055_002 0.936 0.937 0.938 0.937 0.937
MET01A0056_001 1.000 1.000 1.000 1.000 1.000
GLU01A0057_001 0.000 0.000 0.000 0.000 0.000
GLU01A0057_002 0.000 0.000 0.000 0.000 0.000
GLU02A0057_003 0.000 0.000 0.000 0.000 0.000
GLU02A0057_004 0.004 0.004 0.004 0.004 0.004
GLU-1A0057_005 0.996 0.996 0.996 0.996 0.996
VAL01A0058_001 1.000 1.000 1.000 1.000 1.000
GLU01A0059_001 0.000 0.000 0.000 0.000 0.000
GLU01A0059_002 0.009 0.009 0.009 0.009 0.009
GLU02A0059_003 0.000 0.000 0.000 0.000 0.000
GLU02A0059_004 0.012 0.012 0.012 0.012 0.012
GLU-1A0059_005 0.979 0.979 0.979 0.979 0.979
GLU01A0060_001 0.000 0.000 0.000 0.000 0.000
GLU01A0060_002 0.004 0.006 0.004 0.007 0.004
GLU02A0060_003 0.000 0.000 0.000 0.000 0.000
GLU02A0060_004 0.002 0.000 0.001 0.000 0.001
GLU-1A0060_005 0.994 0.993 0.995 0.993 0.994
PHE01A0061_001 1.000 1.000 1.000 1.000 1.000
LEU01A0062_001 1.000 1.000 1.000 1.000 1.000
LYS01A0063_001 0.000 0.000 0.000 0.000 0.000
LYS+1A0063_002 1.000 1.000 1.000 1.000 1.000
GLU01A0064_001 0.000 0.000 0.000 0.000 0.000
GLU01A0064_002 0.000 0.000 0.000 0.000 0.000
GLU02A0064_003 0.000 0.000 0.000 0.000 0.000
GLU02A0064_004 0.000 0.000 0.000 0.000 0.000
GLU-1A0064_005 1.000 1.000 1.000 1.000 1.000
ALA01A0065_001 1.000 1.000 1.000 1.000 1.000
ALA01A0066_001 1.000 1.000 1.000 1.000 1.000
VAL01A0067_001 1.000 1.000 1.000 1.000 1.000
MET01A0068_001 1.000 1.000 1.000 1.000 1.000
LYS01A0069_001 0.000 0.000 0.000 0.000 0.000
LYS+1A0069_002 1.000 1.000 1.000 1.000 1.000
GLU01A0070_001 0.000 0.000 0.000 0.000 0.000
GLU01A0070_002 0.000 0.000 0.000 0.000 0.000
GLU02A0070_003 0.000 0.000 0.000 0.000 0.000
GLU02A0070_004 0.000 0.000 0.000 0.000 0.000
GLU-1A0070_005 1.000 1.000 1.000 1.000 1.000
ILE01A0071_001 1.000 1.000 1.000 1.000 1.000
LYS01A0072_001 0.002 0.002 0.002 0.000 0.002
LYS+1A0072_002 0.998 0.998 0.998 1.000 0.998
HIS01A0073_001 0.000 0.000 0.000 0.000 0.000
HIS01A0073_002 0.998 0.998 0.998 0.998 0.998
HIS02A0073_003 0.000 0.000 0.000 0.000 0.000
HIS02A0073_004 0.002 0.002 0.002 0.002 0.002
HIS+1A0073_005 0.000 0.000 0.000 0.000 0.000
HIS+1A0073_006 0.000 0.000 0.000 0.000 0.000
PRO01A0074_001 1.000 1.000 1.000 1.000 1.000
ASN01A0075_001 0.052 0.052 0.053 0.053 0.053
ASN01A0075_002 0.948 0.948 0.947 0.947 0.947
LEU01A0076_001 1.000 1.000 1.000 1.000 1.000
VAL01A0077_001 1.000 1.000 1.000 1.000 1.000
GLN01A0078_001 0.218 0.217 0.217 0.218 0.218
GLN01A0078_002 0.782 0.783 0.783 0.782 0.782
LEU01A0079_001 1.000 1.000 1.000 1.000 1.000
LEU01A0080_001 1.000 1.000 1.000 1.000 1.000
VAL01A0082_001 1.000 1.000 1.000 1.000 1.000
CYS01A0083_001 0.817 0.817 0.818 0.817 0.816
CYS01A0083_002 0.117 0.118 0.116 0.118 0.118
CYS01A0083_003 0.066 0.065 0.065 0.065 0.066
CYS-1A0083_004 0.000 0.000 0.000 0.000 0.000
THR01A0084_001 1.000 1.000 1.000 1.000 1.000
THR01A0084_002 0.000 0.000 0.000 0.000 0.000
ARG01A0085_001 0.000 0.000 0.000 0.000 0.000
ARG02A0085_002 0.000 0.000 0.000 0.000 0.000
ARG03A0085_003 0.000 0.000 0.000 0.000 0.000
ARG+1A0085_004 1.000 1.000 1.000 1.000 1.000
GLU01A0086_001 0.000 0.000 0.000 0.000 0.000
GLU01A0086_002 0.000 0.000 0.000 0.000 0.000
GLU02A0086_003 0.000 0.000 0.000 0.000 0.000
GLU02A0086_004 0.000 0.000 0.000 0.000 0.000
GLU-1A0086_005 1.000 1.000 1.000 1.000 1.000
PRO01A0087_001 1.000 1.000 1.000 1.000 1.000
PRO01A0088_001 1.000 1.000 1.000 1.000 1.000
PHE01A0089_001 1.000 1.000 1.000 1.000 1.000
TYR01A0090_001 1.000 1.000 1.000 1.000 1.000
TYR-1A0090_002 0.000 0.000 0.000 0.000 0.000
ILE01A0091_001 1.000 1.000 1.000 1.000 1.000
ILE01A0092_001 1.000 1.000 1.000 1.000 1.000
THR01A0093_001 0.215 0.216 0.215 0.217 0.216
THR01A0093_002 0.754 0.752 0.754 0.752 0.753
THR01A0093_003 0.031 0.031 0.031 0.031 0.031
GLU01A0094_001 0.000 0.000 0.000 0.000 0.000
GLU01A0094_002 0.000 0.000 0.000 0.000 0.000
GLU02A0094_003 0.000 0.000 0.000 0.000 0.000
GLU02A0094_004 0.000 0.000 0.000 0.000 0.000
GLU-1A0094_005 1.000 1.000 1.000 1.000 1.000
PHE01A0095_001 1.000 1.000 1.000 1.000 1.000
MET01A0096_001 1.000 1.000 1.000 1.000 1.000
THR01A0097_001 0.291 0.291 0.292 0.293 0.291
THR01A0097_002 0.709 0.709 0.708 0.707 0.709
TYR01A0098_001 0.439 0.438 0.438 0.439 0.438
TYR01A0098_002 0.561 0.562 0.562 0.561 0.561
TYR-1A0098_003 0.000 0.000 0.000 0.000 0.000
ASN01A0100_001 1.000 1.000 1.000 1.000 1.000
ASN01A0100_002 0.000 0.000 0.000 0.000 0.000
LEU01A0101_001 1.000 1.000 1.000 1.000 1.000
LEU01A0102_001 1.000 1.000 1.000 1.000 1.000
ASP01A0103_001 0.000 0.000 0.000 0.000 0.000
ASP01A0103_002 0.000 0.000 0.000 0.000 0.000
ASP02A0103_003 0.000 0.000 0.000 0.000 0.000
ASP02A0103_004 0.000 0.000 0.000 0.000 0.000
ASP-1A0103_005 1.000 1.000 1.000 1.000 1.000
TYR01A0104_001 0.951 0.951 0.951 0.951 0.951
TYR01A0104_002 0.049 0.049 0.049 0.049 0.049
TYR-1A0104_003 0.000 0.000 0.000 0.000 0.000
LEU01A0105_001 1.000 1.000 1.000 1.000 1.000
ARG01A0106_001 0.000 0.000 0.000 0.000 0.000
ARG02A0106_002 0.000 0.000 0.000 0.000 0.000
ARG03A0106_003 0.000 0.000 0.000 0.000 0.000
ARG+1A0106_004 1.000 1.000 1.000 1.000 1.000
GLU01A0107_001 0.000 0.000 0.000 0.000 0.000
GLU01A0107_002 0.004 0.004 0.005 0.004 0.004
GLU02A0107_003 0.000 0.000 0.000 0.000 0.000
GLU02A0107_004 0.012 0.013 0.013 0.013 0.013
GLU-1A0107_005 0.983 0.983 0.982 0.982 0.983
CYS01A0108_001 0.727 0.728 0.727 0.726 0.727
CYS01A0108_002 0.098 0.098 0.098 0.098 0.098
CYS01A0108_003 0.175 0.174 0.175 0.176 0.175
CYS-1A0108_004 0.000 0.000 0.000 0.000 0.000
ASN01A0109_001 1.000 1.000 1.000 1.000 1.000
ARG01A0110_001 0.000 0.000 0.000 0.000 0.000
ARG02A0110_002 0.000 0.000 0.000 0.000 0.000
ARG03A0110_003 0.000 0.000 0.000 0.000 0.000
ARG+1A0110_004 1.000 1.000 1.000 1.000 1.000
GLN01A0111_001 0.427 0.427 0.426 0.427 0.427
GLN01A0111_002 0.573 0.573 0.574 0.573 0.573
GLU01A0112_001 0.000 0.000 0.000 0.000 0.000
GLU01A0112_002 0.000 0.000 0.000 0.000 0.000
GLU02A0112_003 0.000 0.000 0.000 0.000 0.000
GLU02A0112_004 0.000 0.000 0.000 0.000 0.000
GLU-1A0112_005 1.000 1.000 1.000 1.000 1.000
VAL01A0113_001 1.000 1.000 1.000 1.000 1.000
ASN01A0114_001 1.000 1.000 1.000 1.000 1.000
ALA01A0115_001 1.000 1.000 1.000 1.000 1.000
VAL01A0116_001 1.000 1.000 1.000 1.000 1.000
VAL01A0117_001 1.000 1.000 1.000 1.000 1.000
LEU01A0118_001 1.000 1.000 1.000 1.000 1.000
LEU01A0119_001 1.000 1.000 1.000 1.000 1.000
TYR01A0120_001 1.000 1.000 1.000 1.000 1.000
TYR-1A0120_002 0.000 0.000 0.000 0.000 0.000
MET01A0121_001 1.000 1.000 1.000 1.000 1.000
ALA01A0122_001 1.000 1.000 1.000 1.000 1.000
THR01A0123_001 0.068 0.068 0.068 0.068 0.067
THR01A0123_002 0.932 0.932 0.932 0.932 0.933
GLN01A0124_001 1.000 1.000 1.000 1.000 1.000
GLN01A0124_002 0.000 0.000 0.000 0.000 0.000
ILE01A0125_001 1.000 1.000 1.000 1.000 1.000
SER01A0126_001 0.962 0.961 0.961 0.963 0.961
SER01A0126_002 0.038 0.039 0.039 0.037 0.039
SER01A0127_001 0.136 0.136 0.137 0.138 0.137
SER01A0127_002 0.864 0.864 0.863 0.862 0.863
ALA01A0128_001 1.000 1.000 1.000 1.000 1.000
MET01A0129_001 1.000 1.000 1.000 1.000 1.000
GLU01A0130_001 0.000 0.000 0.000 0.000 0.000
GLU01A0130_002 0.005 0.005 0.005 0.005 0.005
GLU02A0130_003 0.000 0.000 0.000 0.000 0.000
GLU02A0130_004 0.007 0.007 0.007 0.007 0.007
GLU-1A0130_005 0.987 0.988 0.988 0.988 0.988
TYR01A0131_001 1.000 1.000 1.000 1.000 1.000
TYR-1A0131_002 0.000 0.000 0.000 0.000 0.000
LEU01A0132_001 1.000 1.000 1.000 1.000 1.000
GLU01A0133_001 0.000 0.000 0.000 0.000 0.000
GLU01A0133_002 0.000 0.000 0.000 0.000 0.000
GLU02A0133_003 0.000 0.000 0.000 0.000 0.000
GLU02A0133_004 0.000 0.000 0.000 0.000 0.000
GLU-1A0133_005 1.000 1.000 1.000 1.000 1.000
LYS01A0134_001 0.000 0.000 0.000 0.000 0.000
LYS+1A0134_002 1.000 1.000 1.000 1.000 1.000
LYS01A0135_001 0.000 0.000 0.000 0.000 0.000
LYS+1A0135_002 1.000 1.000 1.000 1.000 1.000
ASN01A0136_001 0.209 0.211 0.212 0.211 0.212
ASN01A0136_002 0.791 0.789 0.788 0.789 0.788
PHE01A0137_001 1.000 1.000 1.000 1.000 1.000
ILE01A0138_001 1.000 1.000 1.000 1.000 1.000
HIS01A0139_001 1.000 1.000 1.000 1.000 1.000
HIS02A0139_002 0.000 0.000 0.000 0.000 0.000
HIS+1A0139_003 0.000 0.000 0.000 0.000 0.000
ARG01A0140_001 0.000 0.000 0.000 0.000 0.000
ARG02A0140_002 0.000 0.000 0.000 0.000 0.000
ARG03A0140_003 0.000 0.000 0.000 0.000 0.000
ARG+1A0140_004 1.000 1.000 1.000 1.000 1.000
ASP01A0141_001 0.000 0.000 0.000 0.000 0.000
ASP01A0141_002 0.019 0.019 0.019 0.019 0.019
ASP02A0141_003 0.052 0.051 0.052 0.053 0.052
ASP02A0141_004 0.134 0.133 0.135 0.137 0.133
ASP-1A0141_005 0.795 0.797 0.794 0.791 0.796
LEU01A0142_001 1.000 1.000 1.000 1.000 1.000
ALA01A0143_001 1.000 1.000 1.000 1.000 1.000
ALA01A0144_001 1.000 1.000 1.000 1.000 1.000
ARG01A0145_001 0.000 0.000 0.000 0.000 0.000
ARG02A0145_002 0.000 0.000 0.000 0.000 0.000
ARG03A0145_003 0.000 0.000 0.000 0.000 0.000
ARG03A0145_004 0.000 0.000 0.000 0.000 0.000
ARG+1A0145_005 1.000 1.000 1.000 1.000 1.000
ASN01A0146_001 1.000 1.000 1.000 1.000 1.000
ASN01A0146_002 0.000 0.000 0.000 0.000 0.000
CYS01A0147_001 0.204 0.205 0.206 0.204 0.206
CYS01A0147_002 0.606 0.605 0.603 0.607 0.604
CYS01A0147_003 0.190 0.190 0.190 0.189 0.190
CYS-1A0147_004 0.000 0.000 0.000 0.000 0.000
LEU01A0148_001 1.000 1.000 1.000 1.000 1.000
VAL01A0149_001 1.000 1.000 1.000 1.000 1.000
GLU01A0151_001 0.000 0.000 0.000 0.000 0.000
GLU01A0151_002 0.000 0.000 0.000 0.000 0.000
GLU02A0151_003 0.000 0.000 0.000 0.000 0.000
GLU02A0151_004 0.000 0.000 0.000 0.000 0.000
GLU-1A0151_005 1.000 1.000 1.000 1.000 1.000
ASN01A0152_001 0.623 0.623 0.623 0.623 0.623
ASN01A0152_002 0.377 0.377 0.377 0.377 0.377
HIS01A0153_001 0.486 0.487 0.485 0.486 0.491
HIS01A0153_002 0.002 0.002 0.002 0.002 0.002
HIS02A0153_003 0.022 0.022 0.022 0.021 0.021
HIS02A0153_004 0.003 0.003 0.003 0.003 0.003
HIS+1A0153_005 0.487 0.486 0.487 0.486 0.482
HIS+1A0153_006 0.001 0.000 0.000 0.001 0.001
LEU01A0154_001 1.000 1.000 1.000 1.000 1.000
VAL01A0155_001 1.000 1.000 1.000 1.000 1.000
LYS01A0156_001 0.000 0.000 0.000 0.000 0.000
LYS+1A0156_002 1.000 1.000 1.000 1.000 1.000
VAL01A0157_001 1.000 1.000 1.000 1.000 1.000
ALA01A0158_001 1.000 1.000 1.000 1.000 1.000
ASP01A0159_001 0.020 0.021 0.021 0.020 0.021
ASP01A0159_002 0.689 0.691 0.690 0.685 0.691
ASP02A0159_003 0.000 0.000 0.000 0.000 0.000
ASP02A0159_004 0.079 0.078 0.078 0.078 0.079
ASP-1A0159_005 0.211 0.210 0.212 0.216 0.210
PHE01A0160_001 1.000 1.000 1.000 1.000 1.000
LEU01A0162_001 1.000 1.000 1.000 1.000 1.000
SER01A0163_001 1.000 1.000 1.000 1.000 1.000
ARG01A0164_001 0.000 0.000 0.000 0.000 0.000
ARG02A0164_002 0.000 0.000 0.000 0.000 0.000
ARG03A0164_003 0.000 0.000 0.000 0.000 0.000
ARG+1A0164_004 1.000 1.000 1.000 1.000 1.000
LEU01A0165_001 1.000 1.000 1.000 1.000 1.000
MET01A0166_001 1.000 1.000 1.000 1.000 1.000
THR01A0167_001 1.000 1.000 1.000 1.000 1.000
ASP01A0169_001 0.000 0.000 0.000 0.000 0.000
ASP01A0169_002 0.000 0.000 0.000 0.000 0.000
ASP02A0169_003 0.000 0.000 0.000 0.000 0.000
ASP02A0169_004 0.000 0.000 0.000 0.000 0.000
ASP-1A0169_005 1.000 1.000 1.000 1.000 1.000
THR01A0170_001 1.000 1.000 1.000 1.000 1.000
TYR01A0171_001 0.990 0.990 0.990 0.990 0.990
TYR-1A0171_002 0.010 0.010 0.010 0.010 0.010
THR01A0172_001 0.008 0.009 0.008 0.009 0.008
THR01A0172_002 0.992 0.991 0.992 0.991 0.992
ALA01A0173_001 1.000 1.000 1.000 1.000 1.000
HIS01A0174_001 1.000 1.000 1.000 1.000 1.000
HIS02A0174_002 0.000 0.000 0.000 0.000 0.000
HIS+1A0174_003 0.000 0.000 0.000 0.000 0.000
ALA01A0175_001 1.000 1.000 1.000 1.000 1.000
ALA01A0177_001 1.000 1.000 1.000 1.000 1.000
LYS01A0178_001 0.000 0.000 0.000 0.000 0.000
LYS+1A0178_002 1.000 1.000 1.000 1.000 1.000
PHE01A0179_001 1.000 1.000 1.000 1.000 1.000
PRO01A0180_001 1.000 1.000 1.000 1.000 1.000
ILE01A0181_001 1.000 1.000 1.000 1.000 1.000
LYS01A0182_001 0.005 0.004 0.004 0.004 0.004
LYS+1A0182_002 0.995 0.996 0.996 0.996 0.996
TRP01A0183_001 1.000 1.000 1.000 1.000 1.000
THR01A0184_001 0.121 0.121 0.121 0.121 0.122
THR01A0184_002 0.863 0.863 0.863 0.863 0.863
THR01A0184_003 0.016 0.016 0.016 0.016 0.016
ALA01A0185_001 1.000 1.000 1.000 1.000 1.000
PRO01A0186_001 1.000 1.000 1.000 1.000 1.000
GLU01A0187_001 0.000 0.000 0.000 0.000 0.000
GLU01A0187_002 0.000 0.000 0.000 0.000 0.000
GLU02A0187_003 0.000 0.000 0.000 0.000 0.000
GLU02A0187_004 0.000 0.000 0.000 0.000 0.000
GLU-1A0187_005 1.000 1.000 1.000 1.000 1.000
SER01A0188_001 0.554 0.555 0.555 0.554 0.553
SER01A0188_002 0.207 0.207 0.207 0.208 0.208
SER01A0188_003 0.239 0.238 0.238 0.238 0.239
LEU01A0189_001 1.000 1.000 1.000 1.000 1.000
ALA01A0190_001 1.000 1.000 1.000 1.000 1.000
TYR01A0191_001 0.997 0.997 0.997 0.997 0.997
TYR-1A0191_002 0.003 0.003 0.003 0.003 0.003
ASN01A0192_001 1.000 1.000 1.000 1.000 1.000
LYS01A0193_001 0.000 0.000 0.000 0.000 0.000
LYS+1A0193_002 1.000 1.000 1.000 1.000 1.000
PHE01A0194_001 1.000 1.000 1.000 1.000 1.000
SER01A0195_001 1.000 1.000 1.000 1.000 1.000
ILE01A0196_001 1.000 1.000 1.000 1.000 1.000
LYS01A0197_001 0.000 0.000 0.000 0.000 0.000
LYS+1A0197_002 1.000 1.000 1.000 1.000 1.000
SER01A0198_001 0.056 0.057 0.056 0.056 0.056
SER01A0198_002 0.944 0.943 0.944 0.944 0.944
ASP01A0199_001 0.000 0.000 0.000 0.000 0.000
ASP01A0199_002 0.000 0.000 0.000 0.000 0.000
ASP02A0199_003 0.000 0.000 0.000 0.000 0.000
ASP02A0199_004 0.000 0.000 0.000 0.000 0.000
ASP-1A0199_005 1.000 1.000 1.000 1.000 1.000
VAL01A0200_001 1.000 1.000 1.000 1.000 1.000
TRP01A0201_001 1.000 1.000 1.000 1.000 1.000
ALA01A0202_001 1.000 1.000 1.000 1.000 1.000
PHE01A0203_001 1.000 1.000 1.000 1.000 1.000
VAL01A0205_001 1.000 1.000 1.000 1.000 1.000
LEU01A0206_001 1.000 1.000 1.000 1.000 1.000
LEU01A0207_001 1.000 1.000 1.000 1.000 1.000
TRP01A0208_001 1.000 1.000 1.000 1.000 1.000
GLU01A0209_001 0.000 0.000 0.000 0.000 0.000
GLU01A0209_002 0.004 0.004 0.004 0.003 0.004
GLU02A0209_003 0.000 0.000 0.000 0.000 0.000
GLU02A0209_004 0.000 0.000 0.000 0.000 0.000
GLU-1A0209_005 0.996 0.996 0.996 0.996 0.996
ILE01A0210_001 1.000 1.000 1.000 1.000 1.000
ALA01A0211_001 1.000 1.000 1.000 1.000 1.000
THR01A0212_001 0.758 0.758 0.759 0.757 0.759
THR01A0212_002 0.242 0.242 0.241 0.243 0.241
TYR01A0213_001 1.000 1.000 1.000 1.000 1.000
TYR01A0213_002 0.000 0.000 0.000 0.000 0.000
TYR-1A0213_003 0.000 0.000 0.000 0.000 0.000
MET01A0215_001 1.000 1.000 1.000 1.000 1.000
SER01A0216_001 1.000 1.000 1.000 1.000 1.000
PRO01A0217_001 1.000 1.000 1.000 1.000 1.000
TYR01A0218_001 1.000 1.000 1.000 1.000 1.000
TYR-1A0218_002 0.000 0.000 0.000 0.000 0.000
PRO01A0219_001 1.000 1.000 1.000 1.000 1.000
ILE01A0221_001 1.000 1.000 1.000 1.000 1.000
ASP01A0222_001 0.000 0.000 0.000 0.000 0.000
ASP01A0222_002 0.000 0.000 0.000 0.000 0.000
ASP02A0222_003 0.000 0.000 0.000 0.000 0.000
ASP02A0222_004 0.000 0.000 0.000 0.000 0.000
ASP-1A0222_005 1.000 1.000 1.000 1.000 1.000
LEU01A0223_001 1.000 1.000 1.000 1.000 1.000
SER01A0224_001 0.941 0.942 0.943 0.943 0.942
SER01A0224_002 0.059 0.058 0.057 0.057 0.058
GLN01A0225_001 0.516 0.515 0.515 0.517 0.516
GLN01A0225_002 0.484 0.485 0.485 0.483 0.484
VAL01A0226_001 1.000 1.000 1.000 1.000 1.000
TYR01A0227_001 0.269 0.271 0.270 0.271 0.271
TYR01A0227_002 0.731 0.729 0.730 0.729 0.729
TYR-1A0227_003 0.000 0.000 0.000 0.000 0.000
GLU01A0228_001 0.000 0.000 0.000 0.000 0.000
GLU01A0228_002 0.000 0.000 0.000 0.000 0.000
GLU02A0228_003 0.002 0.002 0.000 0.000 0.002
GLU02A0228_004 0.000 0.000 0.000 0.000 0.000
GLU-1A0228_005 0.998 0.998 1.000 1.000 0.998
LEU01A0229_001 1.000 1.000 1.000 1.000 1.000
LEU01A0230_001 1.000 1.000 1.000 1.000 1.000
GLU01A0231_001 0.001 0.001 0.001 0.001 0.001
GLU01A0231_002 0.015 0.016 0.016 0.016 0.016
GLU02A0231_003 0.000 0.000 0.000 0.000 0.000
GLU02A0231_004 0.010 0.011 0.011 0.011 0.011
GLU-1A0231_005 0.973 0.972 0.972 0.972 0.972
LYS01A0232_001 0.000 0.000 0.000 0.000 0.000
LYS+1A0232_002 1.000 1.000 1.000 1.000 1.000
ASP01A0233_001 0.000 0.000 0.000 0.000 0.000
ASP01A0233_002 0.000 0.000 0.000 0.000 0.000
ASP02A0233_003 0.000 0.000 0.000 0.000 0.000
ASP02A0233_004 0.000 0.000 0.000 0.000 0.000
ASP-1A0233_005 1.000 1.000 1.000 1.000 1.000
TYR01A0234_001 1.000 1.000 1.000 1.000 1.000
TYR-1A0234_002 0.000 0.000 0.000 0.000 0.000
ARG01A0235_001 0.000 0.000 0.000 0.000 0.000
ARG02A0235_002 0.000 0.000 0.000 0.000 0.000
ARG02A0235_003 0.000 0.000 0.000 0.000 0.000
ARG03A0235_004 0.000 0.000 0.000 0.000 0.000
ARG+1A0235_005 1.000 1.000 1.000 1.000 1.000
MET01A0236_001 1.000 1.000 1.000 1.000 1.000
GLU01A0237_001 0.000 0.000 0.000 0.000 0.000
GLU01A0237_002 0.000 0.000 0.000 0.000 0.000
GLU02A0237_003 0.000 0.000 0.000 0.000 0.000
GLU02A0237_004 0.000 0.000 0.000 0.000 0.001
GLU-1A0237_005 1.000 1.000 1.000 1.000 0.999
ARG01A0238_001 0.000 0.000 0.000 0.000 0.000
ARG02A0238_002 0.000 0.000 0.000 0.000 0.000
ARG03A0238_003 0.000 0.000 0.000 0.000 0.000
ARG+1A0238_004 1.000 1.000 1.000 1.000 1.000
PRO01A0239_001 1.000 1.000 1.000 1.000 1.000
GLU01A0240_001 0.000 0.000 0.000 0.000 0.000
GLU01A0240_002 0.000 0.000 0.000 0.000 0.000
GLU02A0240_003 0.000 0.000 0.000 0.000 0.000
GLU02A0240_004 0.000 0.000 0.000 0.000 0.000
GLU-1A0240_005 1.000 1.000 1.000 1.000 1.000
CYS01A0242_001 0.370 0.370 0.371 0.370 0.371
CYS01A0242_002 0.462 0.464 0.463 0.463 0.462
CYS01A0242_003 0.167 0.166 0.166 0.167 0.167
CYS-1A0242_004 0.000 0.000 0.000 0.000 0.000
PRO01A0243_001 1.000 1.000 1.000 1.000 1.000
GLU01A0244_001 0.000 0.000 0.000 0.000 0.000
GLU01A0244_002 0.007 0.008 0.007 0.007 0.007
GLU02A0244_003 0.000 0.000 0.000 0.000 0.000
GLU02A0244_004 0.000 0.000 0.000 0.000 0.000
GLU-1A0244_005 0.993 0.992 0.992 0.993 0.993
LYS01A0245_001 0.003 0.003 0.003 0.003 0.003
LYS+1A0245_002 0.997 0.997 0.997 0.997 0.997
VAL01A0246_001 1.000 1.000 1.000 1.000 1.000
TYR01A0247_001 0.995 0.995 0.995 0.995 0.995
TYR01A0247_002 0.005 0.005 0.005 0.005 0.005
TYR-1A0247_003 0.000 0.000 0.000 0.000 0.000
GLU01A0248_001 0.000 0.000 0.000 0.000 0.000
GLU01A0248_002 0.003 0.003 0.003 0.003 0.003
GLU02A0248_003 0.000 0.000 0.000 0.000 0.000
GLU02A0248_004 0.014 0.013 0.014 0.014 0.014
GLU-1A0248_005 0.983 0.983 0.983 0.983 0.983
LEU01A0249_001 1.000 1.000 1.000 1.000 1.000
MET01A0250_001 1.000 1.000 1.000 1.000 1.000
ARG01A0251_001 0.000 0.000 0.000 0.000 0.000
ARG02A0251_002 0.000 0.000 0.000 0.000 0.000
ARG02A0251_003 0.000 0.000 0.000 0.000 0.000
ARG03A0251_004 0.000 0.000 0.000 0.000 0.000
ARG+1A0251_005 1.000 1.000 1.000 1.000 1.000
ALA01A0252_001 1.000 1.000 1.000 1.000 1.000
CYS01A0253_001 0.215 0.216 0.217 0.217 0.217
CYS01A0253_002 0.585 0.586 0.584 0.584 0.583
CYS01A0253_003 0.199 0.198 0.199 0.200 0.200
CYS-1A0253_004 0.000 0.000 0.000 0.000 0.000
TRP01A0254_001 1.000 1.000 1.000 1.000 1.000
GLN01A0255_001 0.569 0.567 0.570 0.569 0.569
GLN01A0255_002 0.431 0.433 0.430 0.431 0.431
TRP01A0256_001 1.000 1.000 1.000 1.000 1.000
ASN01A0257_001 0.000 0.000 0.000 0.000 0.000
ASN01A0257_002 1.000 1.000 1.000 1.000 1.000
PRO01A0258_001 1.000 1.000 1.000 1.000 1.000
SER01A0259_001 0.053 0.053 0.053 0.052 0.053
SER01A0259_002 0.947 0.947 0.947 0.948 0.947
ASP01A0260_001 0.000 0.000 0.000 0.000 0.000
ASP01A0260_002 0.002 0.002 0.002 0.002 0.002
ASP02A0260_003 0.000 0.000 0.000 0.000 0.000
ASP02A0260_004 0.000 0.000 0.000 0.000 0.000
ASP-1A0260_005 0.998 0.998 0.998 0.998 0.998
ARG01A0261_001 0.000 0.000 0.000 0.000 0.000
ARG02A0261_002 0.000 0.000 0.000 0.000 0.000
ARG02A0261_003 0.000 0.000 0.000 0.000 0.000
ARG03A0261_004 0.000 0.000 0.000 0.000 0.000
ARG03A0261_005 0.000 0.000 0.000 0.000 0.000
ARG+1A0261_006 1.000 1.000 1.000 1.000 1.000
PRO01A0262_001 1.000 1.000 1.000 1.000 1.000
SER01A0263_001 0.087 0.089 0.088 0.088 0.088
SER01A0263_002 0.000 0.000 0.000 0.000 0.000
SER01A0263_003 0.913 0.911 0.912 0.912 0.912
PHE01A0264_001 1.000 1.000 1.000 1.000 1.000
ALA01A0265_001 1.000 1.000 1.000 1.000 1.000
GLU01A0266_001 0.000 0.000 0.000 0.000 0.000
GLU01A0266_002 0.001 0.000 0.000 0.000 0.000
GLU02A0266_003 0.000 0.000 0.000 0.000 0.000
GLU02A0266_004 0.000 0.000 0.000 0.000 0.000
GLU-1A0266_005 0.999 1.000 1.000 1.000 1.000
ILE01A0267_001 1.000 1.000 1.000 1.000 1.000
HIS01A0268_001 0.004 0.004 0.004 0.004 0.004
HIS01A0268_002 0.043 0.044 0.044 0.042 0.043
HIS02A0268_003 0.024 0.023 0.023 0.023 0.023
HIS02A0268_004 0.320 0.318 0.319 0.322 0.316
HIS+1A0268_005 0.095 0.095 0.095 0.096 0.096
HIS+1A0268_006 0.513 0.515 0.514 0.513 0.517
GLN01A0269_001 0.286 0.286 0.288 0.290 0.290
GLN01A0269_002 0.714 0.714 0.712 0.710 0.710
ALA01A0270_001 1.000 1.000 1.000 1.000 1.000
PHE01A0271_001 1.000 1.000 1.000 1.000 1.000
GLU01A0272_001 0.000 0.000 0.000 0.000 0.000
GLU01A0272_002 0.002 0.002 0.002 0.002 0.002
GLU02A0272_003 0.000 0.000 0.000 0.000 0.000
GLU02A0272_004 0.002 0.002 0.002 0.002 0.002
GLU-1A0272_005 0.996 0.996 0.996 0.996 0.996
THR01A0273_001 0.302 0.301 0.303 0.305 0.305
THR01A0273_002 0.698 0.699 0.697 0.695 0.695
MET01A0274_001 1.000 1.000 1.000 1.000 1.000
PHE01A0275_001 1.000 1.000 1.000 1.000 1.000
GLN01A0276_001 1.000 1.000 1.000 1.000 1.000
GLU01A0277_001 0.000 0.000 0.000 0.000 0.000
GLU01A0277_002 0.006 0.006 0.006 0.006 0.006
GLU02A0277_003 0.000 0.000 0.000 0.000 0.000
GLU02A0277_004 0.021 0.021 0.021 0.020 0.020
GLU-1A0277_005 0.973 0.973 0.973 0.974 0.974
SER01A0278_001 0.919 0.919 0.919 0.919 0.918
SER01A0278_002 0.081 0.081 0.081 0.081 0.082
1N1+1B0001_001 0.000 0.000 0.000 0.000 0.000
1N1+1B0001_002 0.000 0.000 0.000 0.000 0.000
1N1+2B0001_003 0.000 0.000 0.000 0.000 0.000
1N101B0001_004 0.000 0.000 0.000 0.000 0.000
1N1+3B0001_005 0.004 0.004 0.004 0.004 0.004
1N1+3B0001_006 0.005 0.005 0.005 0.005 0.005
1N1+3B0001_007 0.343 0.342 0.344 0.345 0.343
1N1+3B0001_008 0.225 0.225 0.223 0.223 0.222
1N1+3B0001_009 0.020 0.020 0.019 0.019 0.019
1N1+3B0001_010 0.008 0.008 0.008 0.008 0.008
1N1+3B0001_011 0.000 0.000 0.000 0.000 0.000
1N1+3B0001_012 0.395 0.397 0.397 0.396 0.399
1N102B0001_013 0.000 0.000 0.000 0.000 0.000
1N1+4B0001_014 0.000 0.000 0.000 0.000 0.000
1N103B0001_015 0.000 0.000 0.000 0.000 0.000
1N103B0001_016 0.000 0.000 0.000 0.000 0.000
1N103B0001_017 0.000 0.000 0.000 0.000 0.000
1N104B0001_018 0.000 0.000 0.000 0.000 0.000
1N104B0001_019 0.000 0.000 0.000 0.000 0.000
1N105B0001_020 0.000 0.000 0.000 0.000 0.000
1N105B0001_021 0.000 0.000 0.000 0.000 0.000
1N106B0001_022 0.000 0.000 0.000 0.000 0.000
1N106B0001_023 0.000 0.000 0.000 0.000 0.000
1N106B0001_024 0.000 0.000 0.000 0.000 0.000
1N1DMB0001_025 0.000 0.000 0.000 0.000 0.000
