 ph              7.4   7.4   7.4   7.4   7.4
TYR01A0001_001 0.996 0.996 0.996 0.995 0.996
TYR-1A0001_002 0.004 0.004 0.004 0.005 0.004
GLU01A0002_001 0.000 0.000 0.000 0.000 0.000
GLU01A0002_002 0.001 0.000 0.000 0.000 0.001
GLU02A0002_003 0.000 0.000 0.000 0.000 0.000
GLU02A0002_004 0.001 0.000 0.000 0.002 0.002
GLU-1A0002_005 0.998 1.000 1.000 0.998 0.997
LEU01A0003_001 1.000 1.000 1.000 1.000 1.000
PRO01A0004_001 1.000 1.000 1.000 1.000 1.000
GLU01A0005_001 0.000 0.000 0.000 0.000 0.000
GLU01A0005_002 0.009 0.009 0.009 0.009 0.010
GLU02A0005_003 0.000 0.000 0.000 0.000 0.000
GLU02A0005_004 0.013 0.012 0.013 0.013 0.013
GLU-1A0005_005 0.978 0.978 0.978 0.978 0.977
ASP01A0006_001 0.000 0.000 0.000 0.000 0.000
ASP01A0006_002 0.000 0.000 0.000 0.000 0.000
ASP02A0006_003 0.000 0.000 0.000 0.000 0.000
ASP02A0006_004 0.000 0.000 0.000 0.000 0.000
ASP-1A0006_005 1.000 1.000 1.000 1.000 1.000
PRO01A0007_001 1.000 1.000 1.000 1.000 1.000
ARG01A0008_001 0.000 0.000 0.000 0.000 0.000
ARG02A0008_002 0.000 0.000 0.000 0.000 0.000
ARG03A0008_003 0.000 0.000 0.000 0.000 0.000
ARG03A0008_004 0.000 0.000 0.000 0.000 0.000
ARG+1A0008_005 1.000 1.000 1.000 1.000 1.000
TRP01A0009_001 1.000 1.000 1.000 1.000 1.000
GLU01A0010_001 0.000 0.000 0.000 0.000 0.000
GLU01A0010_002 0.000 0.000 0.000 0.000 0.000
GLU02A0010_003 0.000 0.000 0.000 0.000 0.000
GLU02A0010_004 0.000 0.000 0.000 0.000 0.000
GLU-1A0010_005 1.000 1.000 1.000 1.000 1.000
LEU01A0011_001 1.000 1.000 1.000 1.000 1.000
PRO01A0012_001 1.000 1.000 1.000 1.000 1.000
ARG01A0013_001 0.000 0.000 0.000 0.000 0.000
ARG02A0013_002 0.000 0.000 0.000 0.000 0.000
ARG03A0013_003 0.000 0.000 0.000 0.000 0.000
ARG03A0013_004 0.000 0.000 0.000 0.000 0.000
ARG+1A0013_005 1.000 1.000 1.000 1.000 1.000
ASP01A0014_001 0.000 0.000 0.000 0.000 0.000
ASP01A0014_002 0.000 0.000 0.000 0.000 0.000
ASP02A0014_003 0.000 0.000 0.000 0.000 0.000
ASP02A0014_004 0.000 0.000 0.000 0.000 0.000
ASP-1A0014_005 1.000 1.000 1.000 1.000 1.000
ARG01A0015_001 0.000 0.000 0.000 0.000 0.000
ARG02A0015_002 0.000 0.000 0.000 0.000 0.000
ARG03A0015_003 0.000 0.000 0.000 0.000 0.000
ARG03A0015_004 0.000 0.000 0.000 0.000 0.000
ARG+1A0015_005 1.000 1.000 1.000 1.000 1.000
LEU01A0016_001 1.000 1.000 1.000 1.000 1.000
VAL01A0017_001 1.000 1.000 1.000 1.000 1.000
LEU01A0018_001 1.000 1.000 1.000 1.000 1.000
LYS01A0020_001 0.028 0.032 0.031 0.030 0.030
LYS+1A0020_002 0.972 0.968 0.969 0.970 0.970
PRO01A0021_001 1.000 1.000 1.000 1.000 1.000
LEU01A0022_001 1.000 1.000 1.000 1.000 1.000
GLU01A0024_001 0.000 0.000 0.000 0.000 0.000
GLU01A0024_002 0.000 0.000 0.000 0.001 0.000
GLU02A0024_003 0.000 0.000 0.000 0.000 0.000
GLU02A0024_004 0.000 0.000 0.000 0.001 0.001
GLU-1A0024_005 1.000 1.000 1.000 0.999 0.999
ALA01A0026_001 1.000 1.000 1.000 1.000 1.000
PHE01A0027_001 1.000 1.000 1.000 1.000 1.000
GLN01A0029_001 0.420 0.424 0.430 0.428 0.431
GLN01A0029_002 0.580 0.576 0.570 0.572 0.569
VAL01A0030_001 1.000 1.000 1.000 1.000 1.000
VAL01A0031_001 1.000 1.000 1.000 1.000 1.000
LEU01A0032_001 1.000 1.000 1.000 1.000 1.000
ALA01A0033_001 1.000 1.000 1.000 1.000 1.000
GLU01A0034_001 0.000 0.000 0.000 0.000 0.000
GLU01A0034_002 0.000 0.000 0.000 0.000 0.000
GLU02A0034_003 0.000 0.000 0.000 0.000 0.000
GLU02A0034_004 0.000 0.000 0.000 0.000 0.000
GLU-1A0034_005 1.000 1.000 1.000 1.000 1.000
ALA01A0035_001 1.000 1.000 1.000 1.000 1.000
ILE01A0036_001 1.000 1.000 1.000 1.000 1.000
LEU01A0038_001 1.000 1.000 1.000 1.000 1.000
ASP01A0039_001 0.000 0.000 0.000 0.000 0.000
ASP01A0039_002 0.000 0.000 0.000 0.000 0.002
ASP02A0039_003 0.000 0.000 0.000 0.000 0.000
ASP02A0039_004 0.000 0.000 0.000 0.000 0.000
ASP-1A0039_005 1.000 1.000 1.000 1.000 0.998
LYS01A0040_001 0.000 0.000 0.000 0.000 0.000
LYS+1A0040_002 1.000 1.000 1.000 1.000 1.000
ASP01A0041_001 0.000 0.000 0.000 0.000 0.000
ASP01A0041_002 0.000 0.000 0.000 0.000 0.000
ASP02A0041_003 0.000 0.000 0.000 0.000 0.000
ASP02A0041_004 0.000 0.000 0.000 0.000 0.000
ASP-1A0041_005 1.000 1.000 1.000 1.000 1.000
LYS01A0042_001 0.013 0.013 0.014 0.012 0.013
LYS+1A0042_002 0.987 0.987 0.986 0.988 0.987
PRO01A0043_001 1.000 1.000 1.000 1.000 1.000
ASN01A0044_001 0.375 0.372 0.376 0.370 0.372
ASN01A0044_002 0.625 0.628 0.624 0.630 0.628
ARG01A0045_001 0.000 0.000 0.000 0.000 0.000
ARG02A0045_002 0.000 0.000 0.000 0.000 0.000
ARG02A0045_003 0.000 0.000 0.000 0.000 0.000
ARG03A0045_004 0.000 0.000 0.000 0.000 0.000
ARG+1A0045_005 1.000 1.000 1.000 1.000 1.000
VAL01A0046_001 1.000 1.000 1.000 1.000 1.000
THR01A0047_001 0.186 0.192 0.194 0.191 0.192
THR01A0047_002 0.814 0.808 0.806 0.809 0.808
LYS01A0048_001 0.000 0.000 0.000 0.000 0.000
LYS+1A0048_002 1.000 1.000 1.000 1.000 1.000
VAL01A0049_001 1.000 1.000 1.000 1.000 1.000
ALA01A0050_001 1.000 1.000 1.000 1.000 1.000
VAL01A0051_001 1.000 1.000 1.000 1.000 1.000
LYS01A0052_001 0.000 0.000 0.000 0.000 0.000
LYS+1A0052_002 1.000 1.000 1.000 1.000 1.000
MET01A0053_001 1.000 1.000 1.000 1.000 1.000
LEU01A0054_001 1.000 1.000 1.000 1.000 1.000
LYS01A0055_001 0.000 0.000 0.000 0.000 0.000
LYS+1A0055_002 1.000 1.000 1.000 1.000 1.000
SER01A0056_001 1.000 1.000 1.000 1.000 1.000
ASP01A0057_001 0.000 0.000 0.000 0.000 0.000
ASP01A0057_002 0.000 0.000 0.000 0.000 0.000
ASP02A0057_003 0.000 0.000 0.000 0.000 0.000
ASP02A0057_004 0.000 0.000 0.000 0.000 0.000
ASP-1A0057_005 1.000 1.000 1.000 1.000 1.000
ALA01A0058_001 1.000 1.000 1.000 1.000 1.000
THR01A0059_001 1.000 0.999 1.000 1.000 1.000
THR01A0059_002 0.000 0.001 0.000 0.000 0.000
GLU01A0060_001 0.000 0.000 0.000 0.000 0.000
GLU01A0060_002 0.000 0.000 0.000 0.002 0.001
GLU02A0060_003 0.000 0.000 0.000 0.000 0.000
GLU02A0060_004 0.000 0.000 0.001 0.000 0.000
GLU-1A0060_005 1.000 1.000 0.999 0.998 0.999
LYS01A0061_001 0.000 0.000 0.000 0.001 0.000
LYS+1A0061_002 1.000 1.000 1.000 0.999 1.000
ASP01A0062_001 0.000 0.000 0.000 0.000 0.000
ASP01A0062_002 0.000 0.000 0.000 0.000 0.000
ASP02A0062_003 0.000 0.000 0.000 0.000 0.000
ASP02A0062_004 0.000 0.000 0.000 0.000 0.000
ASP-1A0062_005 1.000 1.000 1.000 1.000 1.000
LEU01A0063_001 1.000 1.000 1.000 1.000 1.000
SER01A0064_001 0.220 0.220 0.218 0.219 0.215
SER01A0064_002 0.780 0.780 0.782 0.781 0.785
ASP01A0065_001 0.000 0.000 0.000 0.000 0.000
ASP01A0065_002 0.002 0.002 0.002 0.000 0.003
ASP02A0065_003 0.000 0.000 0.000 0.000 0.000
ASP02A0065_004 0.002 0.002 0.002 0.000 0.000
ASP-1A0065_005 0.997 0.996 0.996 1.000 0.997
LEU01A0066_001 1.000 1.000 1.000 1.000 1.000
ILE01A0067_001 1.000 1.000 1.000 1.000 1.000
SER01A0068_001 0.126 0.130 0.130 0.130 0.132
SER01A0068_002 0.874 0.870 0.870 0.870 0.868
GLU01A0069_001 0.000 0.000 0.000 0.000 0.000
GLU01A0069_002 0.000 0.000 0.000 0.000 0.000
GLU02A0069_003 0.000 0.000 0.000 0.000 0.000
GLU02A0069_004 0.000 0.000 0.000 0.000 0.000
GLU-1A0069_005 1.000 1.000 1.000 1.000 1.000
MET01A0070_001 1.000 1.000 1.000 1.000 1.000
GLU01A0071_001 0.000 0.000 0.000 0.000 0.000
GLU01A0071_002 0.000 0.000 0.000 0.000 0.000
GLU02A0071_003 0.000 0.000 0.000 0.000 0.000
GLU02A0071_004 0.000 0.000 0.000 0.000 0.000
GLU-1A0071_005 1.000 1.000 1.000 1.000 1.000
MET01A0072_001 1.000 1.000 1.000 1.000 1.000
MET01A0073_001 1.000 1.000 1.000 1.000 1.000
LYS01A0074_001 0.000 0.000 0.000 0.000 0.000
LYS+1A0074_002 1.000 1.000 1.000 1.000 1.000
MET01A0075_001 1.000 1.000 1.000 1.000 1.000
ILE01A0076_001 1.000 1.000 1.000 1.000 1.000
LYS01A0078_001 0.007 0.007 0.009 0.008 0.008
LYS+1A0078_002 0.993 0.993 0.991 0.992 0.992
HIS01A0079_001 1.000 1.000 1.000 1.000 1.000
HIS02A0079_002 0.000 0.000 0.000 0.000 0.000
HIS+1A0079_003 0.000 0.000 0.000 0.000 0.000
LYS01A0080_001 0.003 0.003 0.003 0.003 0.003
LYS+1A0080_002 0.997 0.997 0.997 0.997 0.997
ASN01A0081_001 1.000 1.000 1.000 1.000 1.000
ASN01A0081_002 0.000 0.000 0.000 0.000 0.000
ILE01A0082_001 1.000 1.000 1.000 1.000 1.000
ILE01A0083_001 1.000 1.000 1.000 1.000 1.000
ASN01A0084_001 1.000 1.000 1.000 1.000 1.000
ASN01A0084_002 0.000 0.000 0.000 0.000 0.000
LEU01A0085_001 1.000 1.000 1.000 1.000 1.000
LEU01A0086_001 1.000 1.000 1.000 1.000 1.000
ALA01A0088_001 1.000 1.000 1.000 1.000 1.000
CYS01A0089_001 0.851 0.847 0.849 0.851 0.849
CYS01A0089_002 0.047 0.050 0.051 0.050 0.047
CYS01A0089_003 0.102 0.103 0.099 0.099 0.104
CYS-1A0089_004 0.000 0.000 0.000 0.000 0.000
THR01A0090_001 0.990 0.991 0.992 0.993 0.990
THR01A0090_002 0.010 0.009 0.008 0.007 0.010
GLN01A0091_001 0.910 0.908 0.910 0.913 0.907
GLN01A0091_002 0.090 0.092 0.090 0.087 0.093
ASP01A0092_001 0.000 0.000 0.000 0.000 0.000
ASP01A0092_002 0.002 0.000 0.000 0.000 0.004
ASP02A0092_003 0.000 0.000 0.000 0.000 0.000
ASP02A0092_004 0.001 0.000 0.000 0.000 0.000
ASP-1A0092_005 0.998 1.000 1.000 1.000 0.996
PRO01A0094_001 1.000 1.000 1.000 1.000 1.000
LEU01A0095_001 1.000 1.000 1.000 1.000 1.000
TYR01A0096_001 1.000 1.000 1.000 1.000 1.000
TYR-1A0096_002 0.000 0.000 0.000 0.000 0.000
VAL01A0097_001 1.000 1.000 1.000 1.000 1.000
ILE01A0098_001 1.000 1.000 1.000 1.000 1.000
VAL01A0099_001 1.000 1.000 1.000 1.000 1.000
GLU01A0100_001 0.000 0.000 0.000 0.000 0.000
GLU01A0100_002 0.000 0.000 0.000 0.000 0.000
GLU02A0100_003 0.000 0.000 0.000 0.000 0.000
GLU02A0100_004 0.000 0.000 0.000 0.000 0.000
GLU-1A0100_005 1.000 1.000 1.000 1.000 1.000
TYR01A0101_001 1.000 1.000 1.000 1.000 1.000
TYR-1A0101_002 0.000 0.000 0.000 0.000 0.000
ALA01A0102_001 1.000 1.000 1.000 1.000 1.000
SER01A0103_001 0.000 0.002 0.000 0.002 0.002
SER01A0103_002 0.010 0.012 0.010 0.010 0.010
SER01A0103_003 0.990 0.986 0.990 0.988 0.988
LYS01A0104_001 0.000 0.000 0.000 0.000 0.000
LYS+1A0104_002 1.000 1.000 1.000 1.000 1.000
ASN01A0106_001 1.000 1.000 1.000 1.000 1.000
ASN01A0106_002 0.000 0.000 0.000 0.000 0.000
LEU01A0107_001 1.000 1.000 1.000 1.000 1.000
ARG01A0108_001 0.002 0.001 0.000 0.003 0.000
ARG02A0108_002 0.000 0.000 0.000 0.000 0.000
ARG03A0108_003 0.000 0.000 0.000 0.000 0.000
ARG+1A0108_004 0.998 0.999 1.000 0.997 1.000
GLU01A0109_001 0.000 0.000 0.000 0.000 0.000
GLU01A0109_002 0.000 0.000 0.000 0.000 0.000
GLU02A0109_003 0.000 0.000 0.000 0.000 0.000
GLU02A0109_004 0.000 0.000 0.000 0.000 0.000
GLU-1A0109_005 1.000 1.000 1.000 1.000 1.000
TYR01A0110_001 0.568 0.569 0.568 0.572 0.572
TYR01A0110_002 0.432 0.431 0.432 0.428 0.428
TYR-1A0110_003 0.000 0.000 0.000 0.000 0.000
LEU01A0111_001 1.000 1.000 1.000 1.000 1.000
GLN01A0112_001 0.798 0.797 0.795 0.796 0.799
GLN01A0112_002 0.202 0.203 0.205 0.204 0.201
ALA01A0113_001 1.000 1.000 1.000 1.000 1.000
ARG01A0114_001 0.000 0.000 0.000 0.000 0.000
ARG02A0114_002 0.000 0.000 0.000 0.000 0.000
ARG03A0114_003 0.000 0.000 0.000 0.000 0.000
ARG+1A0114_004 1.000 1.000 1.000 1.000 1.000
ARG01A0115_001 0.000 0.000 0.000 0.000 0.000
ARG02A0115_002 0.000 0.000 0.000 0.000 0.000
ARG03A0115_003 0.000 0.000 0.000 0.000 0.000
ARG+1A0115_004 1.000 1.000 1.000 1.000 1.000
PRO01A0116_001 1.000 1.000 1.000 1.000 1.000
PRO01A0117_001 1.000 1.000 1.000 1.000 1.000
LEU01A0119_001 1.000 1.000 1.000 1.000 1.000
GLU01A0120_001 0.000 0.000 0.000 0.000 0.000
GLU01A0120_002 0.005 0.004 0.004 0.005 0.004
GLU02A0120_003 0.000 0.000 0.000 0.000 0.000
GLU02A0120_004 0.144 0.151 0.135 0.129 0.149
GLU-1A0120_005 0.851 0.846 0.861 0.866 0.847
TYR01A0121_001 0.425 0.420 0.427 0.423 0.425
TYR01A0121_002 0.575 0.580 0.572 0.577 0.575
TYR-1A0121_003 0.000 0.000 0.001 0.000 0.000
SER01A0122_001 0.558 0.561 0.559 0.565 0.558
SER01A0122_002 0.007 0.006 0.009 0.007 0.008
SER01A0122_003 0.436 0.433 0.432 0.428 0.434
TYR01A0123_001 0.252 0.259 0.257 0.254 0.260
TYR01A0123_002 0.336 0.335 0.334 0.332 0.339
TYR-1A0123_003 0.412 0.406 0.409 0.414 0.401
ASN01A0124_001 0.710 0.710 0.709 0.717 0.711
ASN01A0124_002 0.290 0.290 0.291 0.283 0.289
PRO01A0125_001 1.000 1.000 1.000 1.000 1.000
SER01A0126_001 1.000 1.000 1.000 1.000 1.000
HIS01A0127_001 0.462 0.473 0.480 0.472 0.471
HIS01A0127_002 0.082 0.078 0.074 0.078 0.078
HIS02A0127_003 0.034 0.036 0.034 0.036 0.033
HIS02A0127_004 0.309 0.307 0.311 0.303 0.315
HIS+1A0127_005 0.056 0.051 0.049 0.056 0.050
HIS+1A0127_006 0.056 0.055 0.051 0.055 0.053
ASN01A0128_001 0.000 0.000 0.000 0.000 0.000
ASN01A0128_002 1.000 1.000 1.000 1.000 1.000
PRO01A0129_001 1.000 1.000 1.000 1.000 1.000
GLU01A0130_001 0.000 0.000 0.000 0.000 0.000
GLU01A0130_002 0.000 0.000 0.000 0.000 0.000
GLU02A0130_003 0.000 0.000 0.000 0.000 0.000
GLU02A0130_004 0.000 0.000 0.000 0.000 0.000
GLU-1A0130_005 1.000 1.000 1.000 1.000 1.000
GLU01A0131_001 0.000 0.000 0.000 0.000 0.000
GLU01A0131_002 0.000 0.000 0.000 0.000 0.000
GLU02A0131_003 0.000 0.000 0.000 0.000 0.000
GLU02A0131_004 0.000 0.000 0.000 0.001 0.000
GLU-1A0131_005 1.000 1.000 1.000 0.999 1.000
GLN01A0132_001 0.031 0.028 0.030 0.033 0.028
GLN01A0132_002 0.969 0.972 0.970 0.967 0.972
LEU01A0133_001 1.000 1.000 1.000 1.000 1.000
SER01A0134_001 0.994 0.994 0.994 0.993 0.993
SER01A0134_002 0.006 0.006 0.006 0.007 0.007
SER01A0135_001 0.518 0.524 0.523 0.525 0.517
SER01A0135_002 0.482 0.476 0.477 0.475 0.483
LYS01A0136_001 0.000 0.000 0.000 0.000 0.000
LYS+1A0136_002 1.000 1.000 1.000 1.000 1.000
ASP01A0137_001 0.000 0.000 0.000 0.000 0.000
ASP01A0137_002 0.000 0.000 0.000 0.000 0.000
ASP02A0137_003 0.000 0.000 0.000 0.000 0.000
ASP02A0137_004 0.000 0.000 0.000 0.000 0.000
ASP-1A0137_005 1.000 1.000 1.000 1.000 1.000
LEU01A0138_001 1.000 1.000 1.000 1.000 1.000
VAL01A0139_001 1.000 1.000 1.000 1.000 1.000
SER01A0140_001 0.003 0.003 0.000 0.003 0.003
SER01A0140_002 0.997 0.997 1.000 0.997 0.997
CYS01A0141_001 0.301 0.301 0.297 0.300 0.292
CYS01A0141_002 0.468 0.462 0.472 0.464 0.474
CYS01A0141_003 0.231 0.237 0.231 0.236 0.234
CYS-1A0141_004 0.000 0.000 0.000 0.000 0.000
ALA01A0142_001 1.000 1.000 1.000 1.000 1.000
TYR01A0143_001 1.000 1.000 1.000 1.000 1.000
TYR-1A0143_002 0.000 0.000 0.000 0.000 0.000
GLN01A0144_001 1.000 1.000 1.000 1.000 1.000
GLN01A0144_002 0.000 0.000 0.000 0.000 0.000
VAL01A0145_001 1.000 1.000 1.000 1.000 1.000
ALA01A0146_001 1.000 1.000 1.000 1.000 1.000
ARG01A0147_001 0.000 0.000 0.000 0.000 0.000
ARG02A0147_002 0.000 0.000 0.000 0.000 0.000
ARG03A0147_003 0.000 0.000 0.000 0.000 0.000
ARG03A0147_004 0.000 0.000 0.000 0.000 0.000
ARG+1A0147_005 1.000 1.000 1.000 1.000 1.000
MET01A0149_001 1.000 1.000 1.000 1.000 1.000
GLU01A0150_001 0.000 0.000 0.000 0.000 0.000
GLU01A0150_002 0.000 0.000 0.001 0.001 0.000
GLU02A0150_003 0.000 0.000 0.000 0.000 0.000
GLU02A0150_004 0.000 0.003 0.002 0.002 0.004
GLU-1A0150_005 1.000 0.997 0.996 0.996 0.996
TYR01A0151_001 0.041 0.042 0.041 0.042 0.045
TYR01A0151_002 0.959 0.958 0.959 0.958 0.955
TYR-1A0151_003 0.000 0.000 0.000 0.000 0.000
LEU01A0152_001 1.000 1.000 1.000 1.000 1.000
ALA01A0153_001 1.000 1.000 1.000 1.000 1.000
SER01A0154_001 0.990 0.988 0.988 0.989 0.989
SER01A0154_002 0.010 0.012 0.012 0.011 0.011
LYS01A0155_001 0.000 0.000 0.000 0.000 0.000
LYS+1A0155_002 1.000 1.000 1.000 1.000 1.000
LYS01A0156_001 0.000 0.000 0.000 0.000 0.000
LYS+1A0156_002 1.000 1.000 1.000 1.000 1.000
CYS01A0157_001 0.521 0.524 0.518 0.526 0.511
CYS01A0157_002 0.000 0.000 0.000 0.000 0.000
CYS01A0157_003 0.479 0.476 0.482 0.474 0.489
CYS-1A0157_004 0.000 0.000 0.000 0.000 0.000
ILE01A0158_001 1.000 1.000 1.000 1.000 1.000
HIS01A0159_001 1.000 1.000 1.000 1.000 1.000
HIS02A0159_002 0.000 0.000 0.000 0.000 0.000
HIS+1A0159_003 0.000 0.000 0.000 0.000 0.000
ARG01A0160_001 0.000 0.000 0.000 0.000 0.000
ARG02A0160_002 0.000 0.000 0.000 0.000 0.000
ARG02A0160_003 0.000 0.000 0.000 0.000 0.000
ARG03A0160_004 0.000 0.000 0.000 0.000 0.000
ARG+1A0160_005 1.000 1.000 1.000 1.000 1.000
ASP01A0161_001 0.000 0.000 0.000 0.000 0.000
ASP01A0161_002 0.000 0.000 0.000 0.000 0.000
ASP02A0161_003 0.000 0.000 0.000 0.000 0.000
ASP02A0161_004 0.000 0.000 0.000 0.000 0.000
ASP-1A0161_005 1.000 1.000 1.000 1.000 1.000
LEU01A0162_001 1.000 1.000 1.000 1.000 1.000
ALA01A0163_001 1.000 1.000 1.000 1.000 1.000
ALA01A0164_001 1.000 1.000 1.000 1.000 1.000
ARG01A0165_001 0.000 0.000 0.000 0.000 0.000
ARG02A0165_002 0.000 0.000 0.000 0.000 0.000
ARG03A0165_003 0.000 0.000 0.000 0.000 0.000
ARG03A0165_004 0.000 0.000 0.000 0.000 0.000
ARG+1A0165_005 1.000 1.000 1.000 1.000 1.000
ASN01A0166_001 1.000 1.000 1.000 1.000 1.000
ASN01A0166_002 0.000 0.000 0.000 0.000 0.000
VAL01A0167_001 1.000 1.000 1.000 1.000 1.000
LEU01A0168_001 1.000 1.000 1.000 1.000 1.000
VAL01A0169_001 1.000 1.000 1.000 1.000 1.000
THR01A0170_001 1.000 1.000 1.000 1.000 1.000
GLU01A0171_001 0.000 0.000 0.000 0.000 0.000
GLU01A0171_002 0.000 0.000 0.000 0.000 0.000
GLU02A0171_003 0.000 0.000 0.000 0.000 0.000
GLU02A0171_004 0.000 0.000 0.000 0.000 0.000
GLU-1A0171_005 1.000 1.000 1.000 1.000 1.000
ASP01A0172_001 0.000 0.000 0.000 0.000 0.000
ASP01A0172_002 0.000 0.000 0.000 0.000 0.000
ASP02A0172_003 0.000 0.000 0.000 0.000 0.000
ASP02A0172_004 0.000 0.000 0.000 0.000 0.000
ASP-1A0172_005 1.000 1.000 1.000 1.000 1.000
ASN01A0173_001 1.000 1.000 1.000 1.000 1.000
ASN01A0173_002 0.000 0.000 0.000 0.000 0.000
VAL01A0174_001 1.000 1.000 1.000 1.000 1.000
MET01A0175_001 1.000 1.000 1.000 1.000 1.000
LYS01A0176_001 0.000 0.000 0.000 0.000 0.000
LYS+1A0176_002 1.000 1.000 1.000 1.000 1.000
ILE01A0177_001 1.000 1.000 1.000 1.000 1.000
ALA01A0178_001 1.000 1.000 1.000 1.000 1.000
ASP01A0179_001 0.000 0.000 0.000 0.000 0.000
ASP01A0179_002 0.819 0.825 0.829 0.824 0.830
ASP02A0179_003 0.000 0.000 0.000 0.000 0.000
ASP02A0179_004 0.000 0.000 0.000 0.000 0.000
ASP-1A0179_005 0.181 0.175 0.171 0.176 0.170
PHE01A0180_001 1.000 1.000 1.000 1.000 1.000
LEU01A0182_001 1.000 1.000 1.000 1.000 1.000
ALA01A0183_001 1.000 1.000 1.000 1.000 1.000
ARG01A0184_001 0.000 0.000 0.000 0.000 0.000
ARG02A0184_002 0.000 0.000 0.000 0.000 0.000
ARG03A0184_003 0.000 0.000 0.000 0.000 0.000
ARG+1A0184_004 1.000 1.000 1.000 1.000 1.000
ASP01A0185_001 0.000 0.000 0.000 0.000 0.000
ASP01A0185_002 0.000 0.000 0.000 0.000 0.000
ASP02A0185_003 0.000 0.000 0.000 0.000 0.000
ASP02A0185_004 0.000 0.000 0.000 0.000 0.000
ASP-1A0185_005 1.000 1.000 1.000 1.000 1.000
ILE01A0186_001 1.000 1.000 1.000 1.000 1.000
HIS01A0187_001 0.000 0.000 0.000 0.000 0.000
HIS01A0187_002 0.775 0.779 0.770 0.775 0.764
HIS02A0187_003 0.000 0.000 0.000 0.000 0.000
HIS02A0187_004 0.225 0.221 0.230 0.225 0.235
HIS+1A0187_005 0.000 0.000 0.000 0.000 0.000
HIS+1A0187_006 0.000 0.000 0.000 0.000 0.001
HIS01A0188_001 0.000 0.000 0.000 0.000 0.000
HIS01A0188_002 0.000 0.001 0.000 0.000 0.001
HIS02A0188_003 0.051 0.046 0.048 0.050 0.048
HIS02A0188_004 0.914 0.922 0.918 0.915 0.916
HIS+1A0188_005 0.000 0.000 0.000 0.000 0.001
HIS+1A0188_006 0.035 0.031 0.034 0.035 0.035
ILE01A0189_001 1.000 1.000 1.000 1.000 1.000
ASP01A0190_001 0.000 0.000 0.000 0.000 0.000
ASP01A0190_002 0.000 0.000 0.000 0.000 0.000
ASP02A0190_003 0.000 0.000 0.000 0.000 0.000
ASP02A0190_004 0.000 0.000 0.000 0.000 0.000
ASP-1A0190_005 1.000 1.000 1.000 1.000 1.000
TYR01A0191_001 1.000 1.000 1.000 1.000 1.000
TYR-1A0191_002 0.000 0.000 0.000 0.000 0.000
TYR01A0192_001 1.000 0.999 1.000 1.000 1.000
TYR-1A0192_002 0.000 0.001 0.000 0.000 0.000
LYS01A0193_001 0.000 0.000 0.000 0.002 0.002
LYS+1A0193_002 1.000 1.000 1.000 0.998 0.998
LYS01A0194_001 0.004 0.005 0.005 0.005 0.005
LYS+1A0194_002 0.996 0.995 0.995 0.995 0.995
THR01A0195_001 0.650 0.645 0.646 0.648 0.647
THR01A0195_002 0.350 0.355 0.354 0.352 0.353
THR01A0196_001 0.537 0.535 0.533 0.532 0.538
THR01A0196_002 0.463 0.465 0.467 0.468 0.462
ASN01A0197_001 0.011 0.012 0.011 0.011 0.012
ASN01A0197_002 0.989 0.988 0.989 0.989 0.988
ARG01A0199_001 0.000 0.000 0.000 0.000 0.001
ARG02A0199_002 0.000 0.000 0.000 0.000 0.001
ARG03A0199_003 0.000 0.000 0.000 0.000 0.000
ARG+1A0199_004 1.000 1.000 1.000 1.000 0.998
LEU01A0200_001 1.000 1.000 1.000 1.000 1.000
PRO01A0201_001 1.000 1.000 1.000 1.000 1.000
VAL01A0202_001 1.000 1.000 1.000 1.000 1.000
LYS01A0203_001 0.058 0.059 0.059 0.058 0.059
LYS+1A0203_002 0.942 0.941 0.941 0.942 0.941
TRP01A0204_001 1.000 1.000 1.000 1.000 1.000
MET01A0205_001 1.000 1.000 1.000 1.000 1.000
ALA01A0206_001 1.000 1.000 1.000 1.000 1.000
PRO01A0207_001 1.000 1.000 1.000 1.000 1.000
GLU01A0208_001 0.000 0.000 0.000 0.000 0.000
GLU01A0208_002 0.000 0.000 0.000 0.000 0.000
GLU02A0208_003 0.000 0.000 0.000 0.000 0.000
GLU02A0208_004 0.000 0.000 0.000 0.000 0.000
GLU-1A0208_005 1.000 1.000 1.000 1.000 1.000
ALA01A0209_001 1.000 1.000 1.000 1.000 1.000
LEU01A0210_001 1.000 1.000 1.000 1.000 1.000
PHE01A0211_001 1.000 1.000 1.000 1.000 1.000
ASP01A0212_001 0.000 0.000 0.000 0.000 0.000
ASP01A0212_002 0.000 0.000 0.000 0.000 0.001
ASP02A0212_003 0.000 0.000 0.000 0.000 0.000
ASP02A0212_004 0.000 0.000 0.000 0.000 0.001
ASP-1A0212_005 1.000 1.000 1.000 1.000 0.998
ARG01A0213_001 0.000 0.000 0.000 0.000 0.000
ARG02A0213_002 0.000 0.000 0.000 0.000 0.000
ARG03A0213_003 0.000 0.000 0.000 0.000 0.000
ARG+1A0213_004 1.000 1.000 1.000 1.000 1.000
ILE01A0214_001 1.000 1.000 1.000 1.000 1.000
TYR01A0215_001 1.000 1.000 1.000 1.000 1.000
TYR-1A0215_002 0.000 0.000 0.000 0.000 0.000
THR01A0216_001 0.002 0.002 0.003 0.003 0.003
THR01A0216_002 0.998 0.998 0.997 0.997 0.997
HIS01A0217_001 0.019 0.018 0.017 0.017 0.017
HIS01A0217_002 0.462 0.468 0.458 0.468 0.451
HIS02A0217_003 0.463 0.465 0.477 0.465 0.480
HIS02A0217_004 0.036 0.034 0.032 0.035 0.036
HIS+1A0217_005 0.011 0.010 0.010 0.009 0.010
HIS+1A0217_006 0.008 0.005 0.005 0.006 0.006
GLN01A0218_001 0.996 0.996 0.995 0.996 0.996
GLN01A0218_002 0.004 0.004 0.005 0.004 0.004
SER01A0219_001 1.000 1.000 1.000 1.000 1.000
ASP01A0220_001 0.000 0.000 0.000 0.000 0.000
ASP01A0220_002 0.000 0.000 0.000 0.000 0.000
ASP02A0220_003 0.000 0.000 0.000 0.000 0.000
ASP02A0220_004 0.000 0.000 0.000 0.000 0.000
ASP-1A0220_005 1.000 1.000 1.000 1.000 1.000
VAL01A0221_001 1.000 1.000 1.000 1.000 1.000
TRP01A0222_001 1.000 1.000 1.000 1.000 1.000
SER01A0223_001 0.925 0.926 0.924 0.924 0.922
SER01A0223_002 0.075 0.074 0.076 0.076 0.078
PHE01A0224_001 1.000 1.000 1.000 1.000 1.000
VAL01A0226_001 1.000 1.000 1.000 1.000 1.000
LEU01A0227_001 1.000 1.000 1.000 1.000 1.000
LEU01A0228_001 1.000 1.000 1.000 1.000 1.000
TRP01A0229_001 1.000 1.000 1.000 1.000 1.000
GLU01A0230_001 0.000 0.000 0.000 0.000 0.000
GLU01A0230_002 0.000 0.000 0.000 0.000 0.000
GLU02A0230_003 0.000 0.000 0.000 0.000 0.000
GLU02A0230_004 0.000 0.000 0.000 0.000 0.000
GLU-1A0230_005 1.000 1.000 1.000 1.000 1.000
ILE01A0231_001 1.000 1.000 1.000 1.000 1.000
PHE01A0232_001 1.000 1.000 1.000 1.000 1.000
THR01A0233_001 0.741 0.741 0.738 0.743 0.745
THR01A0233_002 0.259 0.259 0.262 0.257 0.255
LEU01A0234_001 1.000 1.000 1.000 1.000 1.000
SER01A0237_001 0.951 0.952 0.952 0.949 0.949
SER01A0237_002 0.049 0.048 0.048 0.051 0.051
PRO01A0238_001 1.000 1.000 1.000 1.000 1.000
TYR01A0239_001 0.537 0.524 0.510 0.530 0.550
TYR01A0239_002 0.463 0.476 0.490 0.470 0.450
TYR-1A0239_003 0.000 0.000 0.000 0.000 0.000
PRO01A0240_001 1.000 1.000 1.000 1.000 1.000
VAL01A0242_001 1.000 1.000 1.000 1.000 1.000
PRO01A0243_001 1.000 1.000 1.000 1.000 1.000
VAL01A0244_001 1.000 1.000 1.000 1.000 1.000
GLU01A0245_001 0.000 0.000 0.000 0.000 0.000
GLU01A0245_002 0.000 0.000 0.000 0.000 0.000
GLU02A0245_003 0.000 0.000 0.000 0.000 0.000
GLU02A0245_004 0.000 0.000 0.000 0.000 0.000
GLU-1A0245_005 1.000 1.000 1.000 1.000 1.000
GLU01A0246_001 0.000 0.000 0.000 0.000 0.000
GLU01A0246_002 0.000 0.000 0.000 0.000 0.000
GLU02A0246_003 0.000 0.000 0.000 0.000 0.000
GLU02A0246_004 0.000 0.000 0.000 0.000 0.000
GLU-1A0246_005 1.000 1.000 1.000 1.000 1.000
LEU01A0247_001 1.000 1.000 1.000 1.000 1.000
PHE01A0248_001 1.000 1.000 1.000 1.000 1.000
LYS01A0249_001 0.000 0.000 0.000 0.000 0.000
LYS+1A0249_002 1.000 1.000 1.000 1.000 1.000
LEU01A0250_001 1.000 1.000 1.000 1.000 1.000
LEU01A0251_001 1.000 1.000 1.000 1.000 1.000
LYS01A0252_001 0.000 0.000 0.000 0.000 0.000
LYS+1A0252_002 1.000 1.000 1.000 1.000 1.000
GLU01A0253_001 0.000 0.000 0.000 0.000 0.000
GLU01A0253_002 0.000 0.000 0.000 0.000 0.000
GLU02A0253_003 0.000 0.000 0.000 0.000 0.000
GLU02A0253_004 0.000 0.000 0.000 0.000 0.000
GLU-1A0253_005 1.000 1.000 1.000 1.000 1.000
HIS01A0255_001 0.576 0.564 0.552 0.570 0.591
HIS01A0255_002 0.031 0.031 0.034 0.032 0.029
HIS02A0255_003 0.381 0.387 0.400 0.382 0.364
HIS02A0255_004 0.012 0.013 0.013 0.012 0.012
HIS+1A0255_005 0.000 0.005 0.000 0.004 0.004
HIS+1A0255_006 0.000 0.000 0.001 0.000 0.000
ARG01A0256_001 0.000 0.000 0.000 0.000 0.000
ARG02A0256_002 0.000 0.000 0.000 0.000 0.000
ARG03A0256_003 0.000 0.000 0.000 0.000 0.000
ARG+1A0256_004 1.000 1.000 1.000 1.000 1.000
MET01A0257_001 1.000 1.000 1.000 1.000 1.000
ASP01A0258_001 0.000 0.000 0.000 0.000 0.000
ASP01A0258_002 0.000 0.000 0.000 0.000 0.000
ASP02A0258_003 0.000 0.000 0.000 0.000 0.000
ASP02A0258_004 0.000 0.000 0.000 0.000 0.000
ASP-1A0258_005 1.000 1.000 1.000 1.000 1.000
LYS01A0259_001 0.000 0.000 0.000 0.000 0.000
LYS+1A0259_002 1.000 1.000 1.000 1.000 1.000
PRO01A0260_001 1.000 1.000 1.000 1.000 1.000
SER01A0261_001 0.576 0.571 0.576 0.573 0.576
SER01A0261_002 0.424 0.429 0.424 0.427 0.424
ASN01A0262_001 0.481 0.482 0.487 0.485 0.490
ASN01A0262_002 0.519 0.518 0.513 0.515 0.510
CYS01A0263_001 0.408 0.403 0.406 0.404 0.407
CYS01A0263_002 0.263 0.263 0.260 0.259 0.260
CYS01A0263_003 0.330 0.334 0.334 0.337 0.334
CYS-1A0263_004 0.000 0.000 0.000 0.000 0.000
THR01A0264_001 0.004 0.003 0.004 0.004 0.000
THR01A0264_002 0.996 0.997 0.996 0.996 1.000
ASN01A0265_001 1.000 1.000 1.000 1.000 1.000
GLU01A0266_001 0.000 0.000 0.000 0.000 0.000
GLU01A0266_002 0.000 0.000 0.000 0.000 0.000
GLU02A0266_003 0.000 0.000 0.000 0.000 0.000
GLU02A0266_004 0.000 0.000 0.000 0.000 0.000
GLU-1A0266_005 1.000 1.000 1.000 1.000 1.000
LEU01A0267_001 1.000 1.000 1.000 1.000 1.000
TYR01A0268_001 0.993 0.993 1.000 0.993 0.994
TYR01A0268_002 0.007 0.007 0.000 0.007 0.006
TYR-1A0268_003 0.000 0.000 0.000 0.000 0.000
MET01A0269_001 1.000 1.000 1.000 1.000 1.000
MET01A0270_001 1.000 1.000 1.000 1.000 1.000
MET01A0271_001 1.000 1.000 1.000 1.000 1.000
ARG01A0272_001 0.000 0.000 0.000 0.000 0.000
ARG02A0272_002 0.000 0.000 0.000 0.000 0.000
ARG02A0272_003 0.000 0.000 0.000 0.000 0.000
ARG03A0272_004 0.000 0.000 0.000 0.000 0.000
ARG+1A0272_005 1.000 1.000 1.000 1.000 1.000
ASP01A0273_001 0.000 0.000 0.000 0.000 0.000
ASP01A0273_002 0.000 0.003 0.003 0.003 0.003
ASP02A0273_003 0.000 0.000 0.000 0.000 0.000
ASP02A0273_004 0.009 0.005 0.003 0.005 0.004
ASP-1A0273_005 0.991 0.992 0.994 0.991 0.993
CYS01A0274_001 0.206 0.207 0.203 0.203 0.204
CYS01A0274_002 0.602 0.599 0.600 0.602 0.596
CYS01A0274_003 0.192 0.194 0.197 0.195 0.199
CYS-1A0274_004 0.000 0.000 0.000 0.000 0.000
TRP01A0275_001 1.000 1.000 1.000 1.000 1.000
HIS01A0276_001 1.000 1.000 1.000 1.000 1.000
HIS02A0276_002 0.000 0.000 0.000 0.000 0.000
HIS+1A0276_003 0.000 0.000 0.000 0.000 0.000
ALA01A0277_001 1.000 1.000 1.000 1.000 1.000
VAL01A0278_001 1.000 1.000 1.000 1.000 1.000
PRO01A0279_001 1.000 1.000 1.000 1.000 1.000
SER01A0280_001 0.126 0.125 0.117 0.125 0.116
SER01A0280_002 0.874 0.875 0.883 0.875 0.884
GLN01A0281_001 0.052 0.054 0.048 0.052 0.048
GLN01A0281_002 0.948 0.946 0.952 0.948 0.952
ARG01A0282_001 0.000 0.000 0.000 0.000 0.000
ARG02A0282_002 0.000 0.000 0.000 0.000 0.000
ARG02A0282_003 0.000 0.000 0.000 0.000 0.000
ARG03A0282_004 0.000 0.000 0.000 0.000 0.000
ARG03A0282_005 0.000 0.000 0.000 0.000 0.000
ARG+1A0282_006 1.000 1.000 1.000 1.000 1.000
PRO01A0283_001 1.000 1.000 1.000 1.000 1.000
THR01A0284_001 0.994 0.994 0.994 0.994 0.994
THR01A0284_002 0.006 0.006 0.006 0.006 0.006
PHE01A0285_001 1.000 1.000 1.000 1.000 1.000
LYS01A0286_001 0.000 0.000 0.000 0.000 0.000
LYS+1A0286_002 1.000 1.000 1.000 1.000 1.000
GLN01A0287_001 1.000 1.000 1.000 1.000 1.000
GLN01A0287_002 0.000 0.000 0.000 0.000 0.000
LEU01A0288_001 1.000 1.000 1.000 1.000 1.000
VAL01A0289_001 1.000 1.000 1.000 1.000 1.000
GLU01A0290_001 0.000 0.000 0.000 0.000 0.000
GLU01A0290_002 0.001 0.000 0.000 0.000 0.001
GLU02A0290_003 0.000 0.000 0.000 0.000 0.000
GLU02A0290_004 0.002 0.004 0.000 0.000 0.001
GLU-1A0290_005 0.998 0.996 1.000 1.000 0.998
ASP01A0291_001 0.000 0.000 0.000 0.000 0.000
ASP01A0291_002 0.001 0.000 0.000 0.000 0.003
ASP02A0291_003 0.000 0.000 0.000 0.000 0.000
ASP02A0291_004 0.001 0.000 0.003 0.000 0.000
ASP-1A0291_005 0.998 1.000 0.997 1.000 0.997
LEU01A0292_001 1.000 1.000 1.000 1.000 1.000
ASP01A0293_001 0.000 0.000 0.000 0.000 0.000
ASP01A0293_002 0.000 0.000 0.000 0.000 0.000
ASP02A0293_003 0.000 0.000 0.000 0.000 0.000
ASP02A0293_004 0.000 0.000 0.000 0.000 0.000
ASP-1A0293_005 1.000 1.000 1.000 1.000 1.000
ARG01A0294_001 0.000 0.000 0.000 0.000 0.000
ARG02A0294_002 0.000 0.000 0.000 0.000 0.000
ARG02A0294_003 0.000 0.000 0.000 0.000 0.000
ARG03A0294_004 0.000 0.000 0.000 0.000 0.000
ARG03A0294_005 0.000 0.000 0.000 0.000 0.000
ARG+1A0294_006 1.000 1.000 1.000 1.000 1.000
ILE01A0295_001 1.000 1.000 1.000 1.000 1.000
VAL01A0296_001 1.000 1.000 1.000 1.000 1.000
ALA01A0297_001 1.000 1.000 1.000 1.000 1.000
LEU01A0298_001 1.000 1.000 1.000 1.000 1.000
THR01A0299_001 0.075 0.076 0.081 0.077 0.076
THR01A0299_002 0.925 0.924 0.919 0.923 0.924
SER01A0300_001 0.000 0.000 0.000 0.000 0.000
SER01A0300_002 0.131 0.129 0.130 0.122 0.128
SER01A0300_003 0.869 0.871 0.870 0.878 0.872
ASN01A0301_001 0.995 0.994 0.994 0.993 0.995
ASN01A0301_002 0.005 0.006 0.006 0.007 0.005
GLN01A0302_001 0.307 0.314 0.308 0.309 0.308
GLN01A0302_002 0.693 0.686 0.692 0.691 0.692
GLU01A0303_001 0.000 0.000 0.000 0.000 0.000
GLU01A0303_002 0.000 0.000 0.000 0.000 0.000
GLU02A0303_003 0.000 0.000 0.000 0.000 0.000
GLU02A0303_004 0.000 0.000 0.000 0.000 0.000
GLU-1A0303_005 1.000 1.000 1.000 1.000 1.000
ALA01B0002_001 1.000 1.000 1.000 1.000 1.000
VAL01B0004_001 1.000 1.000 1.000 1.000 1.000
SER01B0005_001 0.006 0.005 0.005 0.005 0.006
SER01B0005_002 0.994 0.995 0.995 0.995 0.994
GLU01B0006_001 0.000 0.000 0.000 0.000 0.000
GLU01B0006_002 0.003 0.003 0.000 0.000 0.002
GLU02B0006_003 0.000 0.000 0.000 0.000 0.000
GLU02B0006_004 0.004 0.004 0.000 0.007 0.003
GLU-1B0006_005 0.993 0.994 1.000 0.993 0.995
TYR01B0007_001 1.000 1.000 0.998 0.999 1.000
TYR-1B0007_002 0.000 0.000 0.002 0.001 0.000
GLU01B0008_001 0.000 0.000 0.000 0.000 0.000
GLU01B0008_002 0.003 0.000 0.002 0.002 0.000
GLU02B0008_003 0.000 0.000 0.000 0.000 0.000
GLU02B0008_004 0.002 0.000 0.001 0.001 0.003
GLU-1B0008_005 0.995 1.000 0.997 0.997 0.997
LEU01B0009_001 1.000 1.000 1.000 1.000 1.000
PRO01B0010_001 1.000 1.000 1.000 1.000 1.000
GLU01B0011_001 0.000 0.000 0.000 0.000 0.000
GLU01B0011_002 0.000 0.001 0.000 0.000 0.000
GLU02B0011_003 0.000 0.000 0.000 0.000 0.000
GLU02B0011_004 0.000 0.001 0.002 0.002 0.004
GLU-1B0011_005 1.000 0.997 0.998 0.998 0.996
ASP01B0012_001 0.000 0.000 0.000 0.000 0.000
ASP01B0012_002 0.000 0.000 0.000 0.000 0.000
ASP02B0012_003 0.000 0.000 0.000 0.000 0.000
ASP02B0012_004 0.000 0.000 0.000 0.000 0.000
ASP-1B0012_005 1.000 1.000 1.000 1.000 1.000
PRO01B0013_001 1.000 1.000 1.000 1.000 1.000
ARG01B0014_001 0.000 0.000 0.000 0.000 0.000
ARG02B0014_002 0.000 0.000 0.000 0.000 0.000
ARG03B0014_003 0.000 0.000 0.000 0.000 0.000
ARG03B0014_004 0.000 0.000 0.000 0.000 0.000
ARG+1B0014_005 1.000 1.000 1.000 1.000 1.000
TRP01B0015_001 1.000 1.000 1.000 1.000 1.000
GLU01B0016_001 0.000 0.000 0.000 0.000 0.000
GLU01B0016_002 0.000 0.000 0.000 0.000 0.000
GLU02B0016_003 0.000 0.000 0.000 0.000 0.000
GLU02B0016_004 0.000 0.000 0.000 0.000 0.000
GLU-1B0016_005 1.000 1.000 1.000 1.000 1.000
LEU01B0017_001 1.000 1.000 1.000 1.000 1.000
PRO01B0018_001 1.000 1.000 1.000 1.000 1.000
ARG01B0019_001 0.000 0.000 0.000 0.000 0.000
ARG02B0019_002 0.000 0.000 0.000 0.000 0.000
ARG03B0019_003 0.000 0.000 0.000 0.000 0.000
ARG03B0019_004 0.000 0.000 0.000 0.000 0.000
ARG+1B0019_005 1.000 1.000 1.000 1.000 1.000
ASP01B0020_001 0.000 0.000 0.000 0.000 0.000
ASP01B0020_002 0.000 0.000 0.000 0.000 0.000
ASP02B0020_003 0.000 0.000 0.000 0.000 0.000
ASP02B0020_004 0.000 0.000 0.000 0.000 0.000
ASP-1B0020_005 1.000 1.000 1.000 1.000 1.000
ARG01B0021_001 0.000 0.000 0.000 0.000 0.000
ARG02B0021_002 0.000 0.000 0.000 0.000 0.000
ARG03B0021_003 0.000 0.000 0.000 0.000 0.000
ARG03B0021_004 0.000 0.000 0.000 0.000 0.000
ARG+1B0021_005 1.000 1.000 1.000 1.000 1.000
LEU01B0022_001 1.000 1.000 1.000 1.000 1.000
VAL01B0023_001 1.000 1.000 1.000 1.000 1.000
LEU01B0024_001 1.000 1.000 1.000 1.000 1.000
LYS01B0026_001 0.060 0.058 0.055 0.062 0.060
LYS+1B0026_002 0.940 0.942 0.945 0.938 0.940
PRO01B0027_001 1.000 1.000 1.000 1.000 1.000
LEU01B0028_001 1.000 1.000 1.000 1.000 1.000
GLU01B0030_001 0.000 0.000 0.000 0.000 0.000
GLU01B0030_002 0.000 0.000 0.000 0.000 0.000
GLU02B0030_003 0.000 0.000 0.000 0.000 0.000
GLU02B0030_004 0.000 0.000 0.000 0.000 0.000
GLU-1B0030_005 1.000 1.000 1.000 1.000 1.000
ALA01B0032_001 1.000 1.000 1.000 1.000 1.000
PHE01B0033_001 1.000 1.000 1.000 1.000 1.000
GLN01B0035_001 0.526 0.530 0.524 0.531 0.526
GLN01B0035_002 0.474 0.470 0.476 0.469 0.474
VAL01B0036_001 1.000 1.000 1.000 1.000 1.000
VAL01B0037_001 1.000 1.000 1.000 1.000 1.000
LEU01B0038_001 1.000 1.000 1.000 1.000 1.000
ALA01B0039_001 1.000 1.000 1.000 1.000 1.000
GLU01B0040_001 0.000 0.000 0.000 0.000 0.000
GLU01B0040_002 0.000 0.000 0.001 0.000 0.000
GLU02B0040_003 0.000 0.000 0.000 0.000 0.000
GLU02B0040_004 0.000 0.000 0.000 0.000 0.000
GLU-1B0040_005 1.000 1.000 0.999 1.000 1.000
ALA01B0041_001 1.000 1.000 1.000 1.000 1.000
ILE01B0042_001 1.000 1.000 1.000 1.000 1.000
LEU01B0044_001 1.000 1.000 1.000 1.000 1.000
ASP01B0045_001 0.000 0.000 0.000 0.000 0.000
ASP01B0045_002 0.000 0.000 0.000 0.000 0.000
ASP02B0045_003 0.000 0.000 0.000 0.000 0.000
ASP02B0045_004 0.000 0.000 0.000 0.000 0.000
ASP-1B0045_005 1.000 1.000 1.000 1.000 1.000
LYS01B0046_001 0.000 0.000 0.000 0.000 0.000
LYS+1B0046_002 1.000 1.000 1.000 1.000 1.000
ASP01B0047_001 0.000 0.000 0.000 0.000 0.000
ASP01B0047_002 0.000 0.000 0.000 0.000 0.000
ASP02B0047_003 0.000 0.000 0.000 0.000 0.000
ASP02B0047_004 0.000 0.000 0.000 0.000 0.000
ASP-1B0047_005 1.000 1.000 1.000 1.000 1.000
LYS01B0048_001 0.000 0.000 0.001 0.000 0.000
LYS+1B0048_002 1.000 1.000 0.999 1.000 1.000
PRO01B0049_001 1.000 1.000 1.000 1.000 1.000
ASN01B0050_001 0.255 0.249 0.251 0.252 0.248
ASN01B0050_002 0.745 0.751 0.749 0.748 0.752
ARG01B0051_001 0.000 0.000 0.000 0.000 0.000
ARG02B0051_002 0.000 0.000 0.000 0.000 0.000
ARG03B0051_003 0.000 0.000 0.000 0.000 0.000
ARG03B0051_004 0.000 0.000 0.000 0.000 0.000
ARG+1B0051_005 1.000 1.000 1.000 1.000 1.000
VAL01B0052_001 1.000 1.000 1.000 1.000 1.000
THR01B0053_001 0.566 0.570 0.571 0.565 0.570
THR01B0053_002 0.434 0.430 0.429 0.435 0.430
LYS01B0054_001 0.001 0.001 0.000 0.000 0.000
LYS+1B0054_002 0.999 0.999 1.000 1.000 1.000
VAL01B0055_001 1.000 1.000 1.000 1.000 1.000
ALA01B0056_001 1.000 1.000 1.000 1.000 1.000
VAL01B0057_001 1.000 1.000 1.000 1.000 1.000
LYS01B0058_001 0.000 0.000 0.000 0.000 0.000
LYS+1B0058_002 1.000 1.000 1.000 1.000 1.000
MET01B0059_001 1.000 1.000 1.000 1.000 1.000
LEU01B0060_001 1.000 1.000 1.000 1.000 1.000
LYS01B0061_001 0.004 0.000 0.003 0.000 0.003
LYS+1B0061_002 0.996 1.000 0.997 1.000 0.997
SER01B0062_001 1.000 1.000 1.000 1.000 1.000
ASP01B0063_001 0.000 0.000 0.000 0.000 0.000
ASP01B0063_002 0.000 0.000 0.000 0.001 0.000
ASP02B0063_003 0.000 0.000 0.000 0.000 0.000
ASP02B0063_004 0.013 0.013 0.013 0.008 0.013
ASP-1B0063_005 0.987 0.987 0.987 0.991 0.987
ALA01B0064_001 1.000 1.000 1.000 1.000 1.000
THR01B0065_001 0.468 0.469 0.467 0.469 0.470
THR01B0065_002 0.532 0.531 0.533 0.531 0.530
GLU01B0066_001 0.000 0.000 0.000 0.000 0.000
GLU01B0066_002 0.000 0.000 0.000 0.000 0.000
GLU02B0066_003 0.001 0.001 0.000 0.000 0.000
GLU02B0066_004 0.016 0.014 0.015 0.016 0.016
GLU-1B0066_005 0.984 0.985 0.985 0.984 0.984
LYS01B0067_001 0.001 0.000 0.000 0.002 0.002
LYS+1B0067_002 0.999 1.000 1.000 0.998 0.998
ASP01B0068_001 0.000 0.000 0.000 0.000 0.000
ASP01B0068_002 0.000 0.000 0.000 0.002 0.000
ASP02B0068_003 0.000 0.000 0.000 0.000 0.000
ASP02B0068_004 0.000 0.000 0.000 0.001 0.000
ASP-1B0068_005 1.000 1.000 1.000 0.998 1.000
LEU01B0069_001 1.000 1.000 1.000 1.000 1.000
SER01B0070_001 0.274 0.281 0.276 0.280 0.273
SER01B0070_002 0.593 0.586 0.591 0.587 0.598
SER01B0070_003 0.133 0.133 0.133 0.133 0.129
ASP01B0071_001 0.000 0.000 0.000 0.000 0.000
ASP01B0071_002 0.000 0.000 0.000 0.000 0.001
ASP02B0071_003 0.000 0.000 0.000 0.000 0.000
ASP02B0071_004 0.000 0.000 0.000 0.004 0.000
ASP-1B0071_005 1.000 1.000 1.000 0.996 0.999
LEU01B0072_001 1.000 1.000 1.000 1.000 1.000
ILE01B0073_001 1.000 1.000 1.000 1.000 1.000
SER01B0074_001 0.147 0.147 0.146 0.142 0.150
SER01B0074_002 0.853 0.853 0.854 0.858 0.850
GLU01B0075_001 0.000 0.004 0.005 0.004 0.004
GLU01B0075_002 0.000 0.000 0.000 0.000 0.000
GLU02B0075_003 0.000 0.000 0.000 0.000 0.000
GLU02B0075_004 0.000 0.000 0.000 0.000 0.000
GLU-1B0075_005 1.000 0.996 0.995 0.996 0.996
MET01B0076_001 1.000 1.000 1.000 1.000 1.000
GLU01B0077_001 0.000 0.000 0.000 0.000 0.000
GLU01B0077_002 0.000 0.000 0.000 0.000 0.000
GLU02B0077_003 0.000 0.000 0.000 0.000 0.000
GLU02B0077_004 0.000 0.000 0.000 0.000 0.000
GLU-1B0077_005 1.000 1.000 1.000 1.000 1.000
MET01B0078_001 1.000 1.000 1.000 1.000 1.000
MET01B0079_001 1.000 1.000 1.000 1.000 1.000
LYS01B0080_001 0.000 0.000 0.000 0.000 0.000
LYS+1B0080_002 1.000 1.000 1.000 1.000 1.000
MET01B0081_001 1.000 1.000 1.000 1.000 1.000
ILE01B0082_001 1.000 1.000 1.000 1.000 1.000
LYS01B0084_001 0.007 0.008 0.008 0.009 0.007
LYS+1B0084_002 0.993 0.992 0.992 0.991 0.993
HIS01B0085_001 1.000 1.000 1.000 1.000 1.000
HIS02B0085_002 0.000 0.000 0.000 0.000 0.000
HIS+1B0085_003 0.000 0.000 0.000 0.000 0.000
LYS01B0086_001 0.010 0.011 0.011 0.010 0.009
LYS+1B0086_002 0.990 0.989 0.989 0.990 0.991
ASN01B0087_001 1.000 1.000 1.000 1.000 1.000
ASN01B0087_002 0.000 0.000 0.000 0.000 0.000
ILE01B0088_001 1.000 1.000 1.000 1.000 1.000
ILE01B0089_001 1.000 1.000 1.000 1.000 1.000
ASN01B0090_001 1.000 1.000 1.000 1.000 1.000
ASN01B0090_002 0.000 0.000 0.000 0.000 0.000
LEU01B0091_001 1.000 1.000 1.000 1.000 1.000
LEU01B0092_001 1.000 1.000 1.000 1.000 1.000
ALA01B0094_001 1.000 1.000 1.000 1.000 1.000
CYS01B0095_001 0.816 0.813 0.817 0.817 0.822
CYS01B0095_002 0.052 0.051 0.051 0.051 0.049
CYS01B0095_003 0.132 0.136 0.132 0.131 0.129
CYS-1B0095_004 0.000 0.000 0.000 0.000 0.000
THR01B0096_001 0.992 0.994 1.000 0.995 0.995
THR01B0096_002 0.000 0.000 0.000 0.000 0.000
THR01B0096_003 0.007 0.006 0.000 0.005 0.005
GLN01B0097_001 0.986 0.985 0.987 0.987 0.987
GLN01B0097_002 0.014 0.015 0.013 0.013 0.013
ASP01B0098_001 0.000 0.000 0.000 0.000 0.000
ASP01B0098_002 0.000 0.002 0.000 0.002 0.001
ASP02B0098_003 0.000 0.000 0.000 0.000 0.000
ASP02B0098_004 0.000 0.001 0.001 0.001 0.001
ASP-1B0098_005 1.000 0.997 0.999 0.997 0.998
PRO01B0100_001 1.000 1.000 1.000 1.000 1.000
LEU01B0101_001 1.000 1.000 1.000 1.000 1.000
TYR01B0102_001 1.000 1.000 1.000 1.000 1.000
TYR-1B0102_002 0.000 0.000 0.000 0.000 0.000
VAL01B0103_001 1.000 1.000 1.000 1.000 1.000
ILE01B0104_001 1.000 1.000 1.000 1.000 1.000
VAL01B0105_001 1.000 1.000 1.000 1.000 1.000
GLU01B0106_001 0.000 0.000 0.000 0.000 0.000
GLU01B0106_002 0.000 0.000 0.000 0.000 0.000
GLU02B0106_003 0.000 0.000 0.000 0.000 0.000
GLU02B0106_004 0.000 0.000 0.000 0.000 0.000
GLU-1B0106_005 1.000 1.000 1.000 1.000 1.000
TYR01B0107_001 1.000 1.000 1.000 1.000 1.000
TYR-1B0107_002 0.000 0.000 0.000 0.000 0.000
ALA01B0108_001 1.000 1.000 1.000 1.000 1.000
SER01B0109_001 0.017 0.019 0.018 0.017 0.017
SER01B0109_002 0.983 0.981 0.982 0.983 0.983
LYS01B0110_001 0.000 0.000 0.000 0.000 0.000
LYS+1B0110_002 1.000 1.000 1.000 1.000 1.000
ASN01B0112_001 1.000 1.000 1.000 1.000 1.000
ASN01B0112_002 0.000 0.000 0.000 0.000 0.000
LEU01B0113_001 1.000 1.000 1.000 1.000 1.000
ARG01B0114_001 0.000 0.000 0.000 0.000 0.000
ARG02B0114_002 0.000 0.000 0.000 0.000 0.000
ARG03B0114_003 0.000 0.000 0.000 0.000 0.000
ARG+1B0114_004 1.000 1.000 1.000 1.000 1.000
GLU01B0115_001 0.000 0.000 0.000 0.000 0.000
GLU01B0115_002 0.000 0.000 0.000 0.000 0.000
GLU02B0115_003 0.000 0.000 0.000 0.000 0.000
GLU02B0115_004 0.000 0.000 0.000 0.000 0.000
GLU-1B0115_005 1.000 1.000 1.000 1.000 1.000
TYR01B0116_001 0.665 0.669 0.666 0.670 0.662
TYR01B0116_002 0.335 0.331 0.334 0.330 0.338
TYR-1B0116_003 0.000 0.000 0.000 0.000 0.000
LEU01B0117_001 1.000 1.000 1.000 1.000 1.000
GLN01B0118_001 0.783 0.783 0.786 0.784 0.786
GLN01B0118_002 0.217 0.217 0.214 0.216 0.214
ALA01B0119_001 1.000 1.000 1.000 1.000 1.000
ARG01B0120_001 0.000 0.000 0.000 0.000 0.000
ARG02B0120_002 0.000 0.000 0.000 0.000 0.000
ARG02B0120_003 0.000 0.000 0.000 0.000 0.000
ARG03B0120_004 0.000 0.000 0.000 0.000 0.000
ARG03B0120_005 0.000 0.000 0.000 0.000 0.000
ARG+1B0120_006 1.000 1.000 1.000 1.000 1.000
ARG01B0121_001 0.000 0.000 0.000 0.000 0.000
ARG02B0121_002 0.000 0.000 0.000 0.000 0.000
ARG03B0121_003 0.000 0.000 0.000 0.000 0.000
ARG+1B0121_004 1.000 1.000 1.000 1.000 1.000
PRO01B0122_001 1.000 1.000 1.000 1.000 1.000
PRO01B0123_001 1.000 1.000 1.000 1.000 1.000
LEU01B0125_001 1.000 1.000 1.000 1.000 1.000
GLU01B0126_001 0.000 0.000 0.000 0.000 0.000
GLU01B0126_002 0.000 0.002 0.000 0.000 0.000
GLU02B0126_003 0.000 0.000 0.000 0.000 0.000
GLU02B0126_004 0.000 0.000 0.000 0.000 0.000
GLU-1B0126_005 1.000 0.998 1.000 1.000 1.000
TYR01B0127_001 1.000 1.000 1.000 0.999 1.000
TYR-1B0127_002 0.000 0.000 0.000 0.001 0.000
SER01B0128_001 1.000 1.000 1.000 1.000 1.000
TYR01B0129_001 0.488 0.493 0.496 0.492 0.487
TYR01B0129_002 0.511 0.505 0.504 0.508 0.513
TYR-1B0129_003 0.002 0.001 0.000 0.000 0.000
ASN01B0130_001 0.000 0.000 0.000 0.000 0.000
ASN01B0130_002 1.000 1.000 1.000 1.000 1.000
PRO01B0131_001 1.000 1.000 1.000 1.000 1.000
SER01B0132_001 1.000 1.000 1.000 1.000 1.000
HIS01B0133_001 0.011 0.010 0.011 0.009 0.010
HIS01B0133_002 0.000 0.000 0.000 0.000 0.000
HIS02B0133_003 0.283 0.287 0.286 0.281 0.292
HIS02B0133_004 0.448 0.452 0.454 0.464 0.452
HIS+1B0133_005 0.064 0.064 0.068 0.061 0.060
HIS+1B0133_006 0.193 0.187 0.180 0.185 0.187
ASN01B0134_001 0.000 0.000 0.000 0.000 0.000
ASN01B0134_002 1.000 1.000 1.000 1.000 1.000
PRO01B0135_001 1.000 1.000 1.000 1.000 1.000
GLU01B0136_001 0.000 0.000 0.000 0.000 0.000
GLU01B0136_002 0.000 0.000 0.000 0.000 0.000
GLU02B0136_003 0.000 0.000 0.000 0.000 0.000
GLU02B0136_004 0.000 0.000 0.000 0.000 0.000
GLU-1B0136_005 1.000 1.000 1.000 1.000 1.000
GLU01B0137_001 0.000 0.000 0.000 0.000 0.000
GLU01B0137_002 0.000 0.000 0.000 0.000 0.000
GLU02B0137_003 0.000 0.000 0.000 0.000 0.000
GLU02B0137_004 0.000 0.000 0.000 0.000 0.000
GLU-1B0137_005 1.000 1.000 1.000 1.000 1.000
GLN01B0138_001 0.465 0.457 0.462 0.460 0.462
GLN01B0138_002 0.535 0.543 0.538 0.540 0.538
LEU01B0139_001 1.000 1.000 1.000 1.000 1.000
SER01B0140_001 0.158 0.152 0.150 0.151 0.156
SER01B0140_002 0.842 0.848 0.850 0.849 0.844
SER01B0141_001 1.000 1.000 1.000 1.000 1.000
LYS01B0142_001 0.000 0.000 0.000 0.000 0.000
LYS+1B0142_002 1.000 1.000 1.000 1.000 1.000
ASP01B0143_001 0.000 0.000 0.000 0.000 0.000
ASP01B0143_002 0.000 0.000 0.000 0.000 0.000
ASP02B0143_003 0.000 0.000 0.000 0.000 0.000
ASP02B0143_004 0.000 0.000 0.000 0.000 0.000
ASP-1B0143_005 1.000 1.000 1.000 1.000 1.000
LEU01B0144_001 1.000 1.000 1.000 1.000 1.000
VAL01B0145_001 1.000 1.000 1.000 1.000 1.000
SER01B0146_001 0.002 0.002 0.000 0.000 0.002
SER01B0146_002 0.998 0.998 1.000 1.000 0.998
CYS01B0147_001 0.210 0.200 0.206 0.208 0.209
CYS01B0147_002 0.675 0.682 0.677 0.676 0.673
CYS01B0147_003 0.115 0.117 0.116 0.116 0.119
CYS-1B0147_004 0.000 0.000 0.000 0.000 0.000
ALA01B0148_001 1.000 1.000 1.000 1.000 1.000
TYR01B0149_001 0.821 0.820 0.820 0.822 0.822
TYR01B0149_002 0.179 0.180 0.180 0.178 0.178
TYR-1B0149_003 0.000 0.000 0.000 0.000 0.000
GLN01B0150_001 1.000 1.000 1.000 1.000 1.000
GLN01B0150_002 0.000 0.000 0.000 0.000 0.000
VAL01B0151_001 1.000 1.000 1.000 1.000 1.000
ALA01B0152_001 1.000 1.000 1.000 1.000 1.000
ARG01B0153_001 0.000 0.000 0.000 0.000 0.000
ARG02B0153_002 0.000 0.000 0.000 0.000 0.000
ARG02B0153_003 0.000 0.000 0.000 0.000 0.000
ARG03B0153_004 0.000 0.000 0.000 0.000 0.000
ARG03B0153_005 0.000 0.000 0.000 0.000 0.000
ARG+1B0153_006 1.000 1.000 1.000 1.000 1.000
MET01B0155_001 1.000 1.000 1.000 1.000 1.000
GLU01B0156_001 0.000 0.000 0.000 0.000 0.000
GLU01B0156_002 0.004 0.000 0.004 0.008 0.003
GLU02B0156_003 0.000 0.000 0.000 0.000 0.000
GLU02B0156_004 0.002 0.000 0.002 0.000 0.002
GLU-1B0156_005 0.994 1.000 0.994 0.992 0.994
TYR01B0157_001 0.042 0.039 0.038 0.039 0.037
TYR01B0157_002 0.958 0.961 0.962 0.961 0.963
TYR-1B0157_003 0.000 0.000 0.000 0.000 0.000
LEU01B0158_001 1.000 1.000 1.000 1.000 1.000
ALA01B0159_001 1.000 1.000 1.000 1.000 1.000
SER01B0160_001 0.988 0.988 0.989 0.986 0.987
SER01B0160_002 0.012 0.012 0.011 0.014 0.013
LYS01B0161_001 0.000 0.000 0.000 0.000 0.000
LYS+1B0161_002 1.000 1.000 1.000 1.000 1.000
LYS01B0162_001 0.000 0.000 0.000 0.000 0.000
LYS+1B0162_002 1.000 1.000 1.000 1.000 1.000
CYS01B0163_001 0.476 0.474 0.473 0.469 0.475
CYS01B0163_002 0.009 0.008 0.007 0.008 0.008
CYS01B0163_003 0.515 0.519 0.520 0.523 0.517
CYS-1B0163_004 0.000 0.000 0.000 0.000 0.000
ILE01B0164_001 1.000 1.000 1.000 1.000 1.000
HIS01B0165_001 1.000 1.000 1.000 1.000 1.000
HIS02B0165_002 0.000 0.000 0.000 0.000 0.000
HIS+1B0165_003 0.000 0.000 0.000 0.000 0.000
ARG01B0166_001 0.000 0.000 0.000 0.000 0.000
ARG02B0166_002 0.000 0.000 0.000 0.000 0.000
ARG02B0166_003 1.000 1.000 1.000 1.000 1.000
ARG03B0166_004 0.000 0.000 0.000 0.000 0.000
ARG+1B0166_005 0.000 0.000 0.000 0.000 0.000
ASP01B0167_001 0.000 0.000 0.000 0.000 0.000
ASP01B0167_002 0.000 0.000 0.000 0.000 0.000
ASP02B0167_003 0.000 0.000 0.000 0.000 0.000
ASP02B0167_004 0.000 0.000 0.000 0.000 0.000
ASP-1B0167_005 1.000 1.000 1.000 1.000 1.000
LEU01B0168_001 1.000 1.000 1.000 1.000 1.000
ALA01B0169_001 1.000 1.000 1.000 1.000 1.000
ALA01B0170_001 1.000 1.000 1.000 1.000 1.000
ARG01B0171_001 0.000 0.000 0.000 0.000 0.000
ARG02B0171_002 0.000 0.000 0.000 0.000 0.000
ARG03B0171_003 0.000 0.000 0.000 0.000 0.000
ARG03B0171_004 0.000 0.000 0.000 0.000 0.000
ARG+1B0171_005 1.000 1.000 1.000 1.000 1.000
ASN01B0172_001 1.000 1.000 1.000 1.000 1.000
ASN01B0172_002 0.000 0.000 0.000 0.000 0.000
VAL01B0173_001 1.000 1.000 1.000 1.000 1.000
LEU01B0174_001 1.000 1.000 1.000 1.000 1.000
VAL01B0175_001 1.000 1.000 1.000 1.000 1.000
THR01B0176_001 0.000 0.000 0.000 0.000 0.000
THR01B0176_002 1.000 1.000 1.000 1.000 1.000
GLU01B0177_001 0.000 0.000 0.000 0.000 0.000
GLU01B0177_002 0.000 0.001 0.000 0.001 0.000
GLU02B0177_003 0.000 0.000 0.000 0.000 0.000
GLU02B0177_004 0.345 0.344 0.351 0.344 0.347
GLU-1B0177_005 0.655 0.655 0.649 0.655 0.653
ASP01B0178_001 0.000 0.000 0.000 0.000 0.000
ASP01B0178_002 0.009 0.004 0.009 0.005 0.004
ASP02B0178_003 0.000 0.000 0.000 0.000 0.000
ASP02B0178_004 0.003 0.003 0.000 0.004 0.003
ASP-1B0178_005 0.987 0.993 0.991 0.992 0.993
ASN01B0179_001 1.000 1.000 1.000 1.000 1.000
ASN01B0179_002 0.000 0.000 0.000 0.000 0.000
VAL01B0180_001 1.000 1.000 1.000 1.000 1.000
MET01B0181_001 1.000 1.000 1.000 1.000 1.000
LYS01B0182_001 0.000 0.000 0.000 0.000 0.000
LYS+1B0182_002 1.000 1.000 1.000 1.000 1.000
ILE01B0183_001 1.000 1.000 1.000 1.000 1.000
ALA01B0184_001 1.000 1.000 1.000 1.000 1.000
ASP01B0185_001 0.000 0.004 0.000 0.003 0.003
ASP01B0185_002 0.559 0.550 0.564 0.552 0.554
ASP02B0185_003 0.000 0.000 0.000 0.000 0.000
ASP02B0185_004 0.149 0.145 0.144 0.143 0.143
ASP-1B0185_005 0.292 0.302 0.292 0.302 0.299
PHE01B0186_001 1.000 1.000 1.000 1.000 1.000
LEU01B0188_001 1.000 1.000 1.000 1.000 1.000
ALA01B0189_001 1.000 1.000 1.000 1.000 1.000
ARG01B0190_001 0.000 0.000 0.000 0.000 0.000
ARG02B0190_002 0.000 0.000 0.000 0.000 0.000
ARG02B0190_003 0.000 0.000 0.000 0.000 0.000
ARG03B0190_004 0.000 0.000 0.000 0.000 0.000
ARG03B0190_005 0.000 0.000 0.000 0.000 0.000
ARG+1B0190_006 1.000 1.000 1.000 1.000 1.000
ASP01B0191_001 0.000 0.000 0.000 0.000 0.000
ASP01B0191_002 0.000 0.007 0.000 0.009 0.000
ASP02B0191_003 0.000 0.000 0.000 0.000 0.000
ASP02B0191_004 0.000 0.000 0.000 0.000 0.000
ASP-1B0191_005 1.000 0.993 1.000 0.991 1.000
ILE01B0192_001 1.000 1.000 1.000 1.000 1.000
HIS01B0193_001 1.000 1.000 1.000 1.000 1.000
HIS02B0193_002 0.000 0.000 0.000 0.000 0.000
HIS+1B0193_003 0.000 0.000 0.000 0.000 0.000
HIS01B0194_001 0.000 0.000 0.000 0.000 0.000
HIS01B0194_002 0.871 0.870 0.871 0.873 0.870
HIS02B0194_003 0.129 0.130 0.129 0.127 0.130
HIS02B0194_004 0.000 0.000 0.000 0.000 0.000
HIS+1B0194_005 0.000 0.000 0.000 0.000 0.000
HIS+1B0194_006 0.000 0.000 0.000 0.000 0.000
ILE01B0195_001 1.000 1.000 1.000 1.000 1.000
ASP01B0196_001 0.000 0.000 0.000 0.000 0.000
ASP01B0196_002 0.000 0.000 0.000 0.000 0.000
ASP02B0196_003 0.000 0.000 0.000 0.000 0.000
ASP02B0196_004 0.000 0.000 0.000 0.000 0.000
ASP-1B0196_005 1.000 1.000 1.000 1.000 1.000
TYR01B0197_001 1.000 1.000 1.000 1.000 1.000
TYR-1B0197_002 0.000 0.000 0.000 0.000 0.000
TYR01B0198_001 1.000 1.000 1.000 1.000 1.000
TYR-1B0198_002 0.000 0.000 0.000 0.000 0.000
LYS01B0199_001 0.000 0.000 0.000 0.000 0.000
LYS+1B0199_002 1.000 1.000 1.000 1.000 1.000
LYS01B0200_001 0.000 0.000 0.000 0.000 0.000
LYS+1B0200_002 1.000 1.000 1.000 1.000 1.000
THR01B0201_001 0.602 0.601 0.603 0.596 0.603
THR01B0201_002 0.398 0.399 0.397 0.404 0.397
THR01B0202_001 1.000 1.000 1.000 1.000 1.000
ASN01B0203_001 0.011 0.011 0.014 0.012 0.013
ASN01B0203_002 0.989 0.989 0.986 0.988 0.987
ARG01B0205_001 0.000 0.000 0.000 0.000 0.000
ARG02B0205_002 0.000 0.000 0.000 0.000 0.000
ARG03B0205_003 0.000 0.000 0.000 0.000 0.000
ARG+1B0205_004 1.000 1.000 1.000 1.000 1.000
LEU01B0206_001 1.000 1.000 1.000 1.000 1.000
PRO01B0207_001 1.000 1.000 1.000 1.000 1.000
VAL01B0208_001 1.000 1.000 1.000 1.000 1.000
LYS01B0209_001 0.012 0.013 0.011 0.010 0.012
LYS+1B0209_002 0.988 0.987 0.989 0.990 0.988
TRP01B0210_001 1.000 1.000 1.000 1.000 1.000
MET01B0211_001 1.000 1.000 1.000 1.000 1.000
ALA01B0212_001 1.000 1.000 1.000 1.000 1.000
PRO01B0213_001 1.000 1.000 1.000 1.000 1.000
GLU01B0214_001 0.000 0.000 0.000 0.000 0.000
GLU01B0214_002 0.000 0.000 0.000 0.000 0.000
GLU02B0214_003 0.000 0.000 0.000 0.000 0.000
GLU02B0214_004 0.000 0.000 0.000 0.000 0.000
GLU-1B0214_005 1.000 1.000 1.000 1.000 1.000
ALA01B0215_001 1.000 1.000 1.000 1.000 1.000
LEU01B0216_001 1.000 1.000 1.000 1.000 1.000
PHE01B0217_001 1.000 1.000 1.000 1.000 1.000
ASP01B0218_001 0.000 0.000 0.000 0.000 0.000
ASP01B0218_002 0.000 0.000 0.000 0.000 0.000
ASP02B0218_003 0.000 0.000 0.000 0.000 0.000
ASP02B0218_004 0.000 0.001 0.002 0.000 0.000
ASP-1B0218_005 1.000 0.998 0.998 1.000 1.000
ARG01B0219_001 0.000 0.000 0.000 0.000 0.000
ARG02B0219_002 0.000 0.000 0.000 0.000 0.000
ARG03B0219_003 0.000 0.000 0.000 0.000 0.000
ARG03B0219_004 0.000 0.000 0.000 0.000 0.000
ARG+1B0219_005 1.000 1.000 1.000 1.000 1.000
ILE01B0220_001 1.000 1.000 1.000 1.000 1.000
TYR01B0221_001 0.591 0.592 0.581 0.589 0.597
TYR01B0221_002 0.409 0.408 0.419 0.411 0.403
TYR-1B0221_003 0.000 0.000 0.000 0.000 0.000
THR01B0222_001 0.076 0.073 0.074 0.074 0.076
THR01B0222_002 0.924 0.927 0.926 0.926 0.924
HIS01B0223_001 0.007 0.007 0.006 0.000 0.008
HIS01B0223_002 0.377 0.350 0.356 0.368 0.358
HIS02B0223_003 0.551 0.575 0.573 0.568 0.565
HIS02B0223_004 0.028 0.031 0.029 0.028 0.031
HIS+1B0223_005 0.025 0.026 0.025 0.026 0.027
HIS+1B0223_006 0.012 0.012 0.011 0.011 0.012
GLN01B0224_001 1.000 0.996 0.996 0.996 0.997
GLN01B0224_002 0.000 0.004 0.004 0.004 0.003
SER01B0225_001 0.002 0.002 0.002 0.000 0.000
SER01B0225_002 0.998 0.998 0.998 1.000 1.000
ASP01B0226_001 0.000 0.000 0.000 0.000 0.000
ASP01B0226_002 0.000 0.000 0.000 0.000 0.000
ASP02B0226_003 0.000 0.000 0.000 0.000 0.000
ASP02B0226_004 0.000 0.000 0.000 0.000 0.000
ASP-1B0226_005 1.000 1.000 1.000 1.000 1.000
VAL01B0227_001 1.000 1.000 1.000 1.000 1.000
TRP01B0228_001 1.000 1.000 1.000 1.000 1.000
SER01B0229_001 0.924 0.920 0.924 0.914 0.917
SER01B0229_002 0.076 0.080 0.076 0.086 0.083
PHE01B0230_001 1.000 1.000 1.000 1.000 1.000
VAL01B0232_001 1.000 1.000 1.000 1.000 1.000
LEU01B0233_001 1.000 1.000 1.000 1.000 1.000
LEU01B0234_001 1.000 1.000 1.000 1.000 1.000
TRP01B0235_001 1.000 1.000 1.000 1.000 1.000
GLU01B0236_001 0.000 0.000 0.000 0.000 0.000
GLU01B0236_002 0.000 0.000 0.000 0.000 0.000
GLU02B0236_003 0.000 0.000 0.000 0.000 0.000
GLU02B0236_004 0.000 0.000 0.000 0.000 0.000
GLU-1B0236_005 1.000 1.000 1.000 1.000 1.000
ILE01B0237_001 1.000 1.000 1.000 1.000 1.000
PHE01B0238_001 1.000 1.000 1.000 1.000 1.000
THR01B0239_001 0.820 0.814 0.816 0.816 0.817
THR01B0239_002 0.180 0.186 0.184 0.184 0.183
LEU01B0240_001 1.000 1.000 1.000 1.000 1.000
SER01B0243_001 0.036 0.032 0.032 0.035 0.031
SER01B0243_002 0.001 0.001 0.002 0.002 0.000
SER01B0243_003 0.963 0.967 0.966 0.963 0.969
PRO01B0244_001 1.000 1.000 1.000 1.000 1.000
TYR01B0245_001 0.479 0.503 0.490 0.522 0.453
TYR01B0245_002 0.521 0.497 0.510 0.478 0.547
TYR-1B0245_003 0.000 0.000 0.000 0.000 0.000
PRO01B0246_001 1.000 1.000 1.000 1.000 1.000
VAL01B0248_001 1.000 1.000 1.000 1.000 1.000
PRO01B0249_001 1.000 1.000 1.000 1.000 1.000
VAL01B0250_001 1.000 1.000 1.000 1.000 1.000
GLU01B0251_001 0.000 0.000 0.000 0.000 0.000
GLU01B0251_002 0.000 0.000 0.000 0.000 0.000
GLU02B0251_003 0.000 0.000 0.000 0.000 0.000
GLU02B0251_004 0.000 0.001 0.000 0.000 0.000
GLU-1B0251_005 1.000 0.999 1.000 1.000 1.000
GLU01B0252_001 0.000 0.000 0.000 0.000 0.000
GLU01B0252_002 0.000 0.000 0.000 0.000 0.000
GLU02B0252_003 0.000 0.000 0.000 0.000 0.000
GLU02B0252_004 0.000 0.000 0.000 0.000 0.000
GLU-1B0252_005 1.000 1.000 1.000 1.000 1.000
LEU01B0253_001 1.000 1.000 1.000 1.000 1.000
PHE01B0254_001 1.000 1.000 1.000 1.000 1.000
LYS01B0255_001 0.000 0.000 0.000 0.000 0.000
LYS+1B0255_002 1.000 1.000 1.000 1.000 1.000
LEU01B0256_001 1.000 1.000 1.000 1.000 1.000
LEU01B0257_001 1.000 1.000 1.000 1.000 1.000
LYS01B0258_001 0.002 0.000 0.002 0.000 0.002
LYS+1B0258_002 0.998 1.000 0.998 1.000 0.998
GLU01B0259_001 0.000 0.000 0.000 0.000 0.000
GLU01B0259_002 0.000 0.000 0.000 0.000 0.000
GLU02B0259_003 0.000 0.000 0.000 0.000 0.000
GLU02B0259_004 0.000 0.001 0.001 0.000 0.000
GLU-1B0259_005 1.000 0.999 0.999 1.000 1.000
HIS01B0261_001 0.510 0.536 0.520 0.553 0.482
HIS01B0261_002 0.080 0.080 0.079 0.073 0.085
HIS02B0261_003 0.387 0.365 0.381 0.351 0.412
HIS02B0261_004 0.021 0.019 0.020 0.020 0.021
HIS+1B0261_005 0.002 0.000 0.000 0.002 0.000
HIS+1B0261_006 0.000 0.000 0.000 0.000 0.000
ARG01B0262_001 0.000 0.000 0.000 0.000 0.000
ARG02B0262_002 0.000 0.000 0.000 0.000 0.000
ARG03B0262_003 0.000 0.000 0.000 0.000 0.000
ARG+1B0262_004 1.000 1.000 1.000 1.000 1.000
MET01B0263_001 1.000 1.000 1.000 1.000 1.000
ASP01B0264_001 0.000 0.000 0.000 0.000 0.000
ASP01B0264_002 0.000 0.000 0.000 0.000 0.000
ASP02B0264_003 0.000 0.000 0.000 0.000 0.000
ASP02B0264_004 0.000 0.000 0.000 0.000 0.000
ASP-1B0264_005 1.000 1.000 1.000 1.000 1.000
LYS01B0265_001 0.000 0.000 0.000 0.000 0.000
LYS+1B0265_002 1.000 1.000 1.000 1.000 1.000
PRO01B0266_001 1.000 1.000 1.000 1.000 1.000
SER01B0267_001 0.693 0.688 0.693 0.689 0.694
SER01B0267_002 0.307 0.312 0.307 0.311 0.306
ASN01B0268_001 0.303 0.304 0.306 0.304 0.299
ASN01B0268_002 0.697 0.696 0.694 0.696 0.701
CYS01B0269_001 0.392 0.386 0.393 0.381 0.389
CYS01B0269_002 0.268 0.275 0.268 0.270 0.266
CYS01B0269_003 0.340 0.340 0.339 0.349 0.345
CYS-1B0269_004 0.000 0.000 0.000 0.000 0.000
THR01B0270_001 0.006 0.005 0.006 0.005 0.005
THR01B0270_002 0.994 0.995 0.994 0.995 0.995
ASN01B0271_001 1.000 1.000 1.000 1.000 1.000
GLU01B0272_001 0.000 0.000 0.000 0.000 0.000
GLU01B0272_002 0.000 0.000 0.000 0.000 0.000
GLU02B0272_003 0.000 0.000 0.000 0.000 0.000
GLU02B0272_004 0.000 0.000 0.000 0.000 0.000
GLU-1B0272_005 1.000 1.000 1.000 1.000 1.000
LEU01B0273_001 1.000 1.000 1.000 1.000 1.000
TYR01B0274_001 1.000 0.995 0.995 0.994 1.000
TYR01B0274_002 0.000 0.005 0.005 0.006 0.000
TYR-1B0274_003 0.000 0.000 0.000 0.000 0.000
MET01B0275_001 1.000 1.000 1.000 1.000 1.000
MET01B0276_001 1.000 1.000 1.000 1.000 1.000
MET01B0277_001 1.000 1.000 1.000 1.000 1.000
ARG01B0278_001 0.000 0.000 0.000 0.000 0.000
ARG02B0278_002 0.000 0.000 0.000 0.000 0.000
ARG02B0278_003 0.000 0.000 0.000 0.000 0.000
ARG03B0278_004 0.000 0.000 0.000 0.000 0.000
ARG03B0278_005 0.000 0.000 0.000 0.000 0.000
ARG+1B0278_006 1.000 1.000 1.000 1.000 1.000
ASP01B0279_001 0.000 0.000 0.001 0.000 0.000
ASP01B0279_002 0.703 0.703 0.718 0.714 0.696
ASP02B0279_003 0.006 0.006 0.005 0.006 0.006
ASP02B0279_004 0.084 0.087 0.083 0.087 0.084
ASP-1B0279_005 0.208 0.205 0.194 0.193 0.213
CYS01B0280_001 0.229 0.230 0.230 0.234 0.222
CYS01B0280_002 0.514 0.516 0.508 0.511 0.524
CYS01B0280_003 0.257 0.255 0.262 0.254 0.255
CYS-1B0280_004 0.000 0.000 0.000 0.000 0.000
TRP01B0281_001 1.000 1.000 1.000 1.000 1.000
HIS01B0282_001 0.120 0.123 0.114 0.111 0.121
HIS02B0282_002 0.264 0.268 0.245 0.240 0.265
HIS+1B0282_003 0.616 0.609 0.641 0.649 0.614
ALA01B0283_001 1.000 1.000 1.000 1.000 1.000
VAL01B0284_001 1.000 1.000 1.000 1.000 1.000
PRO01B0285_001 1.000 1.000 1.000 1.000 1.000
SER01B0286_001 1.000 1.000 1.000 1.000 1.000
GLN01B0287_001 0.907 0.909 0.910 0.909 0.903
GLN01B0287_002 0.093 0.091 0.090 0.091 0.097
ARG01B0288_001 0.000 0.000 0.000 0.000 0.000
ARG02B0288_002 0.000 0.000 0.000 0.000 0.000
ARG02B0288_003 0.000 0.000 0.000 0.000 0.000
ARG03B0288_004 0.000 0.000 0.000 0.000 0.000
ARG03B0288_005 0.000 0.000 0.000 0.000 0.000
ARG+1B0288_006 1.000 1.000 1.000 1.000 1.000
PRO01B0289_001 1.000 1.000 1.000 1.000 1.000
THR01B0290_001 1.000 1.000 1.000 1.000 1.000
PHE01B0291_001 1.000 1.000 1.000 1.000 1.000
LYS01B0292_001 0.000 0.000 0.000 0.000 0.000
LYS+1B0292_002 1.000 1.000 1.000 1.000 1.000
GLN01B0293_001 1.000 1.000 1.000 1.000 1.000
GLN01B0293_002 0.000 0.000 0.000 0.000 0.000
LEU01B0294_001 1.000 1.000 1.000 1.000 1.000
VAL01B0295_001 1.000 1.000 1.000 1.000 1.000
GLU01B0296_001 0.000 0.000 0.000 0.000 0.000
GLU01B0296_002 0.000 0.000 0.001 0.000 0.001
GLU02B0296_003 0.000 0.000 0.000 0.000 0.000
GLU02B0296_004 0.000 0.000 0.000 0.000 0.000
GLU-1B0296_005 1.000 1.000 0.999 1.000 0.999
ASP01B0297_001 0.000 0.000 0.000 0.000 0.000
ASP01B0297_002 0.001 0.003 0.002 0.002 0.001
ASP02B0297_003 0.000 0.000 0.000 0.000 0.000
ASP02B0297_004 0.002 0.000 0.003 0.003 0.002
ASP-1B0297_005 0.997 0.997 0.995 0.995 0.997
LEU01B0298_001 1.000 1.000 1.000 1.000 1.000
ASP01B0299_001 0.000 0.000 0.000 0.000 0.000
ASP01B0299_002 0.000 0.000 0.000 0.000 0.000
ASP02B0299_003 0.000 0.000 0.000 0.000 0.000
ASP02B0299_004 0.000 0.000 0.000 0.000 0.000
ASP-1B0299_005 1.000 1.000 1.000 1.000 1.000
ARG01B0300_001 0.000 0.000 0.000 0.000 0.000
ARG02B0300_002 0.000 0.000 0.000 0.000 0.000
ARG02B0300_003 0.000 0.000 0.000 0.000 0.000
ARG03B0300_004 0.000 0.000 0.000 0.000 0.000
ARG03B0300_005 0.000 0.000 0.000 0.000 0.000
ARG+1B0300_006 1.000 1.000 1.000 1.000 1.000
ILE01B0301_001 1.000 1.000 1.000 1.000 1.000
VAL01B0302_001 1.000 1.000 1.000 1.000 1.000
ALA01B0303_001 1.000 1.000 1.000 1.000 1.000
LEU01B0304_001 1.000 1.000 1.000 1.000 1.000
THR01B0305_001 0.050 0.052 0.054 0.050 0.052
THR01B0305_002 0.950 0.948 0.946 0.950 0.948
SER01B0306_001 0.000 0.000 0.000 0.000 0.000
SER01B0306_002 1.000 1.000 1.000 1.000 1.000
ASN01B0307_001 0.000 0.000 0.000 0.000 0.000
ASN01B0307_002 1.000 1.000 1.000 1.000 1.000
GLN01B0308_001 0.328 0.329 0.331 0.336 0.334
GLN01B0308_002 0.672 0.671 0.669 0.664 0.666
GLU01B0309_001 0.000 0.000 0.000 0.000 0.000
GLU01B0309_002 0.001 0.000 0.000 0.001 0.000
GLU02B0309_003 0.000 0.000 0.000 0.000 0.000
GLU02B0309_004 0.000 0.000 0.000 0.000 0.000
GLU-1B0309_005 0.999 1.000 1.000 0.999 1.000
0LI11C0007_001 0.000 0.000 0.000 0.000 0.000
0LI11C0007_002 0.019 0.019 0.019 0.018 0.000
0LI12C0007_003 0.000 0.000 0.000 0.000 0.000
0LI12C0007_004 0.981 0.981 0.981 0.982 1.000
0LI01C0007_005 0.000 0.000 0.000 0.000 0.000
0LI01C0007_006 0.000 0.000 0.000 0.000 0.000
0LIDMC0007_007 0.000 0.000 0.000 0.000 0.000
0LI11D0006_001 0.000 0.000 0.000 0.000 0.000
0LI11D0006_002 0.000 0.000 0.000 0.000 0.000
0LI12D0006_003 0.000 0.000 0.000 0.000 0.000
0LI12D0006_004 1.000 1.000 1.000 1.000 1.000
0LI01D0006_005 0.000 0.000 0.000 0.000 0.000
0LI01D0006_006 0.000 0.000 0.000 0.000 0.000
0LIDMD0006_007 0.000 0.000 0.000 0.000 0.000
