 ph              7.4   7.4   7.4   7.4   7.4
MET01A0001_001 1.000 1.000 1.000 1.000 1.000
SER01A0003_001 0.022 0.022 0.022 0.022 0.022
SER01A0003_002 0.978 0.978 0.978 0.978 0.978
ALA01A0004_001 1.000 1.000 1.000 1.000 1.000
LEU01A0006_001 1.000 1.000 1.000 1.000 1.000
VAL01A0007_001 1.000 1.000 1.000 1.000 1.000
SER01A0008_001 1.000 1.000 1.000 1.000 1.000
LEU01A0009_001 1.000 1.000 1.000 1.000 1.000
ASP01A0010_001 0.000 0.000 0.000 0.000 0.000
ASP01A0010_002 0.000 0.000 0.000 0.000 0.000
ASP02A0010_003 0.000 0.000 0.000 0.000 0.000
ASP02A0010_004 0.002 0.002 0.000 0.000 0.002
ASP-1A0010_005 0.998 0.998 1.000 1.000 0.998
LEU01A0011_001 1.000 1.000 1.000 1.000 1.000
PRO01A0012_001 1.000 1.000 1.000 1.000 1.000
LEU01A0013_001 1.000 1.000 1.000 1.000 1.000
ASP01A0014_001 0.000 0.000 0.000 0.000 0.000
ASP01A0014_002 0.000 0.000 0.000 0.000 0.000
ASP02A0014_003 0.000 0.000 0.000 0.000 0.000
ASP02A0014_004 0.000 0.000 0.000 0.000 0.000
ASP-1A0014_005 1.000 1.000 1.000 1.000 1.000
PRO01A0015_001 1.000 1.000 1.000 1.000 1.000
LEU01A0016_001 1.000 1.000 1.000 1.000 1.000
TRP01A0017_001 1.000 1.000 1.000 1.000 1.000
GLU01A0018_001 0.000 0.000 0.000 0.000 0.000
GLU01A0018_002 0.000 0.000 0.000 0.000 0.000
GLU02A0018_003 0.000 0.000 0.000 0.000 0.000
GLU02A0018_004 0.000 0.000 0.000 0.000 0.000
GLU-1A0018_005 1.000 1.000 1.000 1.000 1.000
PHE01A0019_001 1.000 1.000 1.000 1.000 1.000
PRO01A0020_001 1.000 1.000 1.000 1.000 1.000
ARG01A0021_001 0.000 0.000 0.000 0.000 0.000
ARG02A0021_002 0.000 0.000 0.000 0.000 0.000
ARG02A0021_003 0.000 0.000 0.000 0.000 0.000
ARG03A0021_004 0.000 0.000 0.000 0.000 0.000
ARG+1A0021_005 1.000 1.000 1.000 1.000 1.000
ASP01A0022_001 0.000 0.000 0.000 0.000 0.000
ASP01A0022_002 0.000 0.000 0.000 0.000 0.000
ASP02A0022_003 0.000 0.000 0.000 0.000 0.000
ASP02A0022_004 0.000 0.000 0.000 0.000 0.000
ASP-1A0022_005 1.000 1.000 1.000 1.000 1.000
ARG01A0023_001 0.000 0.000 0.000 0.000 0.000
ARG02A0023_002 0.000 0.000 0.000 0.000 0.000
ARG03A0023_003 0.000 0.000 0.000 0.000 0.000
ARG+1A0023_004 1.000 1.000 1.000 1.000 1.000
LEU01A0024_001 1.000 1.000 1.000 1.000 1.000
VAL01A0025_001 1.000 1.000 1.000 1.000 1.000
LEU01A0026_001 1.000 1.000 1.000 1.000 1.000
LYS01A0028_001 0.001 0.001 0.000 0.001 0.001
LYS+1A0028_002 0.999 0.999 1.000 0.999 0.999
PRO01A0029_001 1.000 1.000 1.000 1.000 1.000
LEU01A0030_001 1.000 1.000 1.000 1.000 1.000
GLU01A0032_001 0.000 0.000 0.000 0.000 0.000
GLU01A0032_002 0.000 0.000 0.000 0.000 0.000
GLU02A0032_003 0.000 0.000 0.000 0.000 0.000
GLU02A0032_004 0.000 0.000 0.000 0.000 0.000
GLU-1A0032_005 1.000 1.000 1.000 1.000 1.000
CYS01A0034_001 0.358 0.359 0.357 0.360 0.359
CYS01A0034_002 0.331 0.332 0.332 0.330 0.331
CYS01A0034_003 0.232 0.231 0.232 0.231 0.231
CYS-1A0034_004 0.079 0.078 0.079 0.079 0.079
PHE01A0035_001 1.000 1.000 1.000 1.000 1.000
GLN01A0037_001 0.972 0.972 0.972 0.972 0.973
GLN01A0037_002 0.028 0.028 0.028 0.028 0.027
VAL01A0038_001 1.000 1.000 1.000 1.000 1.000
VAL01A0039_001 1.000 1.000 1.000 1.000 1.000
ARG01A0040_001 0.000 0.000 0.000 0.000 0.000
ARG02A0040_002 0.000 0.000 0.000 0.000 0.000
ARG03A0040_003 0.000 0.000 0.000 0.000 0.000
ARG+1A0040_004 1.000 1.000 1.000 1.000 1.000
ALA01A0041_001 1.000 1.000 1.000 1.000 1.000
GLU01A0042_001 0.000 0.000 0.000 0.000 0.000
GLU01A0042_002 0.000 0.000 0.000 0.000 0.000
GLU02A0042_003 0.000 0.000 0.000 0.000 0.000
GLU02A0042_004 0.000 0.000 0.001 0.002 0.000
GLU-1A0042_005 1.000 1.000 0.999 0.998 1.000
ALA01A0043_001 1.000 1.000 1.000 1.000 1.000
PHE01A0044_001 1.000 1.000 1.000 1.000 1.000
MET01A0046_001 1.000 1.000 1.000 1.000 1.000
ASP01A0047_001 0.000 0.000 0.000 0.000 0.000
ASP01A0047_002 0.000 0.000 0.000 0.000 0.000
ASP02A0047_003 0.000 0.000 0.000 0.000 0.000
ASP02A0047_004 0.000 0.000 0.000 0.000 0.000
ASP-1A0047_005 1.000 1.000 1.000 1.000 1.000
PRO01A0048_001 1.000 1.000 1.000 1.000 1.000
ALA01A0049_001 1.000 1.000 1.000 1.000 1.000
ARG01A0050_001 0.000 0.000 0.000 0.000 0.000
ARG02A0050_002 0.000 0.000 0.000 0.000 0.000
ARG03A0050_003 0.000 0.000 0.000 0.000 0.000
ARG+1A0050_004 1.000 1.000 1.000 1.000 1.000
PRO01A0051_001 1.000 1.000 1.000 1.000 1.000
ASP01A0052_001 0.000 0.000 0.000 0.000 0.000
ASP01A0052_002 0.000 0.000 0.000 0.000 0.000
ASP02A0052_003 0.000 0.000 0.000 0.000 0.000
ASP02A0052_004 0.000 0.000 0.000 0.000 0.000
ASP-1A0052_005 1.000 1.000 1.000 1.000 1.000
GLN01A0053_001 0.619 0.618 0.618 0.619 0.621
GLN01A0053_002 0.381 0.382 0.382 0.381 0.379
ALA01A0054_001 1.000 1.000 1.000 1.000 1.000
SER01A0055_001 1.000 1.000 1.000 1.000 1.000
THR01A0056_001 1.000 1.000 1.000 1.000 1.000
VAL01A0057_001 1.000 1.000 1.000 1.000 1.000
ALA01A0058_001 1.000 1.000 1.000 1.000 1.000
VAL01A0059_001 1.000 1.000 1.000 1.000 1.000
LYS01A0060_001 0.000 0.000 0.000 0.000 0.000
LYS+1A0060_002 1.000 1.000 1.000 1.000 1.000
MET01A0061_001 1.000 1.000 1.000 1.000 1.000
LEU01A0062_001 1.000 1.000 1.000 1.000 1.000
LYS01A0063_001 0.883 0.884 0.883 0.883 0.884
LYS+1A0063_002 0.117 0.116 0.117 0.117 0.116
ASP01A0064_001 0.000 0.000 0.000 0.000 0.000
ASP01A0064_002 0.000 0.000 0.000 0.000 0.000
ASP02A0064_003 0.000 0.000 0.000 0.000 0.000
ASP02A0064_004 0.000 0.000 0.000 0.000 0.000
ASP-1A0064_005 1.000 1.000 1.000 1.000 1.000
ASN01A0065_001 1.000 1.000 1.000 1.000 1.000
ALA01A0066_001 1.000 1.000 1.000 1.000 1.000
SER01A0067_001 0.834 0.835 0.834 0.833 0.833
SER01A0067_002 0.166 0.165 0.166 0.167 0.167
ASP01A0068_001 0.000 0.000 0.000 0.000 0.000
ASP01A0068_002 0.000 0.000 0.000 0.000 0.000
ASP02A0068_003 0.000 0.000 0.000 0.000 0.000
ASP02A0068_004 0.000 0.000 0.000 0.000 0.000
ASP-1A0068_005 1.000 1.000 1.000 1.000 1.000
LYS01A0069_001 0.000 0.000 0.000 0.000 0.000
LYS+1A0069_002 1.000 1.000 1.000 1.000 1.000
ASP01A0070_001 0.000 0.000 0.000 0.000 0.000
ASP01A0070_002 0.000 0.000 0.000 0.000 0.000
ASP02A0070_003 0.000 0.000 0.000 0.000 0.000
ASP02A0070_004 0.000 0.000 0.000 0.000 0.000
ASP-1A0070_005 1.000 1.000 1.000 1.000 1.000
LEU01A0071_001 1.000 1.000 1.000 1.000 1.000
ALA01A0072_001 1.000 1.000 1.000 1.000 1.000
ASP01A0073_001 0.000 0.000 0.000 0.000 0.000
ASP01A0073_002 0.002 0.002 0.002 0.002 0.002
ASP02A0073_003 0.000 0.000 0.000 0.000 0.000
ASP02A0073_004 0.002 0.002 0.002 0.002 0.002
ASP-1A0073_005 0.996 0.996 0.997 0.997 0.997
LEU01A0074_001 1.000 1.000 1.000 1.000 1.000
VAL01A0075_001 1.000 1.000 1.000 1.000 1.000
SER01A0076_001 1.000 1.000 1.000 1.000 1.000
GLU01A0077_001 0.000 0.000 0.000 0.000 0.000
GLU01A0077_002 0.000 0.000 0.000 0.000 0.000
GLU02A0077_003 0.000 0.000 0.000 0.000 0.000
GLU02A0077_004 0.000 0.000 0.000 0.000 0.000
GLU-1A0077_005 1.000 1.000 1.000 1.000 1.000
MET01A0078_001 1.000 1.000 1.000 1.000 1.000
GLU01A0079_001 0.000 0.000 0.000 0.000 0.000
GLU01A0079_002 0.000 0.000 0.000 0.000 0.000
GLU02A0079_003 0.000 0.000 0.000 0.000 0.000
GLU02A0079_004 0.000 0.000 0.000 0.000 0.000
GLU-1A0079_005 1.000 1.000 1.000 1.000 1.000
VAL01A0080_001 1.000 1.000 1.000 1.000 1.000
MET01A0081_001 1.000 1.000 1.000 1.000 1.000
LYS01A0082_001 0.000 0.000 0.000 0.000 0.000
LYS+1A0082_002 1.000 1.000 1.000 1.000 1.000
LEU01A0083_001 1.000 1.000 1.000 1.000 1.000
ILE01A0084_001 1.000 1.000 1.000 1.000 1.000
ARG01A0086_001 0.000 0.000 0.000 0.000 0.000
ARG02A0086_002 0.000 0.000 0.000 0.000 0.000
ARG03A0086_003 0.000 0.000 0.000 0.000 0.000
ARG+1A0086_004 1.000 1.000 1.000 1.000 1.000
HIS01A0087_001 0.985 0.984 0.985 0.984 0.984
HIS01A0087_002 0.003 0.003 0.003 0.004 0.004
HIS02A0087_003 0.006 0.006 0.006 0.006 0.006
HIS02A0087_004 0.006 0.006 0.006 0.006 0.006
HIS+1A0087_005 0.000 0.000 0.000 0.000 0.000
HIS+1A0087_006 0.000 0.000 0.000 0.000 0.000
LYS01A0088_001 0.004 0.004 0.004 0.004 0.004
LYS+1A0088_002 0.996 0.996 0.996 0.996 0.996
ASN01A0089_001 0.998 0.998 0.998 0.998 0.998
ASN01A0089_002 0.002 0.002 0.002 0.002 0.002
ILE01A0090_001 1.000 1.000 1.000 1.000 1.000
ILE01A0091_001 1.000 1.000 1.000 1.000 1.000
ASN01A0092_001 0.911 0.910 0.911 0.912 0.912
ASN01A0092_002 0.089 0.090 0.089 0.088 0.088
LEU01A0093_001 1.000 1.000 1.000 1.000 1.000
LEU01A0094_001 1.000 1.000 1.000 1.000 1.000
VAL01A0096_001 1.000 1.000 1.000 1.000 1.000
CYS01A0097_001 0.844 0.845 0.844 0.845 0.845
CYS01A0097_002 0.074 0.074 0.075 0.073 0.073
CYS01A0097_003 0.082 0.081 0.082 0.081 0.082
CYS-1A0097_004 0.000 0.000 0.000 0.000 0.000
THR01A0098_001 0.993 0.993 0.993 0.993 0.993
THR01A0098_002 0.000 0.000 0.000 0.000 0.000
THR01A0098_003 0.007 0.007 0.007 0.007 0.007
GLN01A0099_001 0.940 0.940 0.941 0.941 0.940
GLN01A0099_002 0.060 0.060 0.059 0.059 0.060
GLU01A0100_001 0.000 0.000 0.000 0.000 0.000
GLU01A0100_002 0.000 0.000 0.000 0.000 0.000
GLU02A0100_003 0.000 0.000 0.000 0.000 0.000
GLU02A0100_004 0.000 0.000 0.000 0.000 0.000
GLU-1A0100_005 1.000 1.000 1.000 1.000 1.000
PRO01A0102_001 1.000 1.000 1.000 1.000 1.000
LEU01A0103_001 1.000 1.000 1.000 1.000 1.000
TYR01A0104_001 1.000 1.000 1.000 1.000 1.000
TYR-1A0104_002 0.000 0.000 0.000 0.000 0.000
VAL01A0105_001 1.000 1.000 1.000 1.000 1.000
ILE01A0106_001 1.000 1.000 1.000 1.000 1.000
VAL01A0107_001 1.000 1.000 1.000 1.000 1.000
GLU01A0108_001 0.000 0.000 0.000 0.000 0.000
GLU01A0108_002 0.000 0.000 0.000 0.000 0.000
GLU02A0108_003 0.000 0.000 0.000 0.000 0.000
GLU02A0108_004 0.000 0.000 0.000 0.000 0.000
GLU-1A0108_005 1.000 1.000 1.000 1.000 1.000
CYS01A0109_001 0.469 0.469 0.470 0.469 0.469
CYS01A0109_002 0.292 0.292 0.292 0.292 0.293
CYS01A0109_003 0.239 0.239 0.238 0.239 0.238
CYS-1A0109_004 0.000 0.000 0.000 0.000 0.000
ALA01A0110_001 1.000 1.000 1.000 1.000 1.000
ALA01A0111_001 1.000 1.000 1.000 1.000 1.000
LYS01A0112_001 0.000 0.000 0.000 0.000 0.000
LYS+1A0112_002 1.000 1.000 1.000 1.000 1.000
ASN01A0114_001 1.000 1.000 1.000 1.000 1.000
ASN01A0114_002 0.000 0.000 0.000 0.000 0.000
LEU01A0115_001 1.000 1.000 1.000 1.000 1.000
ARG01A0116_001 0.000 0.000 0.000 0.000 0.000
ARG02A0116_002 0.000 0.000 0.000 0.000 0.000
ARG03A0116_003 0.000 0.000 0.000 0.000 0.000
ARG+1A0116_004 1.000 1.000 1.000 1.000 1.000
GLU01A0117_001 0.000 0.000 0.000 0.000 0.000
GLU01A0117_002 0.000 0.000 0.000 0.000 0.000
GLU02A0117_003 0.000 0.000 0.000 0.000 0.000
GLU02A0117_004 0.000 0.000 0.000 0.000 0.000
GLU-1A0117_005 1.000 1.000 1.000 1.000 1.000
PHE01A0118_001 1.000 1.000 1.000 1.000 1.000
LEU01A0119_001 1.000 1.000 1.000 1.000 1.000
ARG01A0120_001 0.000 0.000 0.000 0.000 0.000
ARG02A0120_002 0.000 0.000 0.000 0.000 0.000
ARG03A0120_003 0.000 0.000 0.000 0.000 0.000
ARG+1A0120_004 1.000 1.000 1.000 1.000 1.000
ALA01A0121_001 1.000 1.000 1.000 1.000 1.000
ARG01A0122_001 0.000 0.000 0.000 0.000 0.000
ARG02A0122_002 0.000 0.000 0.000 0.000 0.000
ARG03A0122_003 0.000 0.000 0.000 0.000 0.000
ARG+1A0122_004 1.000 1.000 1.000 1.000 1.000
ARG01A0123_001 0.000 0.000 0.000 0.000 0.000
ARG02A0123_002 0.000 0.000 0.000 0.000 0.000
ARG03A0123_003 0.000 0.000 0.000 0.000 0.000
ARG+1A0123_004 1.000 1.000 1.000 1.000 1.000
PRO01A0124_001 1.000 1.000 1.000 1.000 1.000
PRO01A0125_001 1.000 1.000 1.000 1.000 1.000
PRO01A0127_001 1.000 1.000 1.000 1.000 1.000
ASP01A0128_001 0.000 0.000 0.000 0.000 0.000
ASP01A0128_002 0.004 0.004 0.004 0.004 0.004
ASP02A0128_003 0.000 0.000 0.000 0.000 0.000
ASP02A0128_004 0.000 0.000 0.000 0.000 0.000
ASP-1A0128_005 0.996 0.996 0.996 0.996 0.996
LEU01A0129_001 1.000 1.000 1.000 1.000 1.000
SER01A0130_001 0.310 0.311 0.311 0.311 0.308
SER01A0130_002 0.690 0.689 0.689 0.689 0.692
PRO01A0131_001 1.000 1.000 1.000 1.000 1.000
ASP01A0132_001 0.000 0.000 0.000 0.000 0.000
ASP01A0132_002 0.000 0.000 0.000 0.000 0.000
ASP02A0132_003 0.000 0.000 0.000 0.000 0.000
ASP02A0132_004 0.000 0.000 0.000 0.000 0.000
ASP-1A0132_005 1.000 1.000 1.000 1.000 1.000
PRO01A0134_001 1.000 1.000 1.000 1.000 1.000
ARG01A0135_001 0.000 0.000 0.000 0.000 0.000
ARG02A0135_002 0.000 0.000 0.000 0.000 0.000
ARG03A0135_003 0.000 0.000 0.000 0.000 0.000
ARG03A0135_004 0.000 0.000 0.000 0.000 0.000
ARG+1A0135_005 1.000 1.000 1.000 1.000 1.000
SER01A0136_001 0.000 0.000 0.000 0.000 0.000
SER01A0136_002 0.000 0.000 0.000 0.000 0.000
SER01A0136_003 1.000 1.000 1.000 1.000 1.000
SER01A0137_001 1.000 1.000 1.000 1.000 1.000
GLU01A0138_001 0.000 0.000 0.000 0.000 0.000
GLU01A0138_002 0.000 0.000 0.000 0.000 0.000
GLU02A0138_003 0.000 0.000 0.000 0.000 0.000
GLU02A0138_004 0.000 0.000 0.000 0.000 0.000
GLU-1A0138_005 1.000 1.000 1.000 1.000 1.000
PRO01A0140_001 1.000 1.000 1.000 1.000 1.000
LEU01A0141_001 1.000 1.000 1.000 1.000 1.000
SER01A0142_001 1.000 1.000 1.000 1.000 1.000
PHE01A0143_001 1.000 1.000 1.000 1.000 1.000
PRO01A0144_001 1.000 1.000 1.000 1.000 1.000
VAL01A0145_001 1.000 1.000 1.000 1.000 1.000
LEU01A0146_001 1.000 1.000 1.000 1.000 1.000
VAL01A0147_001 1.000 1.000 1.000 1.000 1.000
SER01A0148_001 0.199 0.200 0.200 0.200 0.201
SER01A0148_002 0.801 0.800 0.800 0.800 0.799
CYS01A0149_001 0.212 0.213 0.213 0.212 0.213
CYS01A0149_002 0.640 0.640 0.639 0.639 0.639
CYS01A0149_003 0.148 0.148 0.148 0.149 0.148
CYS-1A0149_004 0.000 0.000 0.000 0.000 0.000
ALA01A0150_001 1.000 1.000 1.000 1.000 1.000
TYR01A0151_001 1.000 1.000 1.000 1.000 1.000
TYR-1A0151_002 0.000 0.000 0.000 0.000 0.000
GLN01A0152_001 1.000 1.000 1.000 1.000 1.000
GLN01A0152_002 0.000 0.000 0.000 0.000 0.000
VAL01A0153_001 1.000 1.000 1.000 1.000 1.000
ALA01A0154_001 1.000 1.000 1.000 1.000 1.000
ARG01A0155_001 0.000 0.000 0.000 0.000 0.000
ARG02A0155_002 0.000 0.000 0.000 0.000 0.000
ARG02A0155_003 0.000 0.000 0.000 0.000 0.000
ARG03A0155_004 0.000 0.000 0.000 0.000 0.000
ARG+1A0155_005 1.000 1.000 1.000 1.000 1.000
MET01A0157_001 1.000 1.000 1.000 1.000 1.000
GLN01A0158_001 0.826 0.826 0.825 0.825 0.825
GLN01A0158_002 0.174 0.174 0.175 0.175 0.175
TYR01A0159_001 1.000 1.000 1.000 1.000 1.000
TYR-1A0159_002 0.000 0.000 0.000 0.000 0.000
LEU01A0160_001 1.000 1.000 1.000 1.000 1.000
GLU01A0161_001 0.000 0.000 0.000 0.000 0.000
GLU01A0161_002 0.000 0.001 0.000 0.000 0.000
GLU02A0161_003 0.000 0.000 0.000 0.000 0.000
GLU02A0161_004 0.009 0.007 0.010 0.010 0.010
GLU-1A0161_005 0.991 0.992 0.990 0.990 0.990
SER01A0162_001 1.000 1.000 1.000 1.000 1.000
ARG01A0163_001 0.000 0.000 0.000 0.000 0.000
ARG02A0163_002 0.000 0.000 0.000 0.000 0.000
ARG02A0163_003 0.000 0.000 0.000 0.000 0.000
ARG03A0163_004 0.000 0.000 0.000 0.000 0.000
ARG+1A0163_005 1.000 1.000 1.000 1.000 1.000
LYS01A0164_001 0.000 0.000 0.000 0.000 0.000
LYS+1A0164_002 1.000 1.000 1.000 1.000 1.000
CYS01A0165_001 0.141 0.143 0.143 0.141 0.142
CYS01A0165_002 0.555 0.553 0.553 0.554 0.554
CYS01A0165_003 0.303 0.305 0.304 0.304 0.304
CYS-1A0165_004 0.000 0.000 0.000 0.000 0.000
ILE01A0166_001 1.000 1.000 1.000 1.000 1.000
HIS01A0167_001 1.000 1.000 1.000 1.000 1.000
HIS02A0167_002 0.000 0.000 0.000 0.000 0.000
HIS+1A0167_003 0.000 0.000 0.000 0.000 0.000
ARG01A0168_001 0.000 0.000 0.000 0.000 0.000
ARG02A0168_002 0.000 0.000 0.000 0.000 0.000
ARG03A0168_003 0.000 0.000 0.000 0.000 0.000
ARG+1A0168_004 1.000 1.000 1.000 1.000 1.000
ASP01A0169_001 0.004 0.004 0.004 0.004 0.004
ASP01A0169_002 0.043 0.044 0.044 0.043 0.043
ASP02A0169_003 0.004 0.004 0.004 0.004 0.004
ASP02A0169_004 0.005 0.005 0.005 0.005 0.005
ASP-1A0169_005 0.944 0.943 0.943 0.944 0.944
LEU01A0170_001 1.000 1.000 1.000 1.000 1.000
ALA01A0171_001 1.000 1.000 1.000 1.000 1.000
ALA01A0172_001 1.000 1.000 1.000 1.000 1.000
ARG01A0173_001 0.000 0.000 0.000 0.000 0.000
ARG02A0173_002 0.000 0.000 0.000 0.000 0.000
ARG03A0173_003 0.000 0.000 0.000 0.000 0.000
ARG03A0173_004 0.000 0.000 0.000 0.000 0.000
ARG+1A0173_005 1.000 1.000 1.000 1.000 1.000
ASN01A0174_001 1.000 1.000 1.000 1.000 1.000
ASN01A0174_002 0.000 0.000 0.000 0.000 0.000
VAL01A0175_001 1.000 1.000 1.000 1.000 1.000
LEU01A0176_001 1.000 1.000 1.000 1.000 1.000
VAL01A0177_001 1.000 1.000 1.000 1.000 1.000
THR01A0178_001 1.000 1.000 1.000 1.000 1.000
GLU01A0179_001 0.000 0.000 0.000 0.000 0.000
GLU01A0179_002 0.000 0.000 0.000 0.000 0.000
GLU02A0179_003 0.000 0.000 0.000 0.000 0.000
GLU02A0179_004 0.000 0.000 0.000 0.000 0.000
GLU-1A0179_005 1.000 1.000 1.000 1.000 1.000
ASP01A0180_001 0.000 0.000 0.000 0.000 0.000
ASP01A0180_002 0.000 0.000 0.000 0.000 0.000
ASP02A0180_003 0.000 0.000 0.000 0.000 0.000
ASP02A0180_004 0.000 0.000 0.000 0.000 0.000
ASP-1A0180_005 1.000 1.000 1.000 1.000 1.000
ASN01A0181_001 1.000 1.000 1.000 1.000 1.000
VAL01A0182_001 1.000 1.000 1.000 1.000 1.000
MET01A0183_001 1.000 1.000 1.000 1.000 1.000
LYS01A0184_001 0.000 0.000 0.000 0.000 0.000
LYS+1A0184_002 1.000 1.000 1.000 1.000 1.000
ILE01A0185_001 1.000 1.000 1.000 1.000 1.000
ALA01A0186_001 1.000 1.000 1.000 1.000 1.000
ASP01A0187_001 0.000 0.000 0.000 0.000 0.000
ASP01A0187_002 0.064 0.063 0.063 0.063 0.063
ASP02A0187_003 0.000 0.000 0.000 0.000 0.000
ASP02A0187_004 0.004 0.004 0.004 0.004 0.004
ASP-1A0187_005 0.932 0.933 0.932 0.932 0.933
PHE01A0188_001 1.000 1.000 1.000 1.000 1.000
LEU01A0190_001 1.000 1.000 1.000 1.000 1.000
ALA01A0191_001 1.000 1.000 1.000 1.000 1.000
ARG01A0192_001 0.000 0.000 0.000 0.000 0.000
ARG02A0192_002 0.000 0.000 0.000 0.000 0.000
ARG02A0192_003 0.000 0.000 0.000 0.000 0.000
ARG03A0192_004 0.000 0.000 0.000 0.000 0.000
ARG+1A0192_005 1.000 1.000 1.000 1.000 1.000
VAL01A0194_001 1.000 1.000 1.000 1.000 1.000
HIS01A0195_001 0.112 0.112 0.112 0.111 0.113
HIS02A0195_002 0.887 0.888 0.888 0.889 0.887
HIS+1A0195_003 0.000 0.000 0.000 0.000 0.001
HIS01A0196_001 0.037 0.038 0.037 0.037 0.037
HIS01A0196_002 0.076 0.075 0.075 0.075 0.074
HIS02A0196_003 0.035 0.035 0.035 0.035 0.035
HIS02A0196_004 0.295 0.296 0.298 0.298 0.299
HIS+1A0196_005 0.088 0.089 0.088 0.088 0.087
HIS+1A0196_006 0.469 0.467 0.466 0.467 0.467
ILE01A0197_001 1.000 1.000 1.000 1.000 1.000
ASP01A0198_001 0.000 0.000 0.000 0.000 0.000
ASP01A0198_002 0.000 0.000 0.000 0.000 0.000
ASP02A0198_003 0.000 0.000 0.000 0.000 0.000
ASP02A0198_004 0.000 0.000 0.000 0.000 0.000
ASP-1A0198_005 1.000 1.000 1.000 1.000 1.000
TYR01A0199_001 0.995 0.995 0.995 0.995 0.995
TYR-1A0199_002 0.005 0.005 0.005 0.005 0.005
TYR01A0200_001 0.972 0.973 0.972 0.972 0.972
TYR-1A0200_002 0.028 0.027 0.028 0.028 0.028
LYS01A0201_001 0.003 0.002 0.003 0.002 0.002
LYS+1A0201_002 0.997 0.998 0.997 0.998 0.998
LYS01A0202_001 0.010 0.010 0.010 0.010 0.010
LYS+1A0202_002 0.990 0.990 0.990 0.990 0.990
THR01A0203_001 1.000 1.000 1.000 1.000 1.000
THR01A0203_002 0.000 0.000 0.000 0.000 0.000
SER01A0204_001 1.000 1.000 1.000 1.000 1.000
ASN01A0205_001 1.000 1.000 1.000 1.000 1.000
ARG01A0207_001 0.000 0.000 0.000 0.000 0.000
ARG02A0207_002 0.000 0.000 0.000 0.000 0.000
ARG03A0207_003 0.000 0.000 0.000 0.000 0.000
ARG+1A0207_004 1.000 1.000 1.000 1.000 1.000
LEU01A0208_001 1.000 1.000 1.000 1.000 1.000
PRO01A0209_001 1.000 1.000 1.000 1.000 1.000
VAL01A0210_001 1.000 1.000 1.000 1.000 1.000
LYS01A0211_001 0.003 0.003 0.003 0.003 0.003
LYS+1A0211_002 0.997 0.997 0.997 0.997 0.997
TRP01A0212_001 1.000 1.000 1.000 1.000 1.000
MET01A0213_001 1.000 1.000 1.000 1.000 1.000
ALA01A0214_001 1.000 1.000 1.000 1.000 1.000
PRO01A0215_001 1.000 1.000 1.000 1.000 1.000
GLU01A0216_001 0.000 0.000 0.000 0.000 0.000
GLU01A0216_002 0.000 0.000 0.000 0.000 0.000
GLU02A0216_003 0.000 0.000 0.000 0.000 0.000
GLU02A0216_004 0.000 0.000 0.000 0.000 0.000
GLU-1A0216_005 1.000 1.000 1.000 1.000 1.000
ALA01A0217_001 1.000 1.000 1.000 1.000 1.000
LEU01A0218_001 1.000 1.000 1.000 1.000 1.000
PHE01A0219_001 1.000 1.000 1.000 1.000 1.000
ASP01A0220_001 0.000 0.000 0.000 0.000 0.000
ASP01A0220_002 0.000 0.000 0.000 0.000 0.000
ASP02A0220_003 0.000 0.000 0.000 0.000 0.000
ASP02A0220_004 0.000 0.000 0.000 0.000 0.000
ASP-1A0220_005 1.000 1.000 1.000 1.000 1.000
ARG01A0221_001 0.000 0.000 0.000 0.000 0.000
ARG02A0221_002 0.000 0.000 0.000 0.000 0.000
ARG03A0221_003 0.000 0.000 0.000 0.000 0.000
ARG+1A0221_004 1.000 1.000 1.000 1.000 1.000
VAL01A0222_001 1.000 1.000 1.000 1.000 1.000
TYR01A0223_001 0.617 0.617 0.615 0.616 0.615
TYR01A0223_002 0.383 0.383 0.385 0.384 0.385
TYR-1A0223_003 0.000 0.000 0.000 0.000 0.000
THR01A0224_001 0.003 0.003 0.003 0.003 0.003
THR01A0224_002 0.997 0.997 0.997 0.997 0.997
HIS01A0225_001 0.000 0.000 0.000 0.000 0.000
HIS01A0225_002 0.022 0.022 0.023 0.022 0.022
HIS02A0225_003 0.390 0.392 0.391 0.390 0.389
HIS02A0225_004 0.006 0.006 0.007 0.006 0.007
HIS+1A0225_005 0.564 0.562 0.562 0.564 0.565
HIS+1A0225_006 0.017 0.018 0.017 0.017 0.018
GLN01A0226_001 0.962 0.961 0.961 0.961 0.962
GLN01A0226_002 0.038 0.039 0.039 0.039 0.038
SER01A0227_001 1.000 1.000 1.000 1.000 1.000
ASP01A0228_001 0.000 0.000 0.000 0.000 0.000
ASP01A0228_002 0.000 0.000 0.000 0.000 0.000
ASP02A0228_003 0.000 0.000 0.000 0.000 0.000
ASP02A0228_004 0.000 0.000 0.000 0.000 0.000
ASP-1A0228_005 1.000 1.000 1.000 1.000 1.000
VAL01A0229_001 1.000 1.000 1.000 1.000 1.000
TRP01A0230_001 1.000 1.000 1.000 1.000 1.000
SER01A0231_001 0.929 0.928 0.929 0.929 0.929
SER01A0231_002 0.071 0.072 0.071 0.071 0.071
PHE01A0232_001 1.000 1.000 1.000 1.000 1.000
ILE01A0234_001 1.000 1.000 1.000 1.000 1.000
LEU01A0235_001 1.000 1.000 1.000 1.000 1.000
LEU01A0236_001 1.000 1.000 1.000 1.000 1.000
TRP01A0237_001 1.000 1.000 1.000 1.000 1.000
GLU01A0238_001 0.000 0.000 0.000 0.000 0.000
GLU01A0238_002 0.000 0.000 0.000 0.000 0.000
GLU02A0238_003 0.000 0.000 0.000 0.000 0.000
GLU02A0238_004 0.007 0.006 0.007 0.007 0.006
GLU-1A0238_005 0.993 0.994 0.993 0.993 0.994
ILE01A0239_001 1.000 1.000 1.000 1.000 1.000
PHE01A0240_001 1.000 1.000 1.000 1.000 1.000
THR01A0241_001 1.000 1.000 1.000 1.000 1.000
THR01A0241_002 0.000 0.000 0.000 0.000 0.000
LEU01A0242_001 1.000 1.000 1.000 1.000 1.000
SER01A0245_001 0.038 0.038 0.037 0.037 0.038
SER01A0245_002 0.010 0.010 0.010 0.010 0.010
SER01A0245_003 0.952 0.952 0.953 0.953 0.952
PRO01A0246_001 1.000 1.000 1.000 1.000 1.000
TYR01A0247_001 0.018 0.018 0.018 0.018 0.018
TYR01A0247_002 0.982 0.982 0.982 0.982 0.982
TYR-1A0247_003 0.000 0.000 0.000 0.000 0.000
PRO01A0248_001 1.000 1.000 1.000 1.000 1.000
ILE01A0250_001 1.000 1.000 1.000 1.000 1.000
PRO01A0251_001 1.000 1.000 1.000 1.000 1.000
VAL01A0252_001 1.000 1.000 1.000 1.000 1.000
GLU01A0253_001 0.000 0.000 0.000 0.000 0.000
GLU01A0253_002 0.000 0.000 0.000 0.000 0.000
GLU02A0253_003 0.000 0.000 0.000 0.000 0.000
GLU02A0253_004 0.000 0.000 0.000 0.000 0.000
GLU-1A0253_005 1.000 1.000 1.000 1.000 1.000
GLU01A0254_001 0.000 0.000 0.000 0.000 0.000
GLU01A0254_002 0.000 0.000 0.000 0.002 0.000
GLU02A0254_003 0.000 0.000 0.000 0.000 0.000
GLU02A0254_004 0.000 0.000 0.002 0.000 0.000
GLU-1A0254_005 1.000 1.000 0.998 0.998 1.000
LEU01A0255_001 1.000 1.000 1.000 1.000 1.000
PHE01A0256_001 1.000 1.000 1.000 1.000 1.000
SER01A0257_001 1.000 1.000 1.000 1.000 1.000
LEU01A0258_001 1.000 1.000 1.000 1.000 1.000
LEU01A0259_001 1.000 1.000 1.000 1.000 1.000
ARG01A0260_001 0.000 0.000 0.000 0.000 0.000
ARG02A0260_002 0.000 0.000 0.000 0.000 0.000
ARG03A0260_003 0.000 0.000 0.000 0.000 0.000
ARG+1A0260_004 1.000 1.000 1.000 1.000 1.000
GLU01A0261_001 0.000 0.000 0.000 0.000 0.000
GLU01A0261_002 0.000 0.000 0.000 0.000 0.000
GLU02A0261_003 0.000 0.000 0.000 0.000 0.000
GLU02A0261_004 0.002 0.000 0.000 0.002 0.002
GLU-1A0261_005 0.998 1.000 1.000 0.998 0.998
HIS01A0263_001 0.200 0.201 0.201 0.201 0.201
HIS01A0263_002 0.247 0.247 0.247 0.247 0.247
HIS02A0263_003 0.187 0.187 0.187 0.188 0.188
HIS02A0263_004 0.085 0.084 0.084 0.085 0.084
HIS+1A0263_005 0.039 0.039 0.040 0.039 0.040
HIS+1A0263_006 0.243 0.241 0.241 0.240 0.240
ARG01A0264_001 0.000 0.000 0.000 0.000 0.000
ARG02A0264_002 0.000 0.000 0.000 0.000 0.000
ARG02A0264_003 0.000 0.000 0.000 0.000 0.000
ARG03A0264_004 0.000 0.000 0.000 0.000 0.000
ARG+1A0264_005 1.000 1.000 1.000 1.000 1.000
MET01A0265_001 1.000 1.000 1.000 1.000 1.000
ASP01A0266_001 0.000 0.000 0.000 0.000 0.000
ASP01A0266_002 0.000 0.000 0.000 0.000 0.000
ASP02A0266_003 0.000 0.000 0.000 0.000 0.000
ASP02A0266_004 0.000 0.000 0.000 0.000 0.000
ASP-1A0266_005 1.000 1.000 1.000 1.000 1.000
ARG01A0267_001 0.000 0.000 0.000 0.000 0.000
ARG02A0267_002 0.000 0.000 0.000 0.000 0.000
ARG02A0267_003 0.000 0.000 0.000 0.000 0.000
ARG03A0267_004 0.000 0.000 0.000 0.000 0.000
ARG+1A0267_005 1.000 1.000 1.000 1.000 1.000
PRO01A0268_001 1.000 1.000 1.000 1.000 1.000
PRO01A0269_001 1.000 1.000 1.000 1.000 1.000
HIS01A0270_001 0.131 0.130 0.130 0.131 0.131
HIS01A0270_002 0.080 0.080 0.080 0.080 0.079
HIS02A0270_003 0.261 0.261 0.261 0.261 0.262
HIS02A0270_004 0.195 0.198 0.196 0.196 0.196
HIS+1A0270_005 0.242 0.241 0.241 0.240 0.241
HIS+1A0270_006 0.091 0.091 0.092 0.092 0.091
CYS01A0271_001 0.289 0.288 0.287 0.289 0.288
CYS01A0271_002 0.348 0.348 0.349 0.349 0.349
CYS01A0271_003 0.364 0.364 0.364 0.363 0.363
CYS-1A0271_004 0.000 0.000 0.000 0.000 0.000
PRO01A0272_001 1.000 1.000 1.000 1.000 1.000
PRO01A0273_001 1.000 1.000 1.000 1.000 1.000
GLU01A0274_001 0.000 0.000 0.000 0.000 0.000
GLU01A0274_002 0.000 0.000 0.000 0.000 0.000
GLU02A0274_003 0.000 0.000 0.000 0.000 0.000
GLU02A0274_004 0.000 0.000 0.000 0.000 0.000
GLU-1A0274_005 1.000 1.000 1.000 1.000 1.000
LEU01A0275_001 1.000 1.000 1.000 1.000 1.000
TYR01A0276_001 0.986 0.986 0.986 0.986 0.986
TYR01A0276_002 0.014 0.014 0.014 0.014 0.014
TYR-1A0276_003 0.000 0.000 0.000 0.000 0.000
LEU01A0278_001 1.000 1.000 1.000 1.000 1.000
MET01A0279_001 1.000 1.000 1.000 1.000 1.000
ARG01A0280_001 0.000 0.000 0.000 0.000 0.000
ARG02A0280_002 0.000 0.000 0.000 0.000 0.000
ARG02A0280_003 0.000 0.000 0.000 0.000 0.000
ARG03A0280_004 0.000 0.000 0.000 0.000 0.000
ARG+1A0280_005 1.000 1.000 1.000 1.000 1.000
GLU01A0281_001 0.000 0.000 0.000 0.000 0.000
GLU01A0281_002 0.000 0.000 0.000 0.000 0.000
GLU02A0281_003 0.000 0.000 0.000 0.000 0.000
GLU02A0281_004 0.000 0.000 0.000 0.000 0.000
GLU-1A0281_005 1.000 1.000 1.000 1.000 1.000
CYS01A0282_001 0.260 0.259 0.258 0.260 0.258
CYS01A0282_002 0.547 0.548 0.549 0.548 0.549
CYS01A0282_003 0.194 0.194 0.193 0.192 0.192
CYS-1A0282_004 0.000 0.000 0.000 0.000 0.000
TRP01A0283_001 1.000 1.000 1.000 1.000 1.000
HIS01A0284_001 0.251 0.249 0.250 0.248 0.250
HIS01A0284_002 0.017 0.017 0.016 0.017 0.017
HIS02A0284_003 0.183 0.184 0.184 0.185 0.185
HIS02A0284_004 0.483 0.483 0.482 0.482 0.481
HIS+1A0284_005 0.042 0.043 0.043 0.042 0.042
HIS+1A0284_006 0.025 0.025 0.025 0.026 0.025
ALA01A0285_001 1.000 1.000 1.000 1.000 1.000
ALA01A0286_001 1.000 1.000 1.000 1.000 1.000
PRO01A0287_001 1.000 1.000 1.000 1.000 1.000
SER01A0288_001 0.011 0.011 0.011 0.010 0.010
SER01A0288_002 0.989 0.989 0.989 0.990 0.990
GLN01A0289_001 0.925 0.925 0.926 0.926 0.926
GLN01A0289_002 0.075 0.075 0.074 0.074 0.074
ARG01A0290_001 0.000 0.000 0.000 0.000 0.000
ARG02A0290_002 0.000 0.000 0.000 0.000 0.000
ARG02A0290_003 0.000 0.000 0.000 0.000 0.000
ARG03A0290_004 0.000 0.000 0.000 0.000 0.000
ARG03A0290_005 0.000 0.000 0.000 0.000 0.000
ARG+1A0290_006 1.000 1.000 1.000 1.000 1.000
PRO01A0291_001 1.000 1.000 1.000 1.000 1.000
THR01A0292_001 0.025 0.025 0.025 0.025 0.026
THR01A0292_002 0.000 0.000 0.000 0.000 0.000
THR01A0292_003 0.975 0.975 0.975 0.975 0.974
PHE01A0293_001 1.000 1.000 1.000 1.000 1.000
LYS01A0294_001 0.000 0.000 0.000 0.000 0.000
LYS+1A0294_002 1.000 1.000 1.000 1.000 1.000
GLN01A0295_001 0.999 1.000 1.000 0.999 0.999
GLN01A0295_002 0.001 0.000 0.000 0.001 0.001
LEU01A0296_001 1.000 1.000 1.000 1.000 1.000
VAL01A0297_001 1.000 1.000 1.000 1.000 1.000
GLU01A0298_001 0.000 0.000 0.000 0.000 0.000
GLU01A0298_002 0.000 0.000 0.000 0.000 0.000
GLU02A0298_003 0.000 0.000 0.000 0.000 0.000
GLU02A0298_004 0.000 0.000 0.000 0.000 0.000
GLU-1A0298_005 1.000 1.000 1.000 1.000 1.000
ALA01A0299_001 1.000 1.000 1.000 1.000 1.000
LEU01A0300_001 1.000 1.000 1.000 1.000 1.000
ASP01A0301_001 0.000 0.000 0.000 0.000 0.000
ASP01A0301_002 0.002 0.002 0.002 0.002 0.000
ASP02A0301_003 0.000 0.000 0.000 0.000 0.000
ASP02A0301_004 0.000 0.000 0.000 0.000 0.000
ASP-1A0301_005 0.998 0.998 0.998 0.998 1.000
LYS01A0302_001 0.000 0.000 0.000 0.000 0.000
LYS+1A0302_002 1.000 1.000 1.000 1.000 1.000
VAL01A0303_001 1.000 1.000 1.000 1.000 1.000
LEU01A0304_001 1.000 1.000 1.000 1.000 1.000
LEU01A0305_001 1.000 1.000 1.000 1.000 1.000
ALA01A0306_001 1.000 1.000 1.000 1.000 1.000
VAL01A0307_001 1.000 1.000 1.000 1.000 1.000
SER01A0308_001 0.100 0.101 0.099 0.099 0.100
SER01A0308_002 0.900 0.899 0.901 0.901 0.900
GLU01A0309_001 0.000 0.000 0.000 0.000 0.000
GLU01A0309_002 0.012 0.011 0.011 0.011 0.011
GLU02A0309_003 0.000 0.000 0.000 0.000 0.000
GLU02A0309_004 0.013 0.012 0.012 0.012 0.012
GLU-1A0309_005 0.976 0.977 0.977 0.976 0.977
GLU01A0310_001 0.000 0.000 0.000 0.000 0.000
GLU01A0310_002 0.000 0.000 0.000 0.000 0.000
GLU02A0310_003 0.000 0.000 0.000 0.000 0.000
GLU02A0310_004 0.004 0.005 0.005 0.005 0.005
GLU-1A0310_005 0.996 0.995 0.995 0.995 0.995
0LI+1B0001_001 0.786 0.788 0.787 0.787 0.786
0LI+2B0001_002 0.213 0.212 0.212 0.212 0.213
0LI01B0001_003 0.000 0.000 0.000 0.001 0.001
0LIDMB0001_004 0.000 0.000 0.000 0.000 0.000
