 ph              7.4   7.4   7.4   7.4   7.4
ASN01A0001_001 0.022 0.021 0.022 0.020 0.022
ASN01A0001_002 0.978 0.979 0.978 0.980 0.978
PRO01A0002_001 1.000 1.000 1.000 1.000 1.000
ASN01A0003_001 0.304 0.303 0.302 0.302 0.307
ASN01A0003_002 0.696 0.697 0.698 0.698 0.693
TYR01A0004_001 1.000 1.000 1.000 1.000 1.000
TYR-1A0004_002 0.000 0.000 0.000 0.000 0.000
CYS01A0005_001 0.240 0.232 0.241 0.238 0.242
CYS01A0005_002 0.247 0.248 0.254 0.247 0.255
CYS01A0005_003 0.506 0.512 0.498 0.508 0.502
CYS-1A0005_004 0.007 0.007 0.007 0.007 0.000
PHE01A0006_001 1.000 1.000 1.000 1.000 1.000
ALA01A0007_001 1.000 1.000 1.000 1.000 1.000
LYS01A0009_001 0.000 0.000 0.000 0.000 0.001
LYS+1A0009_002 1.000 1.000 1.000 1.000 0.999
THR01A0010_001 0.045 0.046 0.046 0.048 0.044
THR01A0010_002 0.955 0.954 0.954 0.952 0.956
SER01A0011_001 1.000 1.000 1.000 1.000 1.000
SER01A0012_001 0.209 0.207 0.207 0.209 0.205
SER01A0012_002 0.791 0.793 0.793 0.791 0.795
ILE01A0013_001 1.000 1.000 1.000 1.000 1.000
SER01A0014_001 1.000 1.000 1.000 1.000 1.000
ASP01A0015_001 0.000 0.000 0.000 0.000 0.000
ASP01A0015_002 0.000 0.000 0.000 0.000 0.000
ASP02A0015_003 0.000 0.000 0.000 0.000 0.000
ASP02A0015_004 0.000 0.000 0.000 0.000 0.000
ASP-1A0015_005 1.000 1.000 1.000 1.000 1.000
LEU01A0016_001 1.000 1.000 1.000 1.000 1.000
LYS01A0017_001 0.000 0.000 0.000 0.000 0.000
LYS+1A0017_002 1.000 1.000 1.000 1.000 1.000
GLU01A0018_001 0.000 0.000 0.000 0.000 0.000
GLU01A0018_002 0.000 0.000 0.000 0.000 0.000
GLU02A0018_003 0.000 0.000 0.000 0.000 0.000
GLU02A0018_004 0.000 0.000 0.000 0.000 0.000
GLU-1A0018_005 1.000 1.000 1.000 1.000 1.000
VAL01A0019_001 1.000 1.000 1.000 1.000 1.000
PRO01A0020_001 1.000 1.000 1.000 1.000 1.000
ARG01A0021_001 0.000 0.000 0.000 0.000 0.000
ARG02A0021_002 0.000 0.000 0.000 0.000 0.000
ARG03A0021_003 0.000 0.000 0.000 0.000 0.000
ARG03A0021_004 0.000 0.000 0.000 0.000 0.000
ARG+1A0021_005 1.000 1.000 1.000 1.000 1.000
LYS01A0022_001 0.012 0.012 0.015 0.013 0.015
LYS+1A0022_002 0.988 0.988 0.985 0.987 0.985
ASN01A0023_001 0.000 0.000 0.000 0.000 0.000
ASN01A0023_002 1.000 1.000 1.000 1.000 1.000
ILE01A0024_001 1.000 1.000 1.000 1.000 1.000
THR01A0025_001 0.678 0.677 0.682 0.676 0.674
THR01A0025_002 0.322 0.323 0.318 0.324 0.326
LEU01A0026_001 1.000 1.000 1.000 1.000 1.000
ILE01A0027_001 1.000 1.000 1.000 1.000 1.000
ARG01A0028_001 0.000 0.000 0.000 0.000 0.000
ARG02A0028_002 0.000 0.000 0.000 0.000 0.000
ARG02A0028_003 0.000 0.000 0.000 0.000 0.000
ARG03A0028_004 0.000 0.000 0.000 0.000 0.000
ARG+1A0028_005 1.000 1.000 1.000 1.000 1.000
LEU01A0030_001 1.000 1.000 1.000 1.000 1.000
HIS01A0032_001 0.000 0.000 0.000 0.000 0.000
HIS01A0032_002 0.295 0.289 0.279 0.287 0.289
HIS02A0032_003 0.000 0.000 0.000 0.000 0.000
HIS02A0032_004 0.070 0.069 0.070 0.070 0.070
HIS+1A0032_005 0.000 0.000 0.000 0.000 0.000
HIS+1A0032_006 0.634 0.641 0.651 0.643 0.641
ALA01A0034_001 1.000 1.000 1.000 1.000 1.000
PHE01A0035_001 1.000 1.000 1.000 1.000 1.000
GLU01A0037_001 0.000 0.000 0.000 0.000 0.000
GLU01A0037_002 0.000 0.000 0.000 0.000 0.000
GLU02A0037_003 0.000 0.000 0.000 0.000 0.000
GLU02A0037_004 0.000 0.000 0.000 0.000 0.000
GLU-1A0037_005 1.000 1.000 1.000 1.000 1.000
VAL01A0038_001 1.000 1.000 1.000 1.000 1.000
TYR01A0039_001 0.627 0.630 0.633 0.626 0.633
TYR01A0039_002 0.373 0.370 0.367 0.374 0.367
TYR-1A0039_003 0.000 0.000 0.000 0.000 0.000
GLU01A0040_001 0.000 0.000 0.000 0.000 0.000
GLU01A0040_002 0.001 0.000 0.002 0.002 0.002
GLU02A0040_003 0.000 0.000 0.000 0.000 0.000
GLU02A0040_004 0.008 0.000 0.010 0.008 0.008
GLU-1A0040_005 0.990 1.000 0.988 0.991 0.990
GLN01A0042_001 0.638 0.638 0.636 0.635 0.635
GLN01A0042_002 0.362 0.362 0.364 0.365 0.365
VAL01A0043_001 1.000 1.000 1.000 1.000 1.000
SER01A0044_001 0.184 0.182 0.179 0.178 0.182
SER01A0044_002 0.236 0.236 0.240 0.237 0.237
SER01A0044_003 0.580 0.582 0.581 0.585 0.581
MET01A0046_001 1.000 1.000 1.000 1.000 1.000
PRO01A0047_001 1.000 1.000 1.000 1.000 1.000
ASN01A0048_001 0.000 0.000 0.000 0.000 0.000
ASN01A0048_002 1.000 1.000 1.000 1.000 1.000
ASP01A0049_001 0.000 0.000 0.000 0.000 0.000
ASP01A0049_002 0.000 0.000 0.000 0.000 0.000
ASP02A0049_003 0.000 0.000 0.000 0.000 0.000
ASP02A0049_004 0.000 0.000 0.000 0.000 0.000
ASP-1A0049_005 1.000 1.000 1.000 1.000 1.000
PRO01A0050_001 1.000 1.000 1.000 1.000 1.000
SER01A0051_001 0.000 0.000 0.000 0.000 0.000
SER01A0051_002 1.000 1.000 1.000 1.000 1.000
PRO01A0052_001 1.000 1.000 1.000 1.000 1.000
LEU01A0053_001 1.000 1.000 1.000 1.000 1.000
GLN01A0054_001 0.784 0.781 0.777 0.782 0.782
GLN01A0054_002 0.216 0.219 0.223 0.218 0.218
VAL01A0055_001 1.000 1.000 1.000 1.000 1.000
ALA01A0056_001 1.000 1.000 1.000 1.000 1.000
VAL01A0057_001 1.000 1.000 1.000 1.000 1.000
LYS01A0058_001 0.000 0.000 0.000 0.000 0.000
LYS+1A0058_002 1.000 1.000 1.000 1.000 1.000
THR01A0059_001 0.067 0.067 0.064 0.064 0.068
THR01A0059_002 0.035 0.036 0.034 0.034 0.036
THR01A0059_003 0.898 0.898 0.901 0.903 0.896
LEU01A0060_001 1.000 1.000 1.000 1.000 1.000
PRO01A0061_001 1.000 1.000 1.000 1.000 1.000
GLU01A0062_001 0.000 0.000 0.000 0.000 0.000
GLU01A0062_002 0.001 0.001 0.000 0.000 0.001
GLU02A0062_003 0.000 0.000 0.000 0.000 0.000
GLU02A0062_004 0.001 0.001 0.000 0.002 0.001
GLU-1A0062_005 0.998 0.998 1.000 0.998 0.997
VAL01A0063_001 1.000 1.000 1.000 1.000 1.000
CYS01A0064_001 0.371 0.369 0.369 0.370 0.362
CYS01A0064_002 0.399 0.401 0.399 0.397 0.406
CYS01A0064_003 0.230 0.229 0.232 0.233 0.232
CYS-1A0064_004 0.000 0.000 0.000 0.000 0.000
SER01A0065_001 0.019 0.021 0.021 0.020 0.020
SER01A0065_002 0.000 0.000 0.000 0.000 0.000
SER01A0065_003 0.981 0.979 0.979 0.980 0.980
GLU01A0066_001 0.000 0.000 0.000 0.000 0.000
GLU01A0066_002 0.000 0.000 0.000 0.000 0.000
GLU02A0066_003 0.000 0.000 0.000 0.000 0.000
GLU02A0066_004 0.000 0.000 0.000 0.000 0.000
GLU-1A0066_005 1.000 1.000 0.999 1.000 1.000
GLN01A0067_001 0.712 0.700 0.700 0.713 0.697
GLN01A0067_002 0.288 0.300 0.300 0.287 0.303
ASP01A0068_001 0.000 0.000 0.000 0.000 0.000
ASP01A0068_002 0.000 0.000 0.002 0.000 0.000
ASP02A0068_003 0.000 0.000 0.000 0.000 0.000
ASP02A0068_004 0.000 0.000 0.000 0.000 0.000
ASP-1A0068_005 1.000 1.000 0.998 1.000 1.000
GLU01A0069_001 0.000 0.000 0.000 0.000 0.000
GLU01A0069_002 0.000 0.000 0.000 0.000 0.000
GLU02A0069_003 0.000 0.000 0.000 0.000 0.000
GLU02A0069_004 0.000 0.000 0.000 0.000 0.000
GLU-1A0069_005 1.000 1.000 1.000 1.000 1.000
LEU01A0070_001 1.000 1.000 1.000 1.000 1.000
ASP01A0071_001 0.000 0.001 0.001 0.000 0.000
ASP01A0071_002 0.057 0.060 0.054 0.060 0.053
ASP02A0071_003 0.068 0.065 0.064 0.067 0.062
ASP02A0071_004 0.358 0.331 0.340 0.355 0.335
ASP-1A0071_005 0.517 0.544 0.542 0.518 0.550
PHE01A0072_001 1.000 1.000 1.000 1.000 1.000
LEU01A0073_001 1.000 1.000 1.000 1.000 1.000
MET01A0074_001 1.000 1.000 1.000 1.000 1.000
GLU01A0075_001 0.000 0.000 0.000 0.000 0.000
GLU01A0075_002 0.038 0.039 0.033 0.034 0.037
GLU02A0075_003 0.000 0.000 0.000 0.000 0.000
GLU02A0075_004 0.013 0.013 0.010 0.012 0.013
GLU-1A0075_005 0.949 0.948 0.956 0.955 0.950
ALA01A0076_001 1.000 1.000 1.000 1.000 1.000
LEU01A0077_001 1.000 1.000 1.000 1.000 1.000
ILE01A0078_001 1.000 1.000 1.000 1.000 1.000
ILE01A0079_001 1.000 1.000 1.000 1.000 1.000
SER01A0080_001 0.188 0.181 0.186 0.181 0.182
SER01A0080_002 0.544 0.557 0.556 0.558 0.556
SER01A0080_003 0.268 0.262 0.258 0.261 0.262
LYS01A0081_001 0.000 0.000 0.000 0.000 0.000
LYS+1A0081_002 1.000 1.000 1.000 1.000 1.000
PHE01A0082_001 1.000 1.000 1.000 1.000 1.000
ASN01A0083_001 1.000 1.000 1.000 1.000 1.000
HIS01A0084_001 1.000 1.000 1.000 1.000 1.000
HIS02A0084_002 0.000 0.000 0.000 0.000 0.000
HIS+1A0084_003 0.000 0.000 0.000 0.000 0.000
GLN01A0085_001 0.015 0.017 0.014 0.017 0.018
GLN01A0085_002 0.985 0.983 0.986 0.983 0.982
ASN01A0086_001 1.000 1.000 1.000 1.000 1.000
ASN01A0086_002 0.000 0.000 0.000 0.000 0.000
ILE01A0087_001 1.000 1.000 1.000 1.000 1.000
VAL01A0088_001 1.000 1.000 1.000 1.000 1.000
ARG01A0089_001 0.000 0.000 0.000 0.000 0.000
ARG02A0089_002 0.000 0.000 0.000 0.000 0.000
ARG02A0089_003 0.000 0.000 0.000 0.000 0.000
ARG03A0089_004 0.000 0.000 0.000 0.000 0.000
ARG+1A0089_005 1.000 1.000 1.000 1.000 1.000
CYS01A0090_001 0.254 0.253 0.257 0.254 0.253
CYS01A0090_002 0.426 0.429 0.421 0.426 0.428
CYS01A0090_003 0.320 0.318 0.322 0.320 0.319
CYS-1A0090_004 0.000 0.000 0.000 0.000 0.000
ILE01A0091_001 1.000 1.000 1.000 1.000 1.000
VAL01A0093_001 1.000 1.000 1.000 1.000 1.000
SER01A0094_001 0.066 0.062 0.062 0.062 0.064
SER01A0094_002 0.858 0.864 0.862 0.866 0.859
SER01A0094_003 0.075 0.074 0.077 0.072 0.078
LEU01A0095_001 1.000 1.000 1.000 1.000 1.000
GLN01A0096_001 0.050 0.045 0.048 0.047 0.051
GLN01A0096_002 0.950 0.955 0.952 0.953 0.949
SER01A0097_001 1.000 1.000 1.000 1.000 1.000
LEU01A0098_001 1.000 1.000 1.000 1.000 1.000
PRO01A0099_001 1.000 1.000 1.000 1.000 1.000
ARG01A0100_001 0.000 0.000 0.000 0.000 0.000
ARG02A0100_002 0.000 0.000 0.000 0.000 0.000
ARG03A0100_003 0.000 0.000 0.000 0.000 0.000
ARG03A0100_004 0.000 0.000 0.000 0.000 0.000
ARG+1A0100_005 1.000 1.000 1.000 1.000 1.000
PHE01A0101_001 1.000 1.000 1.000 1.000 1.000
ILE01A0102_001 1.000 1.000 1.000 1.000 1.000
LEU01A0103_001 1.000 1.000 1.000 1.000 1.000
LEU01A0104_001 1.000 1.000 1.000 1.000 1.000
GLU01A0105_001 0.000 0.000 0.000 0.000 0.000
GLU01A0105_002 0.000 0.000 0.000 0.000 0.000
GLU02A0105_003 0.000 0.000 0.000 0.000 0.000
GLU02A0105_004 0.000 0.000 0.000 0.000 0.000
GLU-1A0105_005 1.000 1.000 1.000 1.000 1.000
LEU01A0106_001 1.000 1.000 1.000 1.000 1.000
MET01A0107_001 1.000 1.000 1.000 1.000 1.000
ALA01A0108_001 1.000 1.000 1.000 1.000 1.000
ASP01A0111_001 0.000 0.000 0.000 0.000 0.000
ASP01A0111_002 0.000 0.000 0.000 0.000 0.000
ASP02A0111_003 0.000 0.000 0.000 0.000 0.000
ASP02A0111_004 0.000 0.000 0.000 0.000 0.000
ASP-1A0111_005 1.000 1.000 1.000 1.000 1.000
LEU01A0112_001 1.000 1.000 1.000 1.000 1.000
LYS01A0113_001 0.612 0.613 0.614 0.609 0.614
LYS+1A0113_002 0.388 0.387 0.386 0.391 0.386
SER01A0114_001 0.187 0.196 0.197 0.196 0.196
SER01A0114_002 0.087 0.091 0.089 0.088 0.088
SER01A0114_003 0.726 0.712 0.714 0.717 0.716
PHE01A0115_001 1.000 1.000 1.000 1.000 1.000
LEU01A0116_001 1.000 1.000 1.000 1.000 1.000
ARG01A0117_001 0.000 0.000 0.000 0.000 0.000
ARG02A0117_002 0.000 0.000 0.000 0.000 0.000
ARG02A0117_003 0.000 0.000 0.000 0.000 0.000
ARG03A0117_004 0.000 0.000 0.000 0.000 0.000
ARG+1A0117_005 1.000 1.000 1.000 1.000 1.000
GLU01A0118_001 0.000 0.000 0.000 0.000 0.000
GLU01A0118_002 0.002 0.002 0.002 0.000 0.000
GLU02A0118_003 0.000 0.000 0.000 0.000 0.000
GLU02A0118_004 0.002 0.002 0.002 0.000 0.004
GLU-1A0118_005 0.996 0.996 0.996 1.000 0.996
THR01A0119_001 1.000 1.000 1.000 1.000 1.000
ARG01A0120_001 0.000 0.000 0.000 0.000 0.000
ARG02A0120_002 0.000 0.000 0.000 0.000 0.000
ARG02A0120_003 0.000 0.000 0.000 0.000 0.000
ARG03A0120_004 0.000 0.000 0.000 0.000 0.000
ARG+1A0120_005 1.000 1.000 1.000 1.000 1.000
PRO01A0121_001 1.000 1.000 1.000 1.000 1.000
ARG01A0122_001 0.000 0.000 0.000 0.000 0.000
ARG02A0122_002 0.000 0.000 0.000 0.000 0.000
ARG03A0122_003 0.000 0.000 0.000 0.000 0.000
ARG03A0122_004 1.000 1.000 1.000 1.000 1.000
ARG+1A0122_005 0.000 0.000 0.000 0.000 0.000
PRO01A0123_001 1.000 1.000 1.000 1.000 1.000
SER01A0124_001 1.000 1.000 1.000 1.000 1.000
GLN01A0125_001 0.949 0.952 0.947 0.948 0.952
GLN01A0125_002 0.051 0.048 0.053 0.052 0.048
PRO01A0126_001 1.000 1.000 1.000 1.000 1.000
SER01A0127_001 1.000 1.000 1.000 1.000 1.000
SER01A0128_001 0.047 0.047 0.049 0.047 0.048
SER01A0128_002 0.953 0.953 0.951 0.953 0.952
LEU01A0129_001 1.000 1.000 1.000 1.000 1.000
ALA01A0130_001 1.000 1.000 1.000 1.000 1.000
MET01A0131_001 1.000 1.000 1.000 1.000 1.000
LEU01A0132_001 1.000 1.000 1.000 1.000 1.000
ASP01A0133_001 0.000 0.000 0.000 0.000 0.000
ASP01A0133_002 0.000 0.000 0.000 0.000 0.000
ASP02A0133_003 0.000 0.000 0.000 0.000 0.000
ASP02A0133_004 0.000 0.000 0.000 0.000 0.000
ASP-1A0133_005 1.000 1.000 1.000 1.000 1.000
LEU01A0134_001 1.000 1.000 1.000 1.000 1.000
LEU01A0135_001 1.000 1.000 1.000 1.000 1.000
HIS01A0136_001 0.204 0.196 0.199 0.201 0.203
HIS01A0136_002 0.077 0.078 0.079 0.080 0.076
HIS02A0136_003 0.478 0.475 0.476 0.481 0.490
HIS02A0136_004 0.154 0.159 0.159 0.161 0.153
HIS+1A0136_005 0.088 0.092 0.087 0.071 0.072
HIS+1A0136_006 0.000 0.000 0.000 0.006 0.006
VAL01A0137_001 1.000 1.000 1.000 1.000 1.000
ALA01A0138_001 1.000 1.000 1.000 1.000 1.000
ARG01A0139_001 0.000 0.000 0.000 0.000 0.000
ARG02A0139_002 0.000 0.000 0.000 0.000 0.000
ARG02A0139_003 0.000 0.000 0.000 0.000 0.000
ARG03A0139_004 0.000 0.000 0.000 0.000 0.000
ARG03A0139_005 0.000 0.000 0.000 0.000 0.000
ARG+1A0139_006 1.000 1.000 1.000 1.000 1.000
ASP01A0140_001 0.000 0.000 0.000 0.000 0.000
ASP01A0140_002 0.001 0.001 0.000 0.000 0.001
ASP02A0140_003 0.000 0.000 0.000 0.000 0.000
ASP02A0140_004 0.006 0.007 0.008 0.009 0.006
ASP-1A0140_005 0.992 0.992 0.992 0.991 0.993
ILE01A0141_001 1.000 1.000 1.000 1.000 1.000
ALA01A0142_001 1.000 1.000 1.000 1.000 1.000
CYS01A0143_001 0.358 0.357 0.354 0.360 0.357
CYS01A0143_002 0.309 0.315 0.313 0.308 0.315
CYS01A0143_003 0.333 0.328 0.334 0.332 0.328
CYS-1A0143_004 0.000 0.000 0.000 0.000 0.000
CYS01A0145_001 0.543 0.549 0.536 0.542 0.548
CYS01A0145_002 0.266 0.266 0.268 0.266 0.264
CYS01A0145_003 0.191 0.186 0.197 0.192 0.188
CYS-1A0145_004 0.000 0.000 0.000 0.000 0.000
GLN01A0146_001 0.162 0.171 0.166 0.165 0.162
GLN01A0146_002 0.838 0.829 0.834 0.835 0.838
TYR01A0147_001 0.975 0.975 0.974 0.977 0.975
TYR01A0147_002 0.025 0.025 0.026 0.023 0.025
TYR-1A0147_003 0.000 0.000 0.000 0.000 0.000
LEU01A0148_001 1.000 1.000 1.000 1.000 1.000
GLU01A0149_001 0.000 0.000 0.000 0.000 0.000
GLU01A0149_002 0.000 0.000 0.000 0.000 0.000
GLU02A0149_003 0.000 0.000 0.000 0.000 0.000
GLU02A0149_004 0.000 0.000 0.000 0.000 0.000
GLU-1A0149_005 1.000 1.000 1.000 1.000 1.000
GLU01A0150_001 0.000 0.000 0.000 0.000 0.000
GLU01A0150_002 0.000 0.000 0.000 0.001 0.000
GLU02A0150_003 0.000 0.000 0.000 0.000 0.000
GLU02A0150_004 0.000 0.000 0.003 0.001 0.002
GLU-1A0150_005 1.000 1.000 0.997 0.998 0.998
ASN01A0151_001 0.018 0.017 0.017 0.016 0.015
ASN01A0151_002 0.982 0.983 0.983 0.984 0.985
HIS01A0152_001 0.107 0.105 0.100 0.105 0.106
HIS01A0152_002 0.047 0.049 0.045 0.048 0.050
HIS02A0152_003 0.161 0.163 0.144 0.161 0.160
HIS02A0152_004 0.064 0.063 0.058 0.064 0.065
HIS+1A0152_005 0.483 0.481 0.500 0.480 0.473
HIS+1A0152_006 0.138 0.138 0.153 0.142 0.145
PHE01A0153_001 1.000 1.000 1.000 1.000 1.000
ILE01A0154_001 1.000 1.000 1.000 1.000 1.000
HIS01A0155_001 1.000 1.000 1.000 1.000 1.000
HIS02A0155_002 0.000 0.000 0.000 0.000 0.000
HIS+1A0155_003 0.000 0.000 0.000 0.000 0.000
ARG01A0156_001 0.000 0.000 0.000 0.000 0.000
ARG02A0156_002 0.000 0.000 0.000 0.000 0.000
ARG03A0156_003 0.000 0.000 0.000 0.000 0.000
ARG+1A0156_004 1.000 1.000 1.000 1.000 1.000
ASP01A0157_001 0.000 0.000 0.000 0.000 0.000
ASP01A0157_002 0.006 0.007 0.007 0.007 0.009
ASP02A0157_003 0.012 0.013 0.013 0.011 0.013
ASP02A0157_004 0.214 0.219 0.195 0.195 0.210
ASP-1A0157_005 0.768 0.761 0.785 0.787 0.769
ILE01A0158_001 1.000 1.000 1.000 1.000 1.000
ALA01A0159_001 1.000 1.000 1.000 1.000 1.000
ALA01A0160_001 1.000 1.000 1.000 1.000 1.000
ARG01A0161_001 0.000 0.000 0.000 0.000 0.000
ARG02A0161_002 0.000 0.000 0.000 0.000 0.000
ARG03A0161_003 0.000 0.000 0.000 0.000 0.000
ARG03A0161_004 0.000 0.000 0.000 0.000 0.000
ARG+1A0161_005 1.000 1.000 1.000 1.000 1.000
ASN01A0162_001 0.980 0.979 0.981 0.983 0.980
ASN01A0162_002 0.020 0.021 0.019 0.017 0.020
CYS01A0163_001 0.215 0.218 0.218 0.211 0.218
CYS01A0163_002 0.580 0.576 0.580 0.585 0.581
CYS01A0163_003 0.205 0.206 0.202 0.204 0.201
CYS-1A0163_004 0.000 0.000 0.000 0.000 0.000
LEU01A0164_001 1.000 1.000 1.000 1.000 1.000
LEU01A0165_001 1.000 1.000 1.000 1.000 1.000
THR01A0166_001 0.000 0.005 0.005 0.004 0.004
THR01A0166_002 1.000 0.995 0.995 0.996 0.996
CYS01A0167_001 0.171 0.166 0.166 0.170 0.171
CYS01A0167_002 0.093 0.095 0.094 0.094 0.087
CYS01A0167_003 0.707 0.712 0.709 0.708 0.713
CYS-1A0167_004 0.030 0.028 0.031 0.028 0.029
PRO01A0168_001 1.000 1.000 1.000 1.000 1.000
PRO01A0170_001 1.000 1.000 1.000 1.000 1.000
ARG01A0172_001 0.000 0.000 0.000 0.000 0.000
ARG02A0172_002 0.000 0.000 0.000 0.000 0.000
ARG02A0172_003 0.000 0.000 0.000 0.000 0.000
ARG03A0172_004 0.000 0.000 0.000 0.000 0.000
ARG03A0172_005 0.000 0.000 0.000 0.000 0.000
ARG+1A0172_006 1.000 1.000 1.000 1.000 1.000
VAL01A0173_001 1.000 1.000 1.000 1.000 1.000
ALA01A0174_001 1.000 1.000 1.000 1.000 1.000
LYS01A0175_001 0.000 0.000 0.000 0.000 0.000
LYS+1A0175_002 1.000 1.000 1.000 1.000 1.000
ILE01A0176_001 1.000 1.000 1.000 1.000 1.000
ALA01A0177_001 1.000 1.000 1.000 1.000 1.000
ASP01A0178_001 0.000 0.000 0.000 0.000 0.000
ASP01A0178_002 0.000 0.000 0.000 0.000 0.000
ASP02A0178_003 0.000 0.000 0.000 0.000 0.000
ASP02A0178_004 0.000 0.000 0.000 0.000 0.000
ASP-1A0178_005 1.000 1.000 1.000 1.000 1.000
PHE01A0179_001 1.000 1.000 1.000 1.000 1.000
MET01A0181_001 1.000 1.000 1.000 1.000 1.000
ALA01A0182_001 1.000 1.000 1.000 1.000 1.000
ARG01A0183_001 0.000 0.000 0.000 0.000 0.000
ARG02A0183_002 0.000 0.000 0.000 0.000 0.000
ARG02A0183_003 0.000 0.000 0.000 0.000 0.000
ARG03A0183_004 0.000 0.000 0.000 0.000 0.000
ARG03A0183_005 0.000 0.000 0.000 0.000 0.000
ARG+1A0183_006 1.000 1.000 1.000 1.000 1.000
ASP01A0184_001 0.000 0.000 0.000 0.000 0.000
ASP01A0184_002 0.000 0.000 0.002 0.000 0.002
ASP02A0184_003 0.000 0.000 0.000 0.000 0.000
ASP02A0184_004 0.017 0.019 0.014 0.019 0.012
ASP-1A0184_005 0.983 0.981 0.984 0.981 0.986
ILE01A0185_001 1.000 1.000 1.000 1.000 1.000
TYR01A0186_001 1.000 1.000 1.000 1.000 1.000
TYR-1A0186_002 0.000 0.000 0.000 0.000 0.000
ARG01A0187_001 0.013 0.012 0.017 0.012 0.015
ARG02A0187_002 0.000 0.000 0.000 0.000 0.000
ARG02A0187_003 0.000 0.000 0.000 0.000 0.000
ARG03A0187_004 0.006 0.005 0.000 0.005 0.000
ARG+1A0187_005 0.981 0.983 0.983 0.982 0.984
ALA01A0188_001 1.000 1.000 1.000 1.000 1.000
SER01A0189_001 0.026 0.021 0.024 0.027 0.024
SER01A0189_002 0.886 0.893 0.887 0.886 0.892
SER01A0189_003 0.089 0.086 0.090 0.087 0.084
TYR01A0190_001 0.984 0.984 0.985 0.984 0.983
TYR-1A0190_002 0.016 0.016 0.015 0.016 0.017
TYR01A0191_001 0.392 0.389 0.383 0.387 0.388
TYR01A0191_002 0.608 0.611 0.617 0.613 0.612
TYR-1A0191_003 0.000 0.000 0.000 0.000 0.000
ARG01A0192_001 0.000 0.000 0.000 0.000 0.000
ARG02A0192_002 0.000 0.000 0.000 0.000 0.000
ARG03A0192_003 0.000 0.000 0.000 0.000 0.000
ARG+1A0192_004 1.000 1.000 1.000 1.000 1.000
LYS01A0193_001 0.272 0.268 0.264 0.263 0.259
LYS+1A0193_002 0.728 0.732 0.736 0.737 0.741
CYS01A0196_001 0.287 0.285 0.285 0.286 0.288
CYS01A0196_002 0.285 0.285 0.284 0.281 0.288
CYS01A0196_003 0.323 0.326 0.324 0.328 0.322
CYS-1A0196_004 0.105 0.104 0.107 0.105 0.103
ALA01A0197_001 1.000 1.000 1.000 1.000 1.000
MET01A0198_001 1.000 1.000 1.000 1.000 1.000
LEU01A0199_001 1.000 1.000 1.000 1.000 1.000
PRO01A0200_001 1.000 1.000 1.000 1.000 1.000
VAL01A0201_001 1.000 1.000 1.000 1.000 1.000
LYS01A0202_001 0.004 0.004 0.003 0.004 0.003
LYS+1A0202_002 0.996 0.996 0.997 0.996 0.997
TRP01A0203_001 1.000 1.000 1.000 1.000 1.000
MET01A0204_001 1.000 1.000 1.000 1.000 1.000
PRO01A0205_001 1.000 1.000 1.000 1.000 1.000
PRO01A0206_001 1.000 1.000 1.000 1.000 1.000
GLU01A0207_001 0.000 0.000 0.000 0.000 0.000
GLU01A0207_002 0.000 0.000 0.000 0.000 0.000
GLU02A0207_003 0.000 0.000 0.000 0.000 0.000
GLU02A0207_004 0.000 0.000 0.000 0.000 0.000
GLU-1A0207_005 1.000 1.000 1.000 1.000 1.000
ALA01A0208_001 1.000 1.000 1.000 1.000 1.000
PHE01A0209_001 1.000 1.000 1.000 1.000 1.000
MET01A0210_001 1.000 1.000 1.000 1.000 1.000
GLU01A0211_001 0.000 0.000 0.000 0.000 0.000
GLU01A0211_002 0.000 0.000 0.000 0.000 0.000
GLU02A0211_003 0.000 0.000 0.000 0.000 0.000
GLU02A0211_004 0.000 0.000 0.000 0.000 0.000
GLU-1A0211_005 1.000 1.000 1.000 1.000 1.000
ILE01A0213_001 1.000 1.000 1.000 1.000 1.000
PHE01A0214_001 1.000 1.000 1.000 1.000 1.000
THR01A0215_001 1.000 1.000 1.000 0.999 1.000
THR01A0215_002 0.000 0.000 0.000 0.001 0.000
SER01A0216_001 0.832 0.834 0.831 0.830 0.833
SER01A0216_002 0.168 0.166 0.169 0.170 0.167
LYS01A0217_001 0.000 0.001 0.000 0.000 0.000
LYS+1A0217_002 1.000 0.999 1.000 1.000 1.000
THR01A0218_001 0.877 0.874 0.874 0.873 0.878
THR01A0218_002 0.123 0.126 0.126 0.127 0.122
ASP01A0219_001 0.000 0.000 0.000 0.000 0.000
ASP01A0219_002 0.000 0.000 0.000 0.000 0.000
ASP02A0219_003 0.000 0.000 0.000 0.000 0.000
ASP02A0219_004 0.000 0.000 0.000 0.000 0.000
ASP-1A0219_005 1.000 1.000 1.000 1.000 1.000
THR01A0220_001 0.152 0.154 0.147 0.147 0.144
THR01A0220_002 0.848 0.846 0.853 0.853 0.856
TRP01A0221_001 1.000 1.000 1.000 1.000 1.000
SER01A0222_001 0.972 0.967 0.970 0.968 0.967
SER01A0222_002 0.028 0.033 0.030 0.032 0.033
PHE01A0223_001 1.000 1.000 1.000 1.000 1.000
VAL01A0225_001 1.000 1.000 1.000 1.000 1.000
LEU01A0226_001 1.000 1.000 1.000 1.000 1.000
LEU01A0227_001 1.000 1.000 1.000 1.000 1.000
TRP01A0228_001 1.000 1.000 1.000 1.000 1.000
GLU01A0229_001 0.000 0.000 0.000 0.000 0.000
GLU01A0229_002 0.000 0.000 0.000 0.000 0.000
GLU02A0229_003 0.000 0.000 0.000 0.000 0.000
GLU02A0229_004 0.000 0.000 0.001 0.000 0.001
GLU-1A0229_005 1.000 1.000 0.999 1.000 0.999
ILE01A0230_001 1.000 1.000 1.000 1.000 1.000
PHE01A0231_001 1.000 1.000 1.000 1.000 1.000
SER01A0232_001 1.000 1.000 1.000 1.000 1.000
SER01A0232_002 0.000 0.000 0.000 0.000 0.000
LEU01A0233_001 1.000 1.000 1.000 1.000 1.000
TYR01A0235_001 0.976 0.978 0.979 0.979 0.978
TYR-1A0235_002 0.024 0.022 0.021 0.021 0.022
MET01A0236_001 1.000 1.000 1.000 1.000 1.000
PRO01A0237_001 1.000 1.000 1.000 1.000 1.000
TYR01A0238_001 0.062 0.062 0.060 0.063 0.062
TYR01A0238_002 0.938 0.938 0.940 0.937 0.938
TYR-1A0238_003 0.000 0.000 0.000 0.000 0.000
PRO01A0239_001 1.000 1.000 1.000 1.000 1.000
SER01A0240_001 0.938 0.939 0.940 0.939 0.941
SER01A0240_002 0.062 0.061 0.060 0.061 0.059
LYS01A0241_001 0.005 0.006 0.005 0.006 0.006
LYS+1A0241_002 0.995 0.994 0.995 0.994 0.994
SER01A0242_001 0.984 0.985 0.984 0.986 0.984
SER01A0242_002 0.016 0.015 0.016 0.014 0.016
ASN01A0243_001 0.996 0.996 0.996 1.000 0.996
ASN01A0243_002 0.004 0.004 0.004 0.000 0.004
GLN01A0244_001 0.801 0.800 0.797 0.800 0.797
GLN01A0244_002 0.199 0.200 0.203 0.200 0.203
GLU01A0245_001 0.000 0.000 0.000 0.000 0.000
GLU01A0245_002 0.000 0.000 0.000 0.000 0.000
GLU02A0245_003 0.000 0.000 0.000 0.000 0.000
GLU02A0245_004 0.000 0.000 0.000 0.000 0.000
GLU-1A0245_005 1.000 1.000 1.000 1.000 1.000
VAL01A0246_001 1.000 1.000 1.000 1.000 1.000
LEU01A0247_001 1.000 1.000 1.000 1.000 1.000
GLU01A0248_001 0.000 0.000 0.000 0.000 0.000
GLU01A0248_002 0.000 0.001 0.001 0.002 0.002
GLU02A0248_003 0.000 0.000 0.000 0.000 0.000
GLU02A0248_004 0.000 0.001 0.001 0.000 0.000
GLU-1A0248_005 1.000 0.999 0.998 0.998 0.998
PHE01A0249_001 1.000 1.000 1.000 1.000 1.000
VAL01A0250_001 1.000 1.000 1.000 1.000 1.000
THR01A0251_001 0.036 0.033 0.035 0.034 0.034
THR01A0251_002 0.522 0.527 0.524 0.527 0.520
THR01A0251_003 0.443 0.440 0.441 0.439 0.446
SER01A0252_001 1.000 1.000 1.000 1.000 1.000
ARG01A0255_001 0.000 0.000 0.000 0.000 0.000
ARG02A0255_002 0.000 0.000 0.000 0.000 0.000
ARG02A0255_003 0.000 0.000 0.000 0.000 0.000
ARG03A0255_004 0.000 0.000 0.000 0.000 0.000
ARG+1A0255_005 1.000 1.000 1.000 1.000 1.000
MET01A0256_001 1.000 1.000 1.000 1.000 1.000
ASP01A0257_001 0.000 0.000 0.000 0.000 0.000
ASP01A0257_002 0.000 0.000 0.000 0.000 0.000
ASP02A0257_003 0.000 0.000 0.000 0.000 0.000
ASP02A0257_004 0.000 0.000 0.000 0.000 0.000
ASP-1A0257_005 1.000 1.000 1.000 1.000 1.000
PRO01A0258_001 1.000 1.000 1.000 1.000 1.000
PRO01A0259_001 1.000 1.000 1.000 1.000 1.000
LYS01A0260_001 0.000 0.000 0.000 0.000 0.000
LYS+1A0260_002 1.000 1.000 1.000 1.000 1.000
ASN01A0261_001 0.948 0.951 0.951 0.949 0.950
ASN01A0261_002 0.052 0.049 0.049 0.051 0.050
CYS01A0262_001 0.411 0.410 0.408 0.411 0.412
CYS01A0262_002 0.308 0.308 0.311 0.313 0.316
CYS01A0262_003 0.281 0.281 0.281 0.276 0.272
CYS-1A0262_004 0.000 0.000 0.000 0.000 0.000
PRO01A0263_001 1.000 1.000 1.000 1.000 1.000
PRO01A0265_001 1.000 1.000 1.000 1.000 1.000
VAL01A0266_001 1.000 1.000 1.000 1.000 1.000
TYR01A0267_001 0.988 0.986 0.988 0.988 0.989
TYR01A0267_002 0.012 0.014 0.012 0.012 0.011
TYR-1A0267_003 0.000 0.000 0.000 0.000 0.000
ARG01A0268_001 0.000 0.000 0.000 0.000 0.000
ARG02A0268_002 0.000 0.000 0.000 0.000 0.000
ARG03A0268_003 0.000 0.000 0.000 0.000 0.000
ARG+1A0268_004 1.000 1.000 1.000 1.000 1.000
ILE01A0269_001 1.000 1.000 1.000 1.000 1.000
MET01A0270_001 1.000 1.000 1.000 1.000 1.000
THR01A0271_001 1.000 1.000 1.000 1.000 1.000
GLN01A0272_001 0.951 0.952 0.951 0.951 0.955
GLN01A0272_002 0.049 0.048 0.049 0.049 0.045
CYS01A0273_001 0.341 0.329 0.339 0.339 0.342
CYS01A0273_002 0.342 0.352 0.349 0.344 0.343
CYS01A0273_003 0.317 0.319 0.311 0.317 0.314
CYS-1A0273_004 0.000 0.000 0.000 0.000 0.000
TRP01A0274_001 1.000 1.000 1.000 1.000 1.000
GLN01A0275_001 0.681 0.679 0.682 0.679 0.675
GLN01A0275_002 0.319 0.321 0.318 0.321 0.325
HIS01A0276_001 0.387 0.374 0.394 0.387 0.398
HIS01A0276_002 0.112 0.112 0.115 0.116 0.109
HIS02A0276_003 0.415 0.425 0.406 0.412 0.411
HIS02A0276_004 0.055 0.055 0.054 0.051 0.051
HIS+1A0276_005 0.020 0.022 0.020 0.021 0.020
HIS+1A0276_006 0.011 0.012 0.011 0.013 0.011
GLN01A0277_001 0.050 0.055 0.052 0.054 0.054
GLN01A0277_002 0.950 0.945 0.948 0.946 0.946
PRO01A0278_001 1.000 1.000 1.000 1.000 1.000
GLU01A0279_001 0.000 0.000 0.000 0.000 0.000
GLU01A0279_002 0.000 0.000 0.000 0.000 0.000
GLU02A0279_003 0.000 0.000 0.000 0.000 0.000
GLU02A0279_004 0.000 0.000 0.000 0.000 0.000
GLU-1A0279_005 1.000 1.000 1.000 1.000 1.000
ASP01A0280_001 0.000 0.000 0.000 0.000 0.000
ASP01A0280_002 0.000 0.000 0.000 0.000 0.000
ASP02A0280_003 0.000 0.000 0.000 0.000 0.000
ASP02A0280_004 0.000 0.000 0.000 0.000 0.000
ASP-1A0280_005 1.000 1.000 1.000 1.000 1.000
ARG01A0281_001 0.000 0.000 0.000 0.000 0.000
ARG02A0281_002 0.000 0.000 0.000 0.000 0.000
ARG02A0281_003 0.000 0.000 0.000 0.000 0.000
ARG03A0281_004 0.000 0.000 0.000 0.000 0.000
ARG03A0281_005 0.000 0.000 0.000 0.000 0.000
ARG+1A0281_006 1.000 1.000 1.000 1.000 1.000
PRO01A0282_001 1.000 1.000 1.000 1.000 1.000
ASN01A0283_001 1.000 1.000 1.000 1.000 1.000
PHE01A0284_001 1.000 1.000 1.000 1.000 1.000
ALA01A0285_001 1.000 1.000 1.000 1.000 1.000
ILE01A0286_001 1.000 1.000 1.000 1.000 1.000
ILE01A0287_001 1.000 1.000 1.000 1.000 1.000
LEU01A0288_001 1.000 1.000 1.000 1.000 1.000
GLU01A0289_001 0.000 0.000 0.000 0.000 0.000
GLU01A0289_002 0.000 0.000 0.000 0.000 0.001
GLU02A0289_003 0.000 0.000 0.000 0.000 0.000
GLU02A0289_004 0.000 0.001 0.000 0.004 0.002
GLU-1A0289_005 1.000 0.998 1.000 0.996 0.998
ARG01A0290_001 0.000 0.000 0.000 0.000 0.000
ARG02A0290_002 0.000 0.000 0.000 0.000 0.000
ARG03A0290_003 0.000 0.000 0.000 0.000 0.000
ARG+1A0290_004 1.000 1.000 1.000 1.000 1.000
ILE01A0291_001 1.000 1.000 1.000 1.000 1.000
GLU01A0292_001 0.000 0.000 0.000 0.000 0.000
GLU01A0292_002 0.002 0.000 0.002 0.001 0.002
GLU02A0292_003 0.000 0.000 0.000 0.000 0.000
GLU02A0292_004 0.001 0.003 0.002 0.002 0.002
GLU-1A0292_005 0.997 0.997 0.996 0.997 0.997
TYR01A0293_001 1.000 0.997 0.997 0.997 0.996
TYR-1A0293_002 0.000 0.003 0.003 0.003 0.004
CYS01A0294_001 0.078 0.076 0.073 0.080 0.076
CYS01A0294_002 0.794 0.796 0.799 0.789 0.800
CYS01A0294_003 0.128 0.128 0.128 0.131 0.124
CYS-1A0294_004 0.000 0.000 0.000 0.000 0.000
THR01A0295_001 0.631 0.624 0.627 0.625 0.632
THR01A0295_002 0.053 0.055 0.056 0.054 0.055
THR01A0295_003 0.316 0.321 0.318 0.321 0.312
GLN01A0296_001 0.655 0.653 0.653 0.659 0.655
GLN01A0296_002 0.345 0.347 0.347 0.341 0.345
ASP01A0297_001 0.000 0.000 0.000 0.000 0.000
ASP01A0297_002 0.000 0.000 0.000 0.000 0.000
ASP02A0297_003 0.000 0.000 0.000 0.000 0.000
ASP02A0297_004 0.000 0.000 0.000 0.000 0.000
ASP-1A0297_005 1.000 1.000 1.000 1.000 1.000
PRO01A0298_001 1.000 1.000 1.000 1.000 1.000
ASP01A0299_001 0.000 0.000 0.000 0.000 0.000
ASP01A0299_002 0.000 0.000 0.000 0.000 0.000
ASP02A0299_003 0.000 0.000 0.000 0.000 0.000
ASP02A0299_004 0.000 0.001 0.000 0.000 0.000
ASP-1A0299_005 1.000 0.999 1.000 1.000 1.000
VAL01A0300_001 1.000 1.000 1.000 1.000 1.000
ILE01A0301_001 1.000 1.000 1.000 1.000 1.000
ASN01A0302_001 0.773 0.768 0.770 0.770 0.765
ASN01A0302_002 0.227 0.232 0.230 0.230 0.235
THR01A0303_001 1.000 1.000 1.000 1.000 1.000
ALA01A0304_001 1.000 1.000 1.000 1.000 1.000
LEU01A0305_001 1.000 1.000 1.000 1.000 1.000
PRO01A0306_001 1.000 1.000 1.000 1.000 1.000
ILE01A0307_001 1.000 1.000 1.000 1.000 1.000
GLU01A0308_001 0.000 0.000 0.000 0.000 0.000
GLU01A0308_002 0.000 0.000 0.003 0.002 0.003
GLU02A0308_003 0.000 0.000 0.000 0.000 0.000
GLU02A0308_004 0.000 0.000 0.000 0.001 0.000
GLU-1A0308_005 1.000 1.000 0.997 0.997 0.997
TYR01A0309_001 0.586 0.574 0.577 0.579 0.583
TYR01A0309_002 0.402 0.414 0.410 0.409 0.403
TYR-1A0309_003 0.012 0.013 0.013 0.012 0.013
