 ph              7.4   7.4   7.4   7.4   7.4
GLU01A0002_001 0.000 0.000 0.000 0.000 0.000
GLU01A0002_002 0.000 0.000 0.000 0.000 0.000
GLU02A0002_003 0.000 0.000 0.000 0.000 0.000
GLU02A0002_004 0.000 0.000 0.000 0.000 0.000
GLU-1A0002_005 1.000 1.000 1.000 1.000 1.000
ALA01A0003_001 1.000 1.000 1.000 1.000 1.000
PRO01A0004_001 1.000 1.000 1.000 1.000 1.000
ASN01A0005_001 0.782 0.782 0.781 0.781 0.781
ASN01A0005_002 0.218 0.218 0.219 0.219 0.219
GLN01A0006_001 0.249 0.247 0.248 0.247 0.248
GLN01A0006_002 0.751 0.753 0.752 0.753 0.752
ALA01A0007_001 1.000 1.000 1.000 1.000 1.000
LEU01A0008_001 1.000 1.000 1.000 1.000 1.000
LEU01A0009_001 1.000 1.000 1.000 1.000 1.000
ARG01A0010_001 0.000 0.000 0.000 0.000 0.000
ARG02A0010_002 0.000 0.000 0.000 0.000 0.000
ARG03A0010_003 0.000 0.000 0.000 0.000 0.000
ARG+1A0010_004 1.000 1.000 1.000 1.000 1.000
ILE01A0011_001 1.000 1.000 1.000 1.000 1.000
LEU01A0012_001 1.000 1.000 1.000 1.000 1.000
LYS01A0013_001 0.000 0.000 0.000 0.000 0.000
LYS+1A0013_002 1.000 1.000 1.000 1.000 1.000
GLU01A0014_001 0.000 0.000 0.000 0.000 0.000
GLU01A0014_002 0.000 0.000 0.000 0.000 0.000
GLU02A0014_003 0.000 0.000 0.000 0.000 0.000
GLU02A0014_004 0.000 0.000 0.000 0.000 0.000
GLU-1A0014_005 1.000 1.000 1.000 1.000 1.000
THR01A0015_001 1.000 1.000 1.000 1.000 1.000
GLU01A0016_001 0.000 0.000 0.000 0.000 0.000
GLU01A0016_002 0.009 0.009 0.008 0.009 0.008
GLU02A0016_003 0.000 0.000 0.000 0.000 0.000
GLU02A0016_004 0.019 0.018 0.018 0.019 0.018
GLU-1A0016_005 0.973 0.973 0.974 0.973 0.973
PHE01A0017_001 1.000 1.000 1.000 1.000 1.000
LYS01A0018_001 0.000 0.000 0.000 0.000 0.000
LYS+1A0018_002 1.000 1.000 1.000 1.000 1.000
LYS01A0019_001 0.000 0.000 0.000 0.000 0.000
LYS+1A0019_002 1.000 1.000 1.000 1.000 1.000
ILE01A0020_001 1.000 1.000 1.000 1.000 1.000
LYS01A0021_001 0.002 0.002 0.002 0.002 0.002
LYS+1A0021_002 0.998 0.998 0.998 0.998 0.998
VAL01A0022_001 1.000 1.000 1.000 1.000 1.000
LEU01A0023_001 1.000 1.000 1.000 1.000 1.000
SER01A0025_001 1.000 1.000 1.000 1.000 1.000
ALA01A0027_001 1.000 1.000 1.000 1.000 1.000
PHE01A0028_001 1.000 1.000 1.000 1.000 1.000
THR01A0030_001 0.352 0.352 0.351 0.352 0.353
THR01A0030_002 0.648 0.648 0.649 0.648 0.647
VAL01A0031_001 1.000 1.000 1.000 1.000 1.000
TYR01A0032_001 0.163 0.164 0.163 0.162 0.164
TYR01A0032_002 0.837 0.836 0.837 0.838 0.836
TYR-1A0032_003 0.000 0.000 0.000 0.000 0.000
LYS01A0033_001 0.002 0.003 0.002 0.002 0.002
LYS+1A0033_002 0.998 0.997 0.998 0.998 0.998
LEU01A0035_001 1.000 1.000 1.000 1.000 1.000
TRP01A0036_001 1.000 1.000 1.000 1.000 1.000
ILE01A0037_001 1.000 1.000 1.000 1.000 1.000
PRO01A0038_001 1.000 1.000 1.000 1.000 1.000
GLU01A0039_001 0.000 0.000 0.000 0.000 0.000
GLU01A0039_002 0.000 0.000 0.000 0.000 0.000
GLU02A0039_003 0.000 0.000 0.000 0.000 0.000
GLU02A0039_004 0.000 0.000 0.000 0.000 0.000
GLU-1A0039_005 1.000 1.000 1.000 1.000 1.000
GLU01A0041_001 0.000 0.000 0.000 0.000 0.000
GLU01A0041_002 0.011 0.010 0.011 0.011 0.010
GLU02A0041_003 0.000 0.000 0.000 0.000 0.000
GLU02A0041_004 0.010 0.010 0.010 0.010 0.009
GLU-1A0041_005 0.979 0.980 0.979 0.980 0.980
LYS01A0042_001 0.000 0.000 0.000 0.000 0.000
LYS+1A0042_002 1.000 1.000 1.000 1.000 1.000
VAL01A0043_001 1.000 1.000 1.000 1.000 1.000
LYS01A0044_001 0.003 0.003 0.003 0.003 0.003
LYS+1A0044_002 0.997 0.997 0.997 0.997 0.997
ILE01A0045_001 1.000 1.000 1.000 1.000 1.000
PRO01A0046_001 1.000 1.000 1.000 1.000 1.000
VAL01A0047_001 1.000 1.000 1.000 1.000 1.000
ALA01A0048_001 1.000 1.000 1.000 1.000 1.000
ILE01A0049_001 1.000 1.000 1.000 1.000 1.000
LYS01A0050_001 0.000 0.000 0.000 0.000 0.000
LYS+1A0050_002 1.000 1.000 1.000 1.000 1.000
GLU01A0051_001 0.000 0.000 0.000 0.000 0.000
GLU01A0051_002 0.000 0.000 0.000 0.000 0.000
GLU02A0051_003 0.000 0.000 0.000 0.000 0.000
GLU02A0051_004 0.000 0.000 0.000 0.000 0.000
GLU-1A0051_005 1.000 1.000 1.000 1.000 1.000
LEU01A0052_001 1.000 1.000 1.000 1.000 1.000
ARG01A0053_001 0.000 0.000 0.000 0.000 0.000
ARG02A0053_002 0.000 0.000 0.000 0.000 0.000
ARG03A0053_003 0.000 0.000 0.000 0.000 0.000
ARG+1A0053_004 1.000 1.000 1.000 1.000 1.000
GLU01A0054_001 0.000 0.000 0.000 0.000 0.000
GLU01A0054_002 0.000 0.000 0.000 0.000 0.000
GLU02A0054_003 0.000 0.000 0.000 0.000 0.000
GLU02A0054_004 0.000 0.000 0.000 0.000 0.000
GLU-1A0054_005 1.000 1.000 1.000 1.000 1.000
ALA01A0055_001 1.000 1.000 1.000 1.000 1.000
THR01A0056_001 1.000 1.000 1.000 1.000 1.000
SER01A0057_001 0.012 0.012 0.012 0.012 0.012
SER01A0057_002 0.988 0.988 0.988 0.988 0.988
PRO01A0058_001 1.000 1.000 1.000 1.000 1.000
LYS01A0059_001 0.000 0.000 0.000 0.000 0.000
LYS+1A0059_002 1.000 1.000 1.000 1.000 1.000
ALA01A0060_001 1.000 1.000 1.000 1.000 1.000
ASN01A0061_001 0.332 0.333 0.330 0.331 0.332
ASN01A0061_002 0.668 0.667 0.670 0.669 0.668
LYS01A0062_001 0.000 0.000 0.000 0.000 0.000
LYS+1A0062_002 1.000 1.000 1.000 1.000 1.000
GLU01A0063_001 0.000 0.000 0.000 0.000 0.000
GLU01A0063_002 0.000 0.000 0.000 0.000 0.000
GLU02A0063_003 0.000 0.000 0.000 0.000 0.000
GLU02A0063_004 0.000 0.000 0.000 0.000 0.000
GLU-1A0063_005 1.000 1.000 1.000 1.000 1.000
ILE01A0064_001 1.000 1.000 1.000 1.000 1.000
LEU01A0065_001 1.000 1.000 1.000 1.000 1.000
ASP01A0066_001 0.000 0.000 0.000 0.000 0.000
ASP01A0066_002 0.006 0.005 0.005 0.006 0.006
ASP02A0066_003 0.000 0.000 0.000 0.000 0.000
ASP02A0066_004 0.000 0.001 0.001 0.000 0.000
ASP-1A0066_005 0.994 0.994 0.995 0.994 0.994
GLU01A0067_001 0.000 0.000 0.000 0.000 0.000
GLU01A0067_002 0.000 0.000 0.000 0.000 0.000
GLU02A0067_003 0.000 0.000 0.000 0.000 0.000
GLU02A0067_004 0.000 0.000 0.000 0.000 0.000
GLU-1A0067_005 1.000 1.000 1.000 1.000 1.000
ALA01A0068_001 1.000 1.000 1.000 1.000 1.000
TYR01A0069_001 0.996 0.996 0.996 0.996 0.996
TYR-1A0069_002 0.004 0.004 0.004 0.004 0.004
VAL01A0070_001 1.000 1.000 1.000 1.000 1.000
MET01A0071_001 1.000 1.000 1.000 1.000 1.000
ALA01A0072_001 1.000 1.000 1.000 1.000 1.000
SER01A0073_001 0.016 0.016 0.016 0.016 0.016
SER01A0073_002 0.984 0.984 0.984 0.984 0.984
VAL01A0074_001 1.000 1.000 1.000 1.000 1.000
ASP01A0075_001 0.000 0.000 0.000 0.000 0.000
ASP01A0075_002 0.000 0.000 0.000 0.000 0.000
ASP02A0075_003 0.000 0.000 0.000 0.000 0.000
ASP02A0075_004 0.000 0.000 0.000 0.000 0.000
ASP-1A0075_005 1.000 1.000 1.000 1.000 1.000
ASN01A0076_001 0.000 0.000 0.000 0.000 0.000
ASN01A0076_002 1.000 1.000 1.000 1.000 1.000
PRO01A0077_001 1.000 1.000 1.000 1.000 1.000
HIS01A0078_001 0.213 0.212 0.212 0.212 0.212
HIS01A0078_002 0.000 0.000 0.000 0.000 0.000
HIS02A0078_003 0.785 0.786 0.786 0.786 0.786
HIS02A0078_004 0.002 0.002 0.002 0.002 0.002
HIS+1A0078_005 0.000 0.000 0.000 0.000 0.000
HIS+1A0078_006 0.000 0.000 0.000 0.000 0.000
VAL01A0079_001 1.000 1.000 1.000 1.000 1.000
CYS01A0080_001 0.000 0.000 0.000 0.000 0.000
CYS01A0080_002 0.117 0.116 0.117 0.117 0.116
CYS01A0080_003 0.883 0.884 0.883 0.883 0.884
CYS-1A0080_004 0.000 0.000 0.000 0.000 0.000
ARG01A0081_001 0.000 0.000 0.000 0.000 0.000
ARG02A0081_002 0.000 0.000 0.000 0.000 0.000
ARG03A0081_003 0.000 0.000 0.000 0.000 0.000
ARG03A0081_004 0.000 0.000 0.000 0.000 0.000
ARG+1A0081_005 1.000 1.000 1.000 1.000 1.000
LEU01A0082_001 1.000 1.000 1.000 1.000 1.000
LEU01A0083_001 1.000 1.000 1.000 1.000 1.000
ILE01A0085_001 1.000 1.000 1.000 1.000 1.000
CYS01A0086_001 0.097 0.098 0.097 0.098 0.099
CYS01A0086_002 0.566 0.564 0.566 0.564 0.563
CYS01A0086_003 0.337 0.338 0.337 0.338 0.338
CYS-1A0086_004 0.000 0.000 0.000 0.000 0.000
LEU01A0087_001 1.000 1.000 1.000 1.000 1.000
THR01A0088_001 0.049 0.049 0.048 0.049 0.049
THR01A0088_002 0.951 0.951 0.952 0.951 0.951
SER01A0089_001 1.000 1.000 1.000 1.000 1.000
THR01A0090_001 0.015 0.014 0.014 0.014 0.015
THR01A0090_002 0.319 0.318 0.318 0.318 0.318
THR01A0090_003 0.666 0.668 0.667 0.667 0.668
VAL01A0091_001 1.000 1.000 1.000 1.000 1.000
GLN01A0092_001 1.000 1.000 1.000 1.000 1.000
GLN01A0092_002 0.000 0.000 0.000 0.000 0.000
LEU01A0093_001 1.000 1.000 1.000 1.000 1.000
ILE01A0094_001 1.000 1.000 1.000 1.000 1.000
MET01A0095_001 1.000 1.000 1.000 1.000 1.000
GLN01A0096_001 0.935 0.936 0.935 0.935 0.935
GLN01A0096_002 0.065 0.064 0.065 0.065 0.065
LEU01A0097_001 1.000 1.000 1.000 1.000 1.000
MET01A0098_001 1.000 1.000 1.000 1.000 1.000
PRO01A0099_001 1.000 1.000 1.000 1.000 1.000
PHE01A0100_001 1.000 1.000 1.000 1.000 1.000
CYS01A0102_001 0.922 0.922 0.922 0.922 0.922
CYS01A0102_002 0.058 0.058 0.057 0.058 0.058
CYS01A0102_003 0.020 0.020 0.020 0.020 0.020
CYS-1A0102_004 0.000 0.000 0.000 0.000 0.000
LEU01A0103_001 1.000 1.000 1.000 1.000 1.000
LEU01A0104_001 1.000 1.000 1.000 1.000 1.000
ASP01A0105_001 0.000 0.000 0.000 0.000 0.000
ASP01A0105_002 0.000 0.000 0.000 0.000 0.000
ASP02A0105_003 0.000 0.000 0.000 0.000 0.000
ASP02A0105_004 0.000 0.000 0.000 0.000 0.000
ASP-1A0105_005 1.000 1.000 1.000 1.000 1.000
TYR01A0106_001 1.000 1.000 1.000 1.000 1.000
TYR-1A0106_002 0.000 0.000 0.000 0.000 0.000
VAL01A0107_001 1.000 1.000 1.000 1.000 1.000
ARG01A0108_001 0.000 0.000 0.000 0.000 0.000
ARG02A0108_002 0.000 0.000 0.000 0.000 0.000
ARG03A0108_003 0.000 0.000 0.000 0.000 0.000
ARG+1A0108_004 1.000 1.000 1.000 1.000 1.000
GLU01A0109_001 0.000 0.000 0.000 0.000 0.000
GLU01A0109_002 0.000 0.000 0.000 0.000 0.000
GLU02A0109_003 0.000 0.000 0.000 0.000 0.000
GLU02A0109_004 0.000 0.000 0.000 0.000 0.000
GLU-1A0109_005 1.000 1.000 1.000 1.000 1.000
HIS01A0110_001 0.012 0.013 0.012 0.013 0.012
HIS01A0110_002 0.277 0.277 0.276 0.280 0.280
HIS02A0110_003 0.435 0.432 0.435 0.434 0.435
HIS02A0110_004 0.031 0.031 0.031 0.030 0.031
HIS+1A0110_005 0.049 0.050 0.049 0.049 0.049
HIS+1A0110_006 0.196 0.197 0.196 0.195 0.194
LYS01A0111_001 0.000 0.000 0.000 0.000 0.000
LYS+1A0111_002 1.000 1.000 1.000 1.000 1.000
ASP01A0112_001 0.000 0.000 0.000 0.000 0.000
ASP01A0112_002 0.000 0.000 0.000 0.000 0.000
ASP02A0112_003 0.000 0.000 0.000 0.000 0.000
ASP02A0112_004 0.000 0.000 0.000 0.000 0.000
ASP-1A0112_005 1.000 1.000 1.000 1.000 1.000
ASN01A0113_001 0.880 0.879 0.881 0.880 0.879
ASN01A0113_002 0.120 0.121 0.119 0.120 0.121
ILE01A0114_001 1.000 1.000 1.000 1.000 1.000
SER01A0116_001 0.365 0.365 0.366 0.365 0.365
SER01A0116_002 0.041 0.042 0.040 0.042 0.041
SER01A0116_003 0.593 0.593 0.595 0.593 0.595
GLN01A0117_001 0.694 0.696 0.696 0.693 0.694
GLN01A0117_002 0.306 0.304 0.304 0.307 0.306
TYR01A0118_001 0.990 0.989 0.989 0.989 0.989
TYR-1A0118_002 0.010 0.011 0.011 0.011 0.011
LEU01A0119_001 1.000 1.000 1.000 1.000 1.000
LEU01A0120_001 1.000 1.000 1.000 1.000 1.000
ASN01A0121_001 0.058 0.058 0.058 0.058 0.059
ASN01A0121_002 0.942 0.942 0.942 0.942 0.941
TRP01A0122_001 1.000 1.000 1.000 1.000 1.000
CYS01A0123_001 0.112 0.112 0.114 0.114 0.113
CYS01A0123_002 0.753 0.754 0.752 0.750 0.752
CYS01A0123_003 0.135 0.134 0.135 0.136 0.135
CYS-1A0123_004 0.000 0.000 0.000 0.000 0.000
VAL01A0124_001 1.000 1.000 1.000 1.000 1.000
GLN01A0125_001 1.000 1.000 1.000 1.000 1.000
GLN01A0125_002 0.000 0.000 0.000 0.000 0.000
ILE01A0126_001 1.000 1.000 1.000 1.000 1.000
ALA01A0127_001 1.000 1.000 1.000 1.000 1.000
LYS01A0128_001 0.012 0.012 0.012 0.012 0.012
LYS+1A0128_002 0.988 0.988 0.988 0.988 0.988
MET01A0130_001 1.000 1.000 1.000 1.000 1.000
ASN01A0131_001 0.835 0.834 0.833 0.833 0.833
ASN01A0131_002 0.165 0.166 0.167 0.167 0.167
TYR01A0132_001 0.617 0.618 0.618 0.618 0.617
TYR01A0132_002 0.383 0.382 0.382 0.382 0.383
TYR-1A0132_003 0.000 0.000 0.000 0.000 0.000
LEU01A0133_001 1.000 1.000 1.000 1.000 1.000
GLU01A0134_001 0.000 0.000 0.000 0.000 0.000
GLU01A0134_002 0.000 0.000 0.000 0.000 0.000
GLU02A0134_003 0.002 0.000 0.002 0.000 0.002
GLU02A0134_004 0.000 0.000 0.000 0.000 0.000
GLU-1A0134_005 0.998 1.000 0.998 1.000 0.998
ASP01A0135_001 0.000 0.000 0.000 0.000 0.000
ASP01A0135_002 0.002 0.002 0.000 0.002 0.002
ASP02A0135_003 0.000 0.000 0.000 0.000 0.000
ASP02A0135_004 0.002 0.002 0.000 0.002 0.002
ASP-1A0135_005 0.997 0.997 1.000 0.997 0.997
ARG01A0136_001 0.000 0.000 0.000 0.000 0.000
ARG02A0136_002 0.000 0.000 0.000 0.000 0.000
ARG03A0136_003 0.000 0.000 0.000 0.000 0.000
ARG+1A0136_004 1.000 1.000 1.000 1.000 1.000
ARG01A0137_001 0.000 0.000 0.000 0.000 0.000
ARG02A0137_002 0.000 0.000 0.000 0.000 0.000
ARG03A0137_003 0.000 0.000 0.000 0.000 0.000
ARG+1A0137_004 1.000 1.000 1.000 1.000 1.000
LEU01A0138_001 1.000 1.000 1.000 1.000 1.000
VAL01A0139_001 1.000 1.000 1.000 1.000 1.000
HIS01A0140_001 0.997 0.997 0.997 0.997 0.997
HIS02A0140_002 0.000 0.000 0.000 0.000 0.000
HIS+1A0140_003 0.003 0.003 0.003 0.003 0.003
ARG01A0141_001 0.000 0.000 0.000 0.000 0.000
ARG02A0141_002 0.000 0.000 0.000 0.000 0.000
ARG02A0141_003 0.000 0.000 0.000 0.000 0.000
ARG03A0141_004 0.000 0.000 0.000 0.000 0.000
ARG+1A0141_005 1.000 1.000 1.000 1.000 1.000
ASP01A0142_001 0.003 0.003 0.003 0.003 0.003
ASP01A0142_002 0.000 0.000 0.000 0.000 0.000
ASP02A0142_003 0.149 0.149 0.147 0.148 0.148
ASP02A0142_004 0.062 0.062 0.063 0.063 0.062
ASP-1A0142_005 0.786 0.786 0.787 0.786 0.786
LEU01A0143_001 1.000 1.000 1.000 1.000 1.000
ALA01A0144_001 1.000 1.000 1.000 1.000 1.000
ALA01A0145_001 1.000 1.000 1.000 1.000 1.000
ARG01A0146_001 0.000 0.000 0.000 0.000 0.000
ARG02A0146_002 0.000 0.000 0.000 0.000 0.000
ARG02A0146_003 0.000 0.000 0.000 0.000 0.000
ARG03A0146_004 0.000 0.000 0.000 0.000 0.000
ARG+1A0146_005 1.000 1.000 1.000 1.000 1.000
ASN01A0147_001 0.036 0.036 0.037 0.037 0.036
ASN01A0147_002 0.964 0.964 0.963 0.963 0.964
VAL01A0148_001 1.000 1.000 1.000 1.000 1.000
LEU01A0149_001 1.000 1.000 1.000 1.000 1.000
VAL01A0150_001 1.000 1.000 1.000 1.000 1.000
LYS01A0151_001 0.000 0.000 0.000 0.000 0.000
LYS+1A0151_002 1.000 1.000 1.000 1.000 1.000
THR01A0152_001 1.000 1.000 1.000 1.000 1.000
PRO01A0153_001 1.000 1.000 1.000 1.000 1.000
GLN01A0154_001 1.000 1.000 1.000 1.000 1.000
HIS01A0155_001 0.809 0.808 0.808 0.809 0.808
HIS02A0155_002 0.186 0.187 0.187 0.186 0.187
HIS+1A0155_003 0.005 0.005 0.005 0.005 0.005
VAL01A0156_001 1.000 1.000 1.000 1.000 1.000
LYS01A0157_001 0.196 0.194 0.195 0.196 0.195
LYS+1A0157_002 0.804 0.806 0.805 0.804 0.805
ILE01A0158_001 1.000 1.000 1.000 1.000 1.000
THR01A0159_001 0.551 0.549 0.550 0.551 0.550
THR01A0159_002 0.449 0.451 0.450 0.449 0.450
ASP01A0160_001 0.000 0.000 0.000 0.000 0.000
ASP01A0160_002 0.000 0.000 0.000 0.000 0.000
ASP02A0160_003 0.012 0.011 0.011 0.011 0.011
ASP02A0160_004 0.026 0.026 0.025 0.025 0.026
ASP-1A0160_005 0.962 0.963 0.963 0.963 0.963
PHE01A0161_001 1.000 1.000 1.000 1.000 1.000
LEU01A0163_001 1.000 1.000 1.000 1.000 1.000
ALA01A0164_001 1.000 1.000 1.000 1.000 1.000
LYS01A0165_001 0.000 0.000 0.000 0.000 0.000
LYS+1A0165_002 1.000 1.000 1.000 1.000 1.000
LEU01A0166_001 1.000 1.000 1.000 1.000 1.000
LEU01A0167_001 1.000 1.000 1.000 1.000 1.000
ALA01A0169_001 1.000 1.000 1.000 1.000 1.000
GLU01A0170_001 0.000 0.000 0.000 0.000 0.000
GLU01A0170_002 0.000 0.000 0.000 0.000 0.000
GLU02A0170_003 0.000 0.000 0.000 0.000 0.000
GLU02A0170_004 0.000 0.000 0.000 0.000 0.000
GLU-1A0170_005 1.000 1.000 1.000 1.000 1.000
GLU01A0171_001 0.000 0.000 0.000 0.000 0.000
GLU01A0171_002 0.000 0.000 0.000 0.000 0.000
GLU02A0171_003 0.000 0.000 0.000 0.000 0.000
GLU02A0171_004 0.000 0.000 0.000 0.000 0.000
GLU-1A0171_005 1.000 1.000 1.000 1.000 1.000
LYS01A0172_001 0.000 0.000 0.000 0.000 0.000
LYS+1A0172_002 1.000 1.000 1.000 1.000 1.000
GLU01A0173_001 0.000 0.000 0.000 0.000 0.000
GLU01A0173_002 0.000 0.000 0.000 0.000 0.000
GLU02A0173_003 0.000 0.000 0.000 0.000 0.000
GLU02A0173_004 0.000 0.000 0.002 0.002 0.000
GLU-1A0173_005 1.000 1.000 0.998 0.998 1.000
TYR01A0174_001 1.000 1.000 1.000 1.000 1.000
TYR-1A0174_002 0.000 0.000 0.000 0.000 0.000
HIS01A0175_001 0.003 0.003 0.003 0.003 0.003
HIS02A0175_002 0.101 0.102 0.102 0.101 0.102
HIS+1A0175_003 0.896 0.895 0.896 0.896 0.895
ALA01A0176_001 1.000 1.000 1.000 1.000 1.000
GLU01A0177_001 0.000 0.000 0.000 0.000 0.000
GLU01A0177_002 0.000 0.000 0.000 0.000 0.000
GLU02A0177_003 0.000 0.000 0.000 0.000 0.000
GLU02A0177_004 0.000 0.000 0.000 0.000 0.000
GLU-1A0177_005 1.000 1.000 1.000 1.000 1.000
LYS01A0180_001 0.010 0.010 0.010 0.010 0.010
LYS+1A0180_002 0.990 0.990 0.990 0.990 0.990
VAL01A0181_001 1.000 1.000 1.000 1.000 1.000
PRO01A0182_001 1.000 1.000 1.000 1.000 1.000
ILE01A0183_001 1.000 1.000 1.000 1.000 1.000
LYS01A0184_001 0.000 0.000 0.000 0.000 0.000
LYS+1A0184_002 1.000 1.000 1.000 1.000 1.000
TRP01A0185_001 1.000 1.000 1.000 1.000 1.000
MET01A0186_001 1.000 1.000 1.000 1.000 1.000
ALA01A0187_001 1.000 1.000 1.000 1.000 1.000
LEU01A0188_001 1.000 1.000 1.000 1.000 1.000
GLU01A0189_001 0.000 0.000 0.000 0.000 0.000
GLU01A0189_002 0.000 0.000 0.000 0.000 0.000
GLU02A0189_003 0.000 0.000 0.000 0.000 0.000
GLU02A0189_004 0.000 0.000 0.000 0.000 0.000
GLU-1A0189_005 1.000 1.000 1.000 1.000 1.000
SER01A0190_001 0.995 0.995 0.995 0.995 0.995
SER01A0190_002 0.000 0.000 0.000 0.000 0.000
SER01A0190_003 0.005 0.005 0.005 0.005 0.005
ILE01A0191_001 1.000 1.000 1.000 1.000 1.000
LEU01A0192_001 1.000 1.000 1.000 1.000 1.000
HIS01A0193_001 0.280 0.282 0.281 0.283 0.280
HIS01A0193_002 0.164 0.163 0.163 0.162 0.163
HIS02A0193_003 0.362 0.362 0.362 0.361 0.362
HIS02A0193_004 0.132 0.130 0.131 0.131 0.131
HIS+1A0193_005 0.025 0.025 0.025 0.025 0.026
HIS+1A0193_006 0.037 0.038 0.037 0.038 0.038
ARG01A0194_001 0.000 0.000 0.000 0.000 0.000
ARG02A0194_002 0.000 0.000 0.000 0.000 0.000
ARG03A0194_003 0.000 0.000 0.000 0.000 0.000
ARG+1A0194_004 1.000 1.000 1.000 1.000 1.000
ILE01A0195_001 1.000 1.000 1.000 1.000 1.000
TYR01A0196_001 1.000 1.000 1.000 1.000 1.000
TYR-1A0196_002 0.000 0.000 0.000 0.000 0.000
THR01A0197_001 1.000 1.000 1.000 1.000 0.999
THR01A0197_002 0.000 0.000 0.000 0.000 0.001
HIS01A0198_001 0.457 0.456 0.456 0.456 0.458
HIS01A0198_002 0.000 0.000 0.001 0.000 0.000
HIS02A0198_003 0.018 0.018 0.018 0.018 0.018
HIS02A0198_004 0.205 0.204 0.202 0.204 0.204
HIS+1A0198_005 0.127 0.128 0.128 0.127 0.126
HIS+1A0198_006 0.193 0.195 0.195 0.195 0.194
GLN01A0199_001 1.000 1.000 1.000 1.000 1.000
GLN01A0199_002 0.000 0.000 0.000 0.000 0.000
SER01A0200_001 0.541 0.541 0.541 0.540 0.542
SER01A0200_002 0.064 0.065 0.064 0.065 0.064
SER01A0200_003 0.395 0.394 0.395 0.395 0.394
ASP01A0201_001 0.000 0.000 0.000 0.000 0.000
ASP01A0201_002 0.000 0.000 0.000 0.000 0.000
ASP02A0201_003 0.000 0.000 0.000 0.000 0.000
ASP02A0201_004 0.000 0.000 0.000 0.000 0.000
ASP-1A0201_005 1.000 1.000 1.000 1.000 1.000
VAL01A0202_001 1.000 1.000 1.000 1.000 1.000
TRP01A0203_001 1.000 1.000 1.000 1.000 1.000
SER01A0204_001 0.781 0.781 0.779 0.780 0.781
SER01A0204_002 0.219 0.219 0.221 0.220 0.219
TYR01A0205_001 0.049 0.049 0.048 0.049 0.048
TYR01A0205_002 0.951 0.951 0.952 0.951 0.952
TYR-1A0205_003 0.000 0.000 0.000 0.000 0.000
VAL01A0207_001 1.000 1.000 1.000 1.000 1.000
THR01A0208_001 1.000 1.000 1.000 1.000 1.000
VAL01A0209_001 1.000 1.000 1.000 1.000 1.000
TRP01A0210_001 1.000 1.000 1.000 1.000 1.000
GLU01A0211_001 0.000 0.000 0.000 0.000 0.000
GLU01A0211_002 0.005 0.005 0.005 0.005 0.005
GLU02A0211_003 0.029 0.028 0.029 0.028 0.028
GLU02A0211_004 0.042 0.042 0.042 0.041 0.041
GLU-1A0211_005 0.924 0.925 0.924 0.925 0.926
LEU01A0212_001 1.000 1.000 1.000 1.000 1.000
MET01A0213_001 1.000 1.000 1.000 1.000 1.000
THR01A0214_001 0.958 0.958 0.960 0.959 0.960
THR01A0214_002 0.042 0.042 0.040 0.041 0.040
PHE01A0215_001 1.000 1.000 1.000 1.000 1.000
SER01A0217_001 1.000 1.000 1.000 1.000 1.000
LYS01A0218_001 0.000 0.000 0.000 0.000 0.000
LYS+1A0218_002 1.000 1.000 1.000 1.000 1.000
PRO01A0219_001 1.000 1.000 1.000 1.000 1.000
TYR01A0220_001 1.000 1.000 1.000 1.000 1.000
TYR-1A0220_002 0.000 0.000 0.000 0.000 0.000
ASP01A0221_001 0.000 0.000 0.000 0.000 0.000
ASP01A0221_002 0.000 0.000 0.000 0.000 0.000
ASP02A0221_003 0.000 0.000 0.000 0.000 0.000
ASP02A0221_004 0.000 0.000 0.000 0.000 0.000
ASP-1A0221_005 1.000 1.000 1.000 1.000 1.000
ILE01A0223_001 1.000 1.000 1.000 1.000 1.000
PRO01A0224_001 1.000 1.000 1.000 1.000 1.000
ALA01A0225_001 1.000 1.000 1.000 1.000 1.000
SER01A0226_001 0.020 0.019 0.019 0.019 0.019
SER01A0226_002 0.980 0.981 0.981 0.981 0.981
GLU01A0227_001 0.000 0.000 0.000 0.000 0.000
GLU01A0227_002 0.000 0.000 0.000 0.000 0.000
GLU02A0227_003 0.000 0.000 0.000 0.000 0.000
GLU02A0227_004 0.000 0.000 0.000 0.000 0.000
GLU-1A0227_005 1.000 1.000 1.000 1.000 1.000
ILE01A0228_001 1.000 1.000 1.000 1.000 1.000
SER01A0229_001 1.000 1.000 1.000 1.000 1.000
SER01A0230_001 0.403 0.404 0.401 0.403 0.404
SER01A0230_002 0.597 0.596 0.599 0.597 0.596
ILE01A0231_001 1.000 1.000 1.000 1.000 1.000
LEU01A0232_001 1.000 1.000 1.000 1.000 1.000
GLU01A0233_001 0.000 0.000 0.000 0.000 0.000
GLU01A0233_002 0.000 0.000 0.000 0.000 0.000
GLU02A0233_003 0.000 0.000 0.000 0.000 0.000
GLU02A0233_004 0.000 0.000 0.000 0.000 0.000
GLU-1A0233_005 1.000 1.000 1.000 1.000 1.000
LYS01A0234_001 0.000 0.000 0.000 0.000 0.000
LYS+1A0234_002 1.000 1.000 1.000 1.000 1.000
GLU01A0236_001 0.000 0.000 0.000 0.000 0.000
GLU01A0236_002 0.000 0.000 0.000 0.000 0.000
GLU02A0236_003 0.000 0.000 0.000 0.000 0.000
GLU02A0236_004 0.000 0.000 0.000 0.000 0.000
GLU-1A0236_005 1.000 1.000 1.000 1.000 1.000
ARG01A0237_001 0.000 0.000 0.000 0.000 0.000
ARG02A0237_002 0.000 0.000 0.000 0.000 0.000
ARG03A0237_003 0.000 0.000 0.000 0.000 0.000
ARG+1A0237_004 1.000 1.000 1.000 1.000 1.000
LEU01A0238_001 1.000 1.000 1.000 1.000 1.000
PRO01A0239_001 1.000 1.000 1.000 1.000 1.000
GLN01A0240_001 0.786 0.786 0.786 0.785 0.786
GLN01A0240_002 0.214 0.214 0.214 0.215 0.214
PRO01A0241_001 1.000 1.000 1.000 1.000 1.000
PRO01A0242_001 1.000 1.000 1.000 1.000 1.000
ILE01A0243_001 1.000 1.000 1.000 1.000 1.000
CYS01A0244_001 0.379 0.378 0.379 0.380 0.379
CYS01A0244_002 0.259 0.258 0.257 0.258 0.258
CYS01A0244_003 0.362 0.364 0.363 0.362 0.363
CYS-1A0244_004 0.000 0.000 0.000 0.000 0.000
THR01A0245_001 1.000 1.000 1.000 1.000 1.000
THR01A0245_002 0.000 0.000 0.000 0.000 0.000
ILE01A0246_001 1.000 1.000 1.000 1.000 1.000
ASP01A0247_001 0.000 0.000 0.000 0.000 0.000
ASP01A0247_002 0.000 0.000 0.000 0.000 0.000
ASP02A0247_003 0.000 0.000 0.000 0.000 0.000
ASP02A0247_004 0.000 0.000 0.000 0.000 0.000
ASP-1A0247_005 1.000 1.000 1.000 1.000 1.000
VAL01A0248_001 1.000 1.000 1.000 1.000 1.000
TYR01A0249_001 0.946 0.945 0.945 0.945 0.945
TYR01A0249_002 0.054 0.055 0.055 0.055 0.055
TYR-1A0249_003 0.000 0.000 0.000 0.000 0.000
MET01A0250_001 1.000 1.000 1.000 1.000 1.000
ILE01A0251_001 1.000 1.000 1.000 1.000 1.000
MET01A0252_001 1.000 1.000 1.000 1.000 1.000
VAL01A0253_001 1.000 1.000 1.000 1.000 1.000
LYS01A0254_001 0.005 0.005 0.005 0.005 0.005
LYS+1A0254_002 0.995 0.995 0.995 0.995 0.995
CYS01A0255_001 0.147 0.145 0.146 0.147 0.146
CYS01A0255_002 0.639 0.642 0.638 0.639 0.639
CYS01A0255_003 0.214 0.213 0.216 0.214 0.215
CYS-1A0255_004 0.000 0.000 0.000 0.000 0.000
TRP01A0256_001 1.000 1.000 1.000 1.000 1.000
MET01A0257_001 1.000 1.000 1.000 1.000 1.000
ILE01A0258_001 1.000 1.000 1.000 1.000 1.000
ASP01A0259_001 0.000 0.000 0.000 0.000 0.000
ASP01A0259_002 0.000 0.000 0.000 0.000 0.000
ASP02A0259_003 0.000 0.000 0.000 0.000 0.000
ASP02A0259_004 0.000 0.000 0.000 0.000 0.000
ASP-1A0259_005 1.000 1.000 1.000 1.000 1.000
ALA01A0260_001 1.000 1.000 1.000 1.000 1.000
ASP01A0261_001 0.000 0.000 0.000 0.000 0.000
ASP01A0261_002 0.000 0.000 0.000 0.000 0.000
ASP02A0261_003 0.000 0.000 0.000 0.000 0.000
ASP02A0261_004 0.000 0.000 0.000 0.000 0.000
ASP-1A0261_005 1.000 1.000 1.000 1.000 1.000
SER01A0262_001 0.115 0.115 0.115 0.114 0.115
SER01A0262_002 0.622 0.622 0.620 0.622 0.621
SER01A0262_003 0.263 0.263 0.265 0.264 0.264
ARG01A0263_001 0.000 0.000 0.000 0.000 0.000
ARG02A0263_002 0.000 0.000 0.000 0.000 0.000
ARG02A0263_003 0.000 0.000 0.000 0.000 0.000
ARG03A0263_004 0.000 0.000 0.000 0.000 0.000
ARG03A0263_005 0.000 0.000 0.000 0.000 0.000
ARG+1A0263_006 1.000 1.000 1.000 1.000 1.000
PRO01A0264_001 1.000 1.000 1.000 1.000 1.000
LYS01A0265_001 0.000 0.000 0.000 0.000 0.000
LYS+1A0265_002 1.000 1.000 1.000 1.000 1.000
PHE01A0266_001 1.000 1.000 1.000 1.000 1.000
ARG01A0267_001 0.000 0.000 0.000 0.000 0.000
ARG02A0267_002 0.000 0.000 0.000 0.000 0.000
ARG03A0267_003 0.000 0.000 0.000 0.000 0.000
ARG+1A0267_004 1.000 1.000 1.000 1.000 1.000
GLU01A0268_001 0.000 0.000 0.000 0.000 0.000
GLU01A0268_002 0.000 0.000 0.000 0.000 0.000
GLU02A0268_003 0.000 0.000 0.000 0.000 0.000
GLU02A0268_004 0.000 0.000 0.000 0.000 0.000
GLU-1A0268_005 1.000 1.000 1.000 1.000 1.000
LEU01A0269_001 1.000 1.000 1.000 1.000 1.000
ILE01A0270_001 1.000 1.000 1.000 1.000 1.000
ILE01A0271_001 1.000 1.000 1.000 1.000 1.000
GLU01A0272_001 0.000 0.000 0.000 0.000 0.000
GLU01A0272_002 0.000 0.000 0.000 0.000 0.000
GLU02A0272_003 0.000 0.000 0.000 0.000 0.000
GLU02A0272_004 0.000 0.000 0.000 0.000 0.000
GLU-1A0272_005 1.000 1.000 1.000 1.000 1.000
PHE01A0273_001 1.000 1.000 1.000 1.000 1.000
SER01A0274_001 1.000 1.000 1.000 1.000 1.000
LYS01A0275_001 0.000 0.000 0.000 0.000 0.000
LYS+1A0275_002 1.000 1.000 1.000 1.000 1.000
MET01A0276_001 1.000 1.000 1.000 1.000 1.000
ALA01A0277_001 1.000 1.000 1.000 1.000 1.000
ARG01A0278_001 0.000 0.000 0.000 0.000 0.000
ARG02A0278_002 0.000 0.000 0.000 0.000 0.000
ARG03A0278_003 0.000 0.000 0.000 0.000 0.000
ARG+1A0278_004 1.000 1.000 1.000 1.000 1.000
ASP01A0279_001 0.000 0.000 0.000 0.000 0.000
ASP01A0279_002 0.000 0.000 0.000 0.000 0.000
ASP02A0279_003 0.000 0.000 0.000 0.000 0.000
ASP02A0279_004 0.000 0.000 0.000 0.000 0.000
ASP-1A0279_005 1.000 1.000 1.000 1.000 1.000
PRO01A0280_001 1.000 1.000 1.000 1.000 1.000
GLN01A0281_001 0.860 0.859 0.860 0.859 0.859
GLN01A0281_002 0.140 0.141 0.140 0.141 0.141
ARG01A0282_001 0.000 0.000 0.000 0.000 0.000
ARG02A0282_002 0.000 0.000 0.000 0.000 0.000
ARG03A0282_003 0.000 0.000 0.000 0.000 0.000
ARG+1A0282_004 1.000 1.000 1.000 1.000 1.000
TYR01A0283_001 1.000 1.000 1.000 1.000 1.000
TYR-1A0283_002 0.000 0.000 0.000 0.000 0.000
LEU01A0284_001 1.000 1.000 1.000 1.000 1.000
VAL01A0285_001 1.000 1.000 1.000 1.000 1.000
ILE01A0286_001 1.000 1.000 1.000 1.000 1.000
GLN01A0287_001 0.925 0.925 0.926 0.925 0.925
GLN01A0287_002 0.075 0.075 0.074 0.075 0.075
ASP01A0289_001 0.004 0.004 0.004 0.004 0.004
ASP01A0289_002 0.014 0.015 0.014 0.014 0.014
ASP02A0289_003 0.011 0.011 0.010 0.011 0.011
ASP02A0289_004 0.037 0.037 0.035 0.037 0.036
ASP-1A0289_005 0.934 0.933 0.936 0.933 0.934
GLU01A0290_001 0.000 0.000 0.000 0.000 0.000
GLU01A0290_002 0.000 0.000 0.000 0.000 0.000
GLU02A0290_003 0.000 0.000 0.000 0.000 0.000
GLU02A0290_004 0.000 0.000 0.000 0.000 0.000
GLU-1A0290_005 1.000 1.000 1.000 1.000 1.000
ARG01A0291_001 0.000 0.000 0.000 0.000 0.000
ARG02A0291_002 0.000 0.000 0.000 0.000 0.000
ARG03A0291_003 0.000 0.000 0.000 0.000 0.000
ARG+1A0291_004 1.000 1.000 1.000 1.000 1.000
MET01A0292_001 1.000 1.000 1.000 1.000 1.000
HIS01A0293_001 0.058 0.057 0.058 0.057 0.058
HIS01A0293_002 0.111 0.111 0.111 0.111 0.110
HIS02A0293_003 0.092 0.092 0.091 0.091 0.092
HIS02A0293_004 0.149 0.150 0.149 0.148 0.149
HIS+1A0293_005 0.152 0.151 0.153 0.152 0.152
HIS+1A0293_006 0.437 0.438 0.438 0.440 0.439
LEU01A0294_001 1.000 1.000 1.000 1.000 1.000
PRO01A0295_001 1.000 1.000 1.000 1.000 1.000
SER01A0296_001 1.000 1.000 1.000 1.000 1.000
PRO01A0297_001 1.000 1.000 1.000 1.000 1.000
THR01A0298_001 1.000 1.000 1.000 1.000 1.000
ASP01A0299_001 0.000 0.000 0.000 0.000 0.000
ASP01A0299_002 0.000 0.000 0.000 0.000 0.000
ASP02A0299_003 0.000 0.000 0.000 0.000 0.000
ASP02A0299_004 0.000 0.000 0.000 0.000 0.000
ASP-1A0299_005 1.000 1.000 1.000 1.000 1.000
SER01A0300_001 1.000 1.000 1.000 1.000 1.000
ASN01A0301_001 0.000 0.000 0.000 0.000 0.000
ASN01A0301_002 1.000 1.000 1.000 1.000 1.000
PHE01A0302_001 1.000 1.000 1.000 1.000 1.000
TYR01A0303_001 0.988 0.989 0.988 0.988 0.988
TYR-1A0303_002 0.012 0.011 0.012 0.012 0.012
ARG01A0304_001 1.000 1.000 1.000 1.000 1.000
ARG02A0304_002 0.000 0.000 0.000 0.000 0.000
ARG03A0304_003 0.000 0.000 0.000 0.000 0.000
ARG+1A0304_004 0.000 0.000 0.000 0.000 0.000
ALA01A0305_001 1.000 1.000 1.000 1.000 1.000
LEU01A0306_001 1.000 1.000 1.000 1.000 1.000
MET01A0307_001 1.000 1.000 1.000 1.000 1.000
ASP01A0308_001 0.000 0.000 0.000 0.000 0.000
ASP01A0308_002 0.000 0.000 0.000 0.000 0.000
ASP02A0308_003 0.000 0.000 0.000 0.000 0.000
ASP02A0308_004 0.000 0.000 0.001 0.000 0.000
ASP-1A0308_005 1.000 1.000 0.999 1.000 1.000
GLU01A0309_001 0.000 0.000 0.000 0.000 0.000
GLU01A0309_002 0.004 0.004 0.004 0.004 0.004
GLU02A0309_003 0.000 0.000 0.000 0.000 0.000
GLU02A0309_004 0.003 0.003 0.003 0.003 0.003
GLU-1A0309_005 0.993 0.993 0.993 0.993 0.993
GLU01A0310_001 0.000 0.000 0.000 0.000 0.000
GLU01A0310_002 0.000 0.000 0.000 0.000 0.000
GLU02A0310_003 0.000 0.000 0.000 0.000 0.000
GLU02A0310_004 0.022 0.021 0.022 0.022 0.022
GLU-1A0310_005 0.978 0.979 0.978 0.978 0.978
ASP01A0311_001 0.000 0.000 0.000 0.000 0.000
ASP01A0311_002 0.000 0.000 0.000 0.000 0.000
ASP02A0311_003 0.000 0.000 0.000 0.000 0.000
ASP02A0311_004 1.000 1.000 1.000 1.000 1.000
ASP-1A0311_005 0.000 0.000 0.000 0.000 0.000
MET01A0312_001 1.000 1.000 1.000 1.000 1.000
ASP01A0313_001 0.000 0.000 0.000 0.000 0.000
ASP01A0313_002 0.000 0.000 0.000 0.000 0.000
ASP02A0313_003 0.026 0.026 0.026 0.026 0.026
ASP02A0313_004 0.372 0.374 0.374 0.371 0.374
ASP-1A0313_005 0.601 0.600 0.600 0.603 0.600
ASP01A0314_001 0.000 0.000 0.000 0.000 0.000
ASP01A0314_002 0.009 0.009 0.009 0.009 0.009
ASP02A0314_003 0.000 0.000 0.000 0.000 0.000
ASP02A0314_004 0.006 0.007 0.006 0.006 0.006
ASP-1A0314_005 0.985 0.984 0.985 0.985 0.985
VAL01A0315_001 1.000 1.000 1.000 1.000 1.000
VAL01A0316_001 1.000 1.000 1.000 1.000 1.000
ASP01A0317_001 0.000 0.000 0.000 0.000 0.000
ASP01A0317_002 0.012 0.012 0.012 0.012 0.012
ASP02A0317_003 0.003 0.003 0.003 0.003 0.003
ASP02A0317_004 0.007 0.007 0.008 0.008 0.008
ASP-1A0317_005 0.978 0.978 0.978 0.977 0.977
ALA01A0318_001 1.000 1.000 1.000 1.000 1.000
ASP01A0319_001 0.000 0.000 0.000 0.000 0.000
ASP01A0319_002 0.000 0.000 0.000 0.000 0.000
ASP02A0319_003 0.000 0.000 0.000 0.000 0.000
ASP02A0319_004 0.000 0.000 0.000 0.000 0.000
ASP-1A0319_005 1.000 1.000 1.000 1.000 1.000
GLU01A0320_001 0.009 0.009 0.009 0.009 0.009
GLU01A0320_002 0.036 0.037 0.037 0.036 0.036
GLU02A0320_003 0.000 0.000 0.000 0.000 0.000
GLU02A0320_004 0.000 0.000 0.000 0.000 0.000
GLU-1A0320_005 0.955 0.954 0.954 0.955 0.955
TYR01A0321_001 0.994 0.994 0.994 0.994 0.994
TYR-1A0321_002 0.006 0.006 0.006 0.006 0.006
0WN+1B0001_001 0.960 0.960 0.960 0.959 0.959
0WN01B0001_002 0.040 0.040 0.040 0.041 0.041
0WN+aB0001_003 0.000 0.000 0.000 0.000 0.000
0WN+aB0001_004 0.000 0.000 0.000 0.000 0.000
0WNDMB0001_005 0.000 0.000 0.000 0.000 0.000
