 ph              7.4   7.4   7.4   7.4   7.4
ASN01A0002_001 0.000 0.000 0.000 0.000 0.000
ASN01A0002_002 1.000 1.000 1.000 1.000 1.000
ASN01A0003_001 0.763 0.763 0.763 0.764 0.764
ASN01A0003_002 0.237 0.237 0.237 0.236 0.236
TYR01A0004_001 0.995 0.995 0.995 0.995 0.995
TYR-1A0004_002 0.005 0.005 0.005 0.005 0.005
VAL01A0005_001 1.000 1.000 1.000 1.000 1.000
TYR01A0006_001 1.000 1.000 1.000 1.000 1.000
TYR-1A0006_002 0.000 0.000 0.000 0.000 0.000
ILE01A0007_001 1.000 1.000 1.000 1.000 1.000
ASP01A0008_001 0.000 0.000 0.000 0.000 0.000
ASP01A0008_002 0.000 0.000 0.000 0.000 0.000
ASP02A0008_003 0.000 0.000 0.000 0.000 0.000
ASP02A0008_004 0.000 0.000 0.000 0.000 0.000
ASP-1A0008_005 1.000 1.000 1.000 1.000 1.000
PRO01A0009_001 1.000 1.000 1.000 1.000 1.000
THR01A0010_001 0.619 0.620 0.621 0.620 0.619
THR01A0010_002 0.381 0.380 0.379 0.380 0.381
GLN01A0011_001 0.751 0.751 0.752 0.751 0.752
GLN01A0011_002 0.249 0.249 0.248 0.249 0.248
LEU01A0012_001 1.000 1.000 1.000 1.000 1.000
PRO01A0013_001 1.000 1.000 1.000 1.000 1.000
TYR01A0014_001 0.993 0.993 0.993 0.993 0.993
TYR01A0014_002 0.007 0.007 0.007 0.007 0.007
TYR-1A0014_003 0.000 0.000 0.000 0.000 0.000
ASP01A0015_001 0.000 0.000 0.000 0.000 0.000
ASP01A0015_002 0.000 0.000 0.000 0.000 0.000
ASP02A0015_003 0.000 0.000 0.000 0.000 0.000
ASP02A0015_004 0.000 0.000 0.000 0.000 0.000
ASP-1A0015_005 1.000 1.000 1.000 1.000 1.000
HIS01A0016_001 0.047 0.048 0.048 0.048 0.048
HIS01A0016_002 0.000 0.000 0.000 0.000 0.000
HIS02A0016_003 0.794 0.794 0.794 0.794 0.795
HIS02A0016_004 0.000 0.000 0.000 0.000 0.000
HIS+1A0016_005 0.159 0.159 0.158 0.158 0.158
HIS+1A0016_006 0.000 0.000 0.000 0.000 0.000
LYS01A0017_001 0.004 0.003 0.003 0.003 0.003
LYS+1A0017_002 0.996 0.997 0.997 0.997 0.997
TRP01A0018_001 1.000 1.000 1.000 1.000 1.000
GLU01A0019_001 0.000 0.000 0.000 0.000 0.000
GLU01A0019_002 0.000 0.000 0.000 0.000 0.000
GLU02A0019_003 0.000 0.000 0.000 0.000 0.000
GLU02A0019_004 0.000 0.000 0.000 0.000 0.000
GLU-1A0019_005 1.000 1.000 1.000 1.000 1.000
PHE01A0020_001 1.000 1.000 1.000 1.000 1.000
PRO01A0021_001 1.000 1.000 1.000 1.000 1.000
ARG01A0022_001 0.000 0.000 0.000 0.000 0.000
ARG02A0022_002 0.000 0.000 0.000 0.000 0.000
ARG02A0022_003 0.000 0.000 0.000 0.000 0.000
ARG03A0022_004 0.000 0.000 0.000 0.000 0.000
ARG03A0022_005 0.000 0.000 0.000 0.000 0.000
ARG+1A0022_006 1.000 1.000 1.000 1.000 1.000
ASN01A0023_001 0.031 0.031 0.032 0.031 0.031
ASN01A0023_002 0.969 0.969 0.968 0.969 0.969
ARG01A0024_001 0.000 0.000 0.000 0.000 0.000
ARG02A0024_002 0.000 0.000 0.000 0.000 0.000
ARG03A0024_003 0.000 0.000 0.000 0.000 0.000
ARG+1A0024_004 1.000 1.000 1.000 1.000 1.000
LEU01A0025_001 1.000 1.000 1.000 1.000 1.000
SER01A0026_001 1.000 1.000 1.000 1.000 1.000
PHE01A0027_001 1.000 1.000 1.000 1.000 1.000
LYS01A0029_001 0.000 0.000 0.000 0.000 0.000
LYS+1A0029_002 1.000 1.000 1.000 1.000 1.000
THR01A0030_001 0.028 0.029 0.029 0.028 0.028
THR01A0030_002 0.454 0.453 0.453 0.454 0.452
THR01A0030_003 0.517 0.518 0.518 0.517 0.520
LEU01A0031_001 1.000 1.000 1.000 1.000 1.000
ALA01A0033_001 1.000 1.000 1.000 1.000 1.000
ALA01A0035_001 1.000 1.000 1.000 1.000 1.000
PHE01A0036_001 1.000 1.000 1.000 1.000 1.000
LYS01A0038_001 0.016 0.016 0.016 0.016 0.016
LYS+1A0038_002 0.984 0.984 0.984 0.984 0.984
VAL01A0039_001 1.000 1.000 1.000 1.000 1.000
VAL01A0040_001 1.000 1.000 1.000 1.000 1.000
GLU01A0041_001 0.000 0.000 0.000 0.000 0.000
GLU01A0041_002 0.000 0.000 0.000 0.000 0.000
GLU02A0041_003 0.000 0.000 0.000 0.000 0.000
GLU02A0041_004 0.006 0.005 0.006 0.005 0.006
GLU-1A0041_005 0.994 0.994 0.994 0.994 0.994
ALA01A0042_001 1.000 1.000 1.000 1.000 1.000
THR01A0043_001 0.349 0.350 0.349 0.350 0.349
THR01A0043_002 0.651 0.650 0.651 0.650 0.651
ALA01A0044_001 1.000 1.000 1.000 1.000 1.000
TYR01A0045_001 0.579 0.582 0.581 0.580 0.582
TYR01A0045_002 0.421 0.418 0.419 0.420 0.418
TYR-1A0045_003 0.000 0.000 0.000 0.000 0.000
LEU01A0047_001 1.000 1.000 1.000 1.000 1.000
ILE01A0048_001 1.000 1.000 1.000 1.000 1.000
ALA01A0049_001 1.000 1.000 1.000 1.000 1.000
ALA01A0050_001 1.000 1.000 1.000 1.000 1.000
MET01A0051_001 1.000 1.000 1.000 1.000 1.000
THR01A0052_001 1.000 1.000 1.000 1.000 1.000
VAL01A0053_001 1.000 1.000 1.000 1.000 1.000
ALA01A0054_001 1.000 1.000 1.000 1.000 1.000
VAL01A0055_001 1.000 1.000 1.000 1.000 1.000
LYS01A0056_001 0.000 0.000 0.000 0.000 0.000
LYS+1A0056_002 1.000 1.000 1.000 1.000 1.000
MET01A0057_001 1.000 1.000 1.000 1.000 1.000
LEU01A0058_001 1.000 1.000 1.000 1.000 1.000
LYS01A0059_001 0.000 0.000 0.000 0.000 0.000
LYS+1A0059_002 1.000 1.000 1.000 1.000 1.000
PRO01A0060_001 1.000 1.000 1.000 1.000 1.000
SER01A0061_001 1.000 1.000 1.000 1.000 1.000
ALA01A0062_001 1.000 1.000 1.000 1.000 1.000
HIS01A0063_001 0.029 0.029 0.029 0.028 0.029
HIS01A0063_002 0.006 0.006 0.006 0.006 0.006
HIS02A0063_003 0.029 0.029 0.029 0.029 0.029
HIS02A0063_004 0.116 0.115 0.117 0.117 0.116
HIS+1A0063_005 0.266 0.265 0.266 0.267 0.266
HIS+1A0063_006 0.554 0.556 0.553 0.553 0.554
LEU01A0064_001 1.000 1.000 1.000 1.000 1.000
THR01A0065_001 0.302 0.304 0.303 0.305 0.303
THR01A0065_002 0.698 0.696 0.697 0.695 0.697
GLU01A0066_001 0.000 0.000 0.000 0.000 0.000
GLU01A0066_002 0.000 0.000 0.000 0.000 0.000
GLU02A0066_003 0.000 0.000 0.000 0.000 0.000
GLU02A0066_004 0.000 0.000 0.000 0.000 0.000
GLU-1A0066_005 1.000 1.000 1.000 1.000 1.000
ARG01A0067_001 0.000 0.000 0.000 0.000 0.000
ARG02A0067_002 0.000 0.000 0.000 0.000 0.000
ARG03A0067_003 0.000 0.000 0.000 0.000 0.000
ARG+1A0067_004 1.000 1.000 1.000 1.000 1.000
GLU01A0068_001 0.000 0.000 0.000 0.000 0.000
GLU01A0068_002 0.000 0.000 0.000 0.000 0.000
GLU02A0068_003 0.000 0.000 0.000 0.000 0.000
GLU02A0068_004 0.004 0.000 0.004 0.004 0.004
GLU-1A0068_005 0.996 1.000 0.996 0.996 0.996
ALA01A0069_001 1.000 1.000 1.000 1.000 1.000
LEU01A0070_001 1.000 1.000 1.000 1.000 1.000
MET01A0071_001 1.000 1.000 1.000 1.000 1.000
SER01A0072_001 0.029 0.028 0.028 0.028 0.028
SER01A0072_002 0.971 0.972 0.972 0.972 0.972
GLU01A0073_001 0.000 0.000 0.000 0.000 0.000
GLU01A0073_002 0.000 0.000 0.000 0.000 0.000
GLU02A0073_003 0.000 0.000 0.000 0.000 0.000
GLU02A0073_004 0.000 0.000 0.000 0.000 0.000
GLU-1A0073_005 1.000 1.000 1.000 1.000 1.000
LEU01A0074_001 1.000 1.000 1.000 1.000 1.000
LYS01A0075_001 0.000 0.000 0.000 0.000 0.000
LYS+1A0075_002 1.000 1.000 1.000 1.000 1.000
VAL01A0076_001 1.000 1.000 1.000 1.000 1.000
LEU01A0077_001 1.000 1.000 1.000 1.000 1.000
SER01A0078_001 0.443 0.445 0.445 0.445 0.445
SER01A0078_002 0.557 0.555 0.555 0.555 0.555
TYR01A0079_001 0.965 0.965 0.965 0.965 0.965
TYR01A0079_002 0.035 0.035 0.035 0.035 0.035
TYR-1A0079_003 0.000 0.000 0.000 0.000 0.000
LEU01A0080_001 1.000 1.000 1.000 1.000 1.000
ASN01A0082_001 0.981 0.981 0.981 0.981 0.981
ASN01A0082_002 0.019 0.019 0.019 0.019 0.019
HIS01A0083_001 0.000 0.000 0.000 0.000 0.000
HIS01A0083_002 0.874 0.873 0.873 0.875 0.874
HIS02A0083_003 0.005 0.005 0.005 0.005 0.005
HIS02A0083_004 0.073 0.072 0.073 0.071 0.073
HIS+1A0083_005 0.000 0.000 0.000 0.000 0.000
HIS+1A0083_006 0.049 0.049 0.049 0.048 0.048
MET01A0084_001 1.000 1.000 1.000 1.000 1.000
ASN01A0085_001 0.007 0.007 0.007 0.007 0.007
ASN01A0085_002 0.993 0.993 0.993 0.993 0.993
ILE01A0086_001 1.000 1.000 1.000 1.000 1.000
VAL01A0087_001 1.000 1.000 1.000 1.000 1.000
ASN01A0088_001 0.868 0.868 0.868 0.868 0.868
ASN01A0088_002 0.132 0.132 0.132 0.132 0.132
LEU01A0089_001 1.000 1.000 1.000 1.000 1.000
LEU01A0090_001 1.000 1.000 1.000 1.000 1.000
ALA01A0092_001 1.000 1.000 1.000 1.000 1.000
CYS01A0093_001 0.841 0.841 0.842 0.843 0.842
CYS01A0093_002 0.080 0.080 0.080 0.080 0.080
CYS01A0093_003 0.078 0.078 0.077 0.077 0.078
CYS-1A0093_004 0.000 0.000 0.000 0.000 0.000
THR01A0094_001 0.915 0.915 0.914 0.914 0.914
THR01A0094_002 0.004 0.004 0.004 0.004 0.004
THR01A0094_003 0.081 0.081 0.082 0.081 0.082
ILE01A0095_001 1.000 1.000 1.000 1.000 1.000
PRO01A0098_001 1.000 1.000 1.000 1.000 1.000
THR01A0099_001 0.108 0.107 0.108 0.108 0.108
THR01A0099_002 0.892 0.893 0.892 0.892 0.892
THR01A0099_003 0.000 0.000 0.000 0.000 0.000
LEU01A0100_001 1.000 1.000 1.000 1.000 1.000
VAL01A0101_001 1.000 1.000 1.000 1.000 1.000
ILE01A0102_001 1.000 1.000 1.000 1.000 1.000
THR01A0103_001 0.020 0.020 0.020 0.019 0.019
THR01A0103_002 0.980 0.980 0.980 0.981 0.981
GLU01A0104_001 0.000 0.000 0.000 0.000 0.000
GLU01A0104_002 0.000 0.000 0.000 0.000 0.000
GLU02A0104_003 0.000 0.000 0.000 0.000 0.000
GLU02A0104_004 0.000 0.000 0.000 0.000 0.000
GLU-1A0104_005 1.000 1.000 1.000 1.000 1.000
TYR01A0105_001 1.000 1.000 1.000 1.000 1.000
TYR-1A0105_002 0.000 0.000 0.000 0.000 0.000
CYS01A0106_001 0.395 0.395 0.394 0.395 0.395
CYS01A0106_002 0.354 0.354 0.355 0.353 0.354
CYS01A0106_003 0.251 0.251 0.251 0.251 0.251
CYS-1A0106_004 0.000 0.000 0.000 0.000 0.000
CYS01A0107_001 0.055 0.054 0.054 0.054 0.054
CYS01A0107_002 0.354 0.356 0.354 0.356 0.354
CYS01A0107_003 0.591 0.590 0.591 0.590 0.592
CYS-1A0107_004 0.000 0.000 0.000 0.000 0.000
TYR01A0108_001 0.973 0.972 0.972 0.973 0.972
TYR-1A0108_002 0.027 0.028 0.028 0.027 0.028
ASP01A0110_001 0.000 0.000 0.000 0.000 0.000
ASP01A0110_002 0.000 0.000 0.000 0.000 0.000
ASP02A0110_003 0.000 0.000 0.000 0.000 0.000
ASP02A0110_004 0.000 0.000 0.000 0.000 0.000
ASP-1A0110_005 1.000 1.000 1.000 1.000 1.000
LEU01A0111_001 1.000 1.000 1.000 1.000 1.000
LEU01A0112_001 1.000 1.000 1.000 1.000 1.000
ASN01A0113_001 0.029 0.029 0.028 0.029 0.029
ASN01A0113_002 0.971 0.971 0.972 0.971 0.971
PHE01A0114_001 1.000 1.000 1.000 1.000 1.000
LEU01A0115_001 1.000 1.000 1.000 1.000 1.000
ARG01A0116_001 0.000 0.000 0.000 0.000 0.000
ARG02A0116_002 0.000 0.000 0.000 0.000 0.000
ARG03A0116_003 0.000 0.000 0.000 0.000 0.000
ARG+1A0116_004 1.000 1.000 1.000 1.000 1.000
ARG01A0117_001 0.000 0.000 0.000 0.000 0.000
ARG02A0117_002 0.000 0.000 0.000 0.000 0.000
ARG03A0117_003 0.000 0.000 0.000 0.000 0.000
ARG+1A0117_004 1.000 1.000 1.000 1.000 1.000
LYS01A0118_001 0.042 0.042 0.041 0.042 0.041
LYS+1A0118_002 0.958 0.958 0.959 0.958 0.959
ARG01A0119_001 0.000 0.000 0.000 0.000 0.000
ARG02A0119_002 0.000 0.000 0.000 0.000 0.000
ARG03A0119_003 0.000 0.000 0.000 0.000 0.000
ARG+1A0119_004 1.000 1.000 1.000 1.000 1.000
ASP01A0120_001 0.000 0.000 0.000 0.000 0.000
ASP01A0120_002 0.000 0.000 0.000 0.000 0.000
ASP02A0120_003 0.000 0.000 0.000 0.000 0.000
ASP02A0120_004 0.000 0.000 0.000 0.000 0.000
ASP-1A0120_005 1.000 1.000 1.000 1.000 1.000
SER01A0121_001 0.933 0.933 0.933 0.933 0.934
SER01A0121_002 0.067 0.067 0.067 0.067 0.066
PHE01A0122_001 1.000 1.000 1.000 1.000 1.000
ILE01A0123_001 1.000 1.000 1.000 1.000 1.000
CYS01A0124_001 0.186 0.188 0.186 0.186 0.187
CYS01A0124_002 0.375 0.375 0.377 0.373 0.374
CYS01A0124_003 0.397 0.395 0.395 0.399 0.397
CYS-1A0124_004 0.042 0.042 0.042 0.042 0.042
SER01A0125_001 1.000 1.000 1.000 1.000 1.000
LEU01A0126_001 1.000 1.000 1.000 1.000 1.000
ALA01A0127_001 1.000 1.000 1.000 1.000 1.000
LEU01A0128_001 1.000 1.000 1.000 1.000 1.000
ASP01A0129_001 0.000 0.000 0.000 0.000 0.000
ASP01A0129_002 0.000 0.000 0.000 0.000 0.000
ASP02A0129_003 0.000 0.000 0.000 0.000 0.000
ASP02A0129_004 0.003 0.003 0.004 0.003 0.003
ASP-1A0129_005 0.997 0.996 0.996 0.997 0.997
LEU01A0130_001 1.000 1.000 1.000 1.000 1.000
GLU01A0131_001 0.000 0.000 0.000 0.000 0.000
GLU01A0131_002 0.027 0.027 0.027 0.027 0.027
GLU02A0131_003 0.005 0.005 0.005 0.005 0.005
GLU02A0131_004 0.966 0.966 0.966 0.966 0.966
GLU-1A0131_005 0.002 0.002 0.002 0.002 0.002
ASP01A0132_001 0.000 0.000 0.000 0.000 0.000
ASP01A0132_002 0.000 0.000 0.000 0.000 0.000
ASP02A0132_003 0.000 0.000 0.000 0.000 0.000
ASP02A0132_004 0.000 0.000 0.000 0.000 0.000
ASP-1A0132_005 1.000 1.000 1.000 1.000 1.000
LEU01A0133_001 1.000 1.000 1.000 1.000 1.000
LEU01A0134_001 1.000 1.000 1.000 1.000 1.000
SER01A0135_001 0.000 0.000 0.000 0.000 0.000
SER01A0135_002 1.000 1.000 1.000 1.000 1.000
PHE01A0136_001 1.000 1.000 1.000 1.000 1.000
SER01A0137_001 1.000 1.000 1.000 1.000 1.000
TYR01A0138_001 1.000 1.000 1.000 1.000 1.000
TYR-1A0138_002 0.000 0.000 0.000 0.000 0.000
GLN01A0139_001 1.000 1.000 1.000 1.000 1.000
GLN01A0139_002 0.000 0.000 0.000 0.000 0.000
VAL01A0140_001 1.000 1.000 1.000 1.000 1.000
ALA01A0141_001 1.000 1.000 1.000 1.000 1.000
LYS01A0142_001 0.001 0.000 0.001 0.002 0.002
LYS+1A0142_002 0.999 1.000 0.999 0.998 0.998
MET01A0144_001 1.000 1.000 1.000 1.000 1.000
ALA01A0145_001 1.000 1.000 1.000 1.000 1.000
PHE01A0146_001 1.000 1.000 1.000 1.000 1.000
LEU01A0147_001 1.000 1.000 1.000 1.000 1.000
ALA01A0148_001 1.000 1.000 1.000 1.000 1.000
SER01A0149_001 0.508 0.507 0.506 0.506 0.507
SER01A0149_002 0.492 0.493 0.494 0.494 0.493
LYS01A0150_001 0.000 0.000 0.000 0.000 0.000
LYS+1A0150_002 1.000 1.000 1.000 1.000 1.000
ASN01A0151_001 1.000 1.000 1.000 1.000 1.000
CYS01A0152_001 0.162 0.163 0.162 0.161 0.162
CYS01A0152_002 0.488 0.486 0.486 0.486 0.486
CYS01A0152_003 0.351 0.351 0.351 0.352 0.352
CYS-1A0152_004 0.000 0.000 0.000 0.000 0.000
ILE01A0153_001 1.000 1.000 1.000 1.000 1.000
HIS01A0154_001 1.000 1.000 1.000 1.000 1.000
HIS02A0154_002 0.000 0.000 0.000 0.000 0.000
HIS+1A0154_003 0.000 0.000 0.000 0.000 0.000
ARG01A0155_001 0.000 0.000 0.000 0.000 0.000
ARG02A0155_002 0.000 0.000 0.000 0.000 0.000
ARG03A0155_003 0.000 0.000 0.000 0.000 0.000
ARG+1A0155_004 1.000 1.000 1.000 1.000 1.000
ASP01A0156_001 0.000 0.000 0.000 0.000 0.000
ASP01A0156_002 0.000 0.000 0.000 0.000 0.000
ASP02A0156_003 0.000 0.000 0.000 0.000 0.000
ASP02A0156_004 0.000 0.000 0.000 0.000 0.000
ASP-1A0156_005 1.000 1.000 1.000 1.000 1.000
LEU01A0157_001 1.000 1.000 1.000 1.000 1.000
ALA01A0158_001 1.000 1.000 1.000 1.000 1.000
ALA01A0159_001 1.000 1.000 1.000 1.000 1.000
ARG01A0160_001 0.000 0.000 0.000 0.000 0.000
ARG02A0160_002 0.000 0.000 0.000 0.000 0.000
ARG02A0160_003 0.000 0.000 0.000 0.000 0.000
ARG03A0160_004 0.000 0.000 0.000 0.000 0.000
ARG+1A0160_005 1.000 1.000 1.000 1.000 1.000
ASN01A0161_001 1.000 1.000 1.000 1.000 1.000
ASN01A0161_002 0.000 0.000 0.000 0.000 0.000
ILE01A0162_001 1.000 1.000 1.000 1.000 1.000
LEU01A0163_001 1.000 1.000 1.000 1.000 1.000
LEU01A0164_001 1.000 1.000 1.000 1.000 1.000
THR01A0165_001 0.000 0.000 0.000 0.000 0.000
THR01A0165_002 0.000 0.000 0.000 0.000 0.000
THR01A0165_003 1.000 1.000 1.000 1.000 1.000
HIS01A0166_001 0.137 0.138 0.138 0.137 0.137
HIS01A0166_002 0.190 0.188 0.189 0.189 0.189
HIS02A0166_003 0.111 0.111 0.111 0.111 0.111
HIS02A0166_004 0.350 0.349 0.350 0.350 0.350
HIS+1A0166_005 0.041 0.041 0.040 0.040 0.040
HIS+1A0166_006 0.171 0.173 0.172 0.172 0.172
ARG01A0168_001 0.000 0.000 0.000 0.000 0.000
ARG02A0168_002 0.000 0.000 0.000 0.000 0.000
ARG03A0168_003 0.000 0.000 0.000 0.000 0.000
ARG03A0168_004 0.000 0.000 0.000 0.000 0.000
ARG+1A0168_005 1.000 1.000 1.000 1.000 1.000
ILE01A0169_001 1.000 1.000 1.000 1.000 1.000
THR01A0170_001 1.000 1.000 1.000 1.000 1.000
LYS01A0171_001 0.000 0.000 0.000 0.000 0.000
LYS+1A0171_002 1.000 1.000 1.000 1.000 1.000
ILE01A0172_001 1.000 1.000 1.000 1.000 1.000
CYS01A0173_001 0.392 0.393 0.392 0.392 0.393
CYS01A0173_002 0.271 0.271 0.272 0.271 0.271
CYS01A0173_003 0.337 0.336 0.336 0.337 0.336
CYS-1A0173_004 0.000 0.000 0.000 0.000 0.000
ASP01A0174_001 0.000 0.000 0.000 0.000 0.000
ASP01A0174_002 0.003 0.003 0.000 0.003 0.003
ASP02A0174_003 0.000 0.000 0.000 0.000 0.000
ASP02A0174_004 0.000 0.000 0.000 0.000 0.000
ASP-1A0174_005 0.997 0.997 1.000 0.997 0.997
PHE01A0175_001 1.000 1.000 1.000 1.000 1.000
LEU01A0177_001 1.000 1.000 1.000 1.000 1.000
ALA01A0178_001 1.000 1.000 1.000 1.000 1.000
ARG01A0179_001 0.000 0.000 0.000 0.000 0.000
ARG02A0179_002 0.000 0.000 0.000 0.000 0.000
ARG03A0179_003 0.000 0.000 0.000 0.000 0.000
ARG03A0179_004 0.000 0.000 0.000 0.000 0.000
ARG+1A0179_005 1.000 1.000 1.000 1.000 1.000
ASP01A0180_001 0.000 0.000 0.000 0.000 0.000
ASP01A0180_002 0.000 0.000 0.000 0.000 0.000
ASP02A0180_003 0.000 0.000 0.000 0.000 0.000
ASP02A0180_004 0.001 0.000 0.000 0.000 0.000
ASP-1A0180_005 0.999 1.000 1.000 1.000 1.000
ILE01A0181_001 1.000 1.000 1.000 1.000 1.000
LYS01A0182_001 0.162 0.161 0.160 0.160 0.162
LYS+1A0182_002 0.838 0.839 0.840 0.840 0.838
ASN01A0183_001 0.554 0.554 0.554 0.555 0.553
ASN01A0183_002 0.446 0.446 0.446 0.445 0.447
ASP01A0184_001 0.000 0.000 0.000 0.000 0.000
ASP01A0184_002 0.000 0.000 0.000 0.000 0.000
ASP02A0184_003 0.000 0.000 0.000 0.000 0.000
ASP02A0184_004 0.000 0.000 0.000 0.000 0.000
ASP-1A0184_005 1.000 1.000 1.000 1.000 1.000
SER01A0185_001 0.180 0.180 0.181 0.181 0.181
SER01A0185_002 0.820 0.820 0.819 0.819 0.819
ASN01A0186_001 0.965 0.965 0.966 0.966 0.965
ASN01A0186_002 0.035 0.035 0.034 0.034 0.035
TYR01A0187_001 1.000 1.000 1.000 1.000 1.000
TYR01A0187_002 0.000 0.000 0.000 0.000 0.000
TYR-1A0187_003 0.000 0.000 0.000 0.000 0.000
VAL01A0188_001 1.000 1.000 1.000 1.000 1.000
VAL01A0189_001 1.000 1.000 1.000 1.000 1.000
LYS01A0190_001 0.000 0.000 0.001 0.001 0.001
LYS+1A0190_002 1.000 1.000 0.999 0.999 0.999
ASN01A0192_001 1.000 1.000 1.000 1.000 1.000
ALA01A0193_001 1.000 1.000 1.000 1.000 1.000
ARG01A0194_001 0.000 0.000 0.000 0.000 0.000
ARG02A0194_002 0.000 0.000 0.000 0.000 0.000
ARG03A0194_003 0.000 0.000 0.000 0.000 0.000
ARG+1A0194_004 1.000 1.000 1.000 1.000 1.000
LEU01A0195_001 1.000 1.000 1.000 1.000 1.000
PRO01A0196_001 1.000 1.000 1.000 1.000 1.000
VAL01A0197_001 1.000 1.000 1.000 1.000 1.000
LYS01A0198_001 0.000 0.000 0.000 0.000 0.000
LYS+1A0198_002 1.000 1.000 1.000 1.000 1.000
TRP01A0199_001 1.000 1.000 1.000 1.000 1.000
MET01A0200_001 1.000 1.000 1.000 1.000 1.000
ALA01A0201_001 1.000 1.000 1.000 1.000 1.000
PRO01A0202_001 1.000 1.000 1.000 1.000 1.000
GLU01A0203_001 0.000 0.000 0.000 0.000 0.000
GLU01A0203_002 0.000 0.000 0.000 0.000 0.000
GLU02A0203_003 0.000 0.000 0.000 0.000 0.000
GLU02A0203_004 0.000 0.000 0.000 0.000 0.000
GLU-1A0203_005 1.000 1.000 1.000 1.000 1.000
SER01A0204_001 0.951 0.953 0.952 0.951 0.952
SER01A0204_002 0.049 0.047 0.048 0.049 0.048
ILE01A0205_001 1.000 1.000 1.000 1.000 1.000
PHE01A0206_001 1.000 1.000 1.000 1.000 1.000
ASN01A0207_001 0.008 0.008 0.008 0.008 0.007
ASN01A0207_002 0.992 0.992 0.992 0.992 0.993
CYS01A0208_001 0.337 0.337 0.335 0.337 0.336
CYS01A0208_002 0.262 0.263 0.262 0.261 0.261
CYS01A0208_003 0.354 0.353 0.354 0.354 0.355
CYS-1A0208_004 0.047 0.047 0.049 0.048 0.048
VAL01A0209_001 1.000 1.000 1.000 1.000 1.000
TYR01A0210_001 1.000 1.000 1.000 1.000 1.000
TYR-1A0210_002 0.000 0.000 0.000 0.000 0.000
THR01A0211_001 0.003 0.003 0.003 0.003 0.003
THR01A0211_002 0.997 0.997 0.997 0.997 0.997
PHE01A0212_001 1.000 1.000 1.000 1.000 1.000
GLU01A0213_001 0.000 0.000 0.000 0.000 0.000
GLU01A0213_002 0.000 0.000 0.000 0.001 0.000
GLU02A0213_003 0.000 0.000 0.000 0.000 0.000
GLU02A0213_004 0.000 0.000 0.000 0.000 0.000
GLU-1A0213_005 1.000 1.000 1.000 0.999 1.000
SER01A0214_001 0.001 0.002 0.000 0.001 0.001
SER01A0214_002 0.967 0.968 0.969 0.967 0.967
SER01A0214_003 0.032 0.031 0.031 0.032 0.031
ASP01A0215_001 0.000 0.000 0.000 0.000 0.000
ASP01A0215_002 0.000 0.000 0.000 0.000 0.000
ASP02A0215_003 0.000 0.000 0.000 0.000 0.000
ASP02A0215_004 0.000 0.000 0.000 0.000 0.000
ASP-1A0215_005 1.000 1.000 1.000 1.000 1.000
VAL01A0216_001 1.000 1.000 1.000 1.000 1.000
TRP01A0217_001 1.000 1.000 1.000 1.000 1.000
SER01A0218_001 0.908 0.909 0.909 0.909 0.909
SER01A0218_002 0.092 0.091 0.091 0.091 0.091
TYR01A0219_001 0.957 0.957 0.958 0.958 0.958
TYR01A0219_002 0.043 0.043 0.042 0.042 0.042
TYR-1A0219_003 0.000 0.000 0.000 0.000 0.000
ILE01A0221_001 1.000 1.000 1.000 1.000 1.000
PHE01A0222_001 1.000 1.000 1.000 1.000 1.000
LEU01A0223_001 1.000 1.000 1.000 1.000 1.000
TRP01A0224_001 1.000 1.000 1.000 1.000 1.000
GLU01A0225_001 0.000 0.000 0.000 0.000 0.000
GLU01A0225_002 0.000 0.000 0.000 0.000 0.000
GLU02A0225_003 0.000 0.000 0.000 0.000 0.000
GLU02A0225_004 0.000 0.000 0.000 0.000 0.000
GLU-1A0225_005 1.000 1.000 1.000 1.000 1.000
LEU01A0226_001 1.000 1.000 1.000 1.000 1.000
PHE01A0227_001 1.000 1.000 1.000 1.000 1.000
SER01A0228_001 0.278 0.277 0.277 0.277 0.278
SER01A0228_002 0.722 0.723 0.723 0.723 0.722
LEU01A0229_001 1.000 1.000 1.000 1.000 1.000
SER01A0231_001 0.071 0.071 0.072 0.071 0.071
SER01A0231_002 0.929 0.929 0.928 0.929 0.929
SER01A0232_001 0.311 0.309 0.309 0.309 0.308
SER01A0232_002 0.099 0.099 0.099 0.099 0.099
SER01A0232_003 0.590 0.591 0.593 0.591 0.593
PRO01A0233_001 1.000 1.000 1.000 1.000 1.000
TYR01A0234_001 1.000 1.000 1.000 1.000 1.000
TYR-1A0234_002 0.000 0.000 0.000 0.000 0.000
PRO01A0235_001 1.000 1.000 1.000 1.000 1.000
MET01A0237_001 1.000 1.000 1.000 1.000 1.000
PRO01A0238_001 1.000 1.000 1.000 1.000 1.000
VAL01A0239_001 1.000 1.000 1.000 1.000 1.000
ASP01A0240_001 0.000 0.000 0.000 0.000 0.000
ASP01A0240_002 0.000 0.000 0.000 0.000 0.000
ASP02A0240_003 0.000 0.000 0.000 0.000 0.000
ASP02A0240_004 0.000 0.000 0.000 0.000 0.000
ASP-1A0240_005 1.000 1.000 1.000 1.000 1.000
SER01A0241_001 1.000 1.000 1.000 1.000 1.000
LYS01A0242_001 0.000 0.000 0.000 0.000 0.000
LYS+1A0242_002 1.000 1.000 1.000 1.000 1.000
PHE01A0243_001 1.000 1.000 1.000 1.000 1.000
TYR01A0244_001 1.000 1.000 1.000 1.000 1.000
TYR-1A0244_002 0.000 0.000 0.000 0.000 0.000
LYS01A0245_001 0.000 0.000 0.000 0.000 0.000
LYS+1A0245_002 1.000 1.000 1.000 1.000 1.000
MET01A0246_001 1.000 1.000 1.000 1.000 1.000
ILE01A0247_001 1.000 1.000 1.000 1.000 1.000
LYS01A0248_001 0.002 0.000 0.001 0.002 0.002
LYS+1A0248_002 0.998 1.000 0.999 0.998 0.998
GLU01A0249_001 0.000 0.000 0.000 0.000 0.000
GLU01A0249_002 0.000 0.000 0.000 0.000 0.000
GLU02A0249_003 0.000 0.000 0.000 0.000 0.000
GLU02A0249_004 0.000 0.002 0.000 0.000 0.002
GLU-1A0249_005 1.000 0.998 1.000 1.000 0.998
PHE01A0251_001 1.000 1.000 1.000 1.000 1.000
ARG01A0252_001 0.000 0.000 0.000 0.000 0.000
ARG02A0252_002 0.000 0.000 0.000 0.000 0.000
ARG02A0252_003 0.000 0.000 0.000 0.000 0.000
ARG03A0252_004 0.000 0.000 0.000 0.000 0.000
ARG+1A0252_005 1.000 1.000 1.000 1.000 1.000
MET01A0253_001 1.000 1.000 1.000 1.000 1.000
LEU01A0254_001 1.000 1.000 1.000 1.000 1.000
SER01A0255_001 0.973 0.972 0.973 0.973 0.973
SER01A0255_002 0.027 0.028 0.027 0.027 0.027
PRO01A0256_001 1.000 1.000 1.000 1.000 1.000
GLU01A0257_001 0.000 0.000 0.000 0.000 0.000
GLU01A0257_002 0.000 0.000 0.000 0.000 0.000
GLU02A0257_003 0.000 0.000 0.000 0.000 0.000
GLU02A0257_004 0.000 0.000 0.000 0.000 0.000
GLU-1A0257_005 1.000 1.000 1.000 1.000 1.000
HIS01A0258_001 0.008 0.007 0.008 0.008 0.008
HIS01A0258_002 0.194 0.194 0.192 0.194 0.194
HIS02A0258_003 0.024 0.024 0.024 0.024 0.024
HIS02A0258_004 0.285 0.287 0.286 0.286 0.285
HIS+1A0258_005 0.034 0.034 0.034 0.034 0.034
HIS+1A0258_006 0.456 0.454 0.456 0.455 0.456
ALA01A0259_001 1.000 1.000 1.000 1.000 1.000
PRO01A0260_001 1.000 1.000 1.000 1.000 1.000
ALA01A0261_001 1.000 1.000 1.000 1.000 1.000
GLU01A0262_001 0.003 0.003 0.003 0.003 0.003
GLU01A0262_002 0.159 0.160 0.159 0.161 0.160
GLU02A0262_003 0.000 0.000 0.000 0.000 0.000
GLU02A0262_004 0.088 0.088 0.086 0.087 0.087
GLU-1A0262_005 0.749 0.749 0.751 0.749 0.750
MET01A0263_001 1.000 1.000 1.000 1.000 1.000
TYR01A0264_001 0.979 0.979 0.980 0.980 0.979
TYR01A0264_002 0.021 0.021 0.020 0.020 0.021
TYR-1A0264_003 0.000 0.000 0.000 0.000 0.000
ASP01A0265_001 0.000 0.000 0.000 0.000 0.000
ASP01A0265_002 0.002 0.002 0.002 0.002 0.002
ASP02A0265_003 0.000 0.000 0.000 0.000 0.000
ASP02A0265_004 0.011 0.011 0.012 0.011 0.012
ASP-1A0265_005 0.987 0.987 0.986 0.986 0.986
ILE01A0266_001 1.000 1.000 1.000 1.000 1.000
MET01A0267_001 1.000 1.000 1.000 1.000 1.000
LYS01A0268_001 0.000 0.000 0.000 0.000 0.000
LYS+1A0268_002 1.000 1.000 1.000 1.000 1.000
THR01A0269_001 1.000 1.000 1.000 1.000 1.000
CYS01A0270_001 0.308 0.308 0.306 0.306 0.306
CYS01A0270_002 0.501 0.501 0.503 0.503 0.503
CYS01A0270_003 0.191 0.191 0.191 0.190 0.191
CYS-1A0270_004 0.000 0.000 0.000 0.000 0.000
TRP01A0271_001 1.000 1.000 1.000 1.000 1.000
ASP01A0272_001 0.000 0.000 0.000 0.000 0.000
ASP01A0272_002 0.000 0.000 0.000 0.000 0.000
ASP02A0272_003 0.000 0.000 0.000 0.000 0.000
ASP02A0272_004 0.000 0.000 0.000 0.000 0.000
ASP-1A0272_005 1.000 1.000 1.000 1.000 1.000
ALA01A0273_001 1.000 1.000 1.000 1.000 1.000
ASP01A0274_001 0.000 0.000 0.000 0.000 0.000
ASP01A0274_002 0.000 0.000 0.000 0.000 0.000
ASP02A0274_003 0.000 0.000 0.000 0.000 0.000
ASP02A0274_004 0.000 0.000 0.000 0.000 0.000
ASP-1A0274_005 1.000 1.000 1.000 1.000 1.000
PRO01A0275_001 1.000 1.000 1.000 1.000 1.000
LEU01A0276_001 1.000 1.000 1.000 1.000 1.000
LYS01A0277_001 0.000 0.000 0.000 0.000 0.000
LYS+1A0277_002 1.000 1.000 1.000 1.000 1.000
ARG01A0278_001 0.000 0.000 0.000 0.000 0.000
ARG02A0278_002 0.000 0.000 0.000 0.000 0.000
ARG02A0278_003 0.000 0.000 0.000 0.000 0.000
ARG03A0278_004 0.000 0.000 0.000 0.000 0.000
ARG03A0278_005 0.000 0.000 0.000 0.000 0.000
ARG+1A0278_006 1.000 1.000 1.000 1.000 1.000
PRO01A0279_001 1.000 1.000 1.000 1.000 1.000
THR01A0280_001 0.026 0.026 0.026 0.026 0.026
THR01A0280_002 0.974 0.974 0.974 0.974 0.974
PHE01A0281_001 1.000 1.000 1.000 1.000 1.000
LYS01A0282_001 0.001 0.001 0.002 0.000 0.001
LYS+1A0282_002 0.999 0.999 0.998 1.000 0.999
GLN01A0283_001 1.000 1.000 1.000 1.000 1.000
GLN01A0283_002 0.000 0.000 0.000 0.000 0.000
ILE01A0284_001 1.000 1.000 1.000 1.000 1.000
VAL01A0285_001 1.000 1.000 1.000 1.000 1.000
GLN01A0286_001 0.648 0.650 0.650 0.650 0.648
GLN01A0286_002 0.352 0.350 0.350 0.350 0.352
LEU01A0287_001 1.000 1.000 1.000 1.000 1.000
ILE01A0288_001 1.000 1.000 1.000 1.000 1.000
GLU01A0289_001 0.000 0.000 0.000 0.000 0.000
GLU01A0289_002 0.000 0.000 0.000 0.000 0.000
GLU02A0289_003 0.000 0.000 0.000 0.000 0.000
GLU02A0289_004 0.000 0.000 0.001 0.000 0.000
GLU-1A0289_005 1.000 1.000 0.999 1.000 1.000
LYS01A0290_001 0.000 0.000 0.000 0.000 0.000
LYS+1A0290_002 1.000 1.000 1.000 1.000 1.000
GLN01A0291_001 0.461 0.460 0.462 0.460 0.460
GLN01A0291_002 0.539 0.540 0.538 0.540 0.540
ILE01A0292_001 1.000 1.000 1.000 1.000 1.000
SER01A0293_001 1.000 1.000 1.000 1.000 1.000
GLU01A0294_001 0.000 0.000 0.000 0.000 0.000
GLU01A0294_002 0.000 0.000 0.000 0.000 0.000
GLU02A0294_003 0.000 0.001 0.001 0.000 0.000
GLU02A0294_004 0.031 0.027 0.028 0.031 0.029
GLU-1A0294_005 0.969 0.972 0.971 0.969 0.970
SER01A0295_001 0.643 0.643 0.641 0.643 0.643
SER01A0295_002 0.357 0.357 0.359 0.357 0.357
THR01A0296_001 0.158 0.159 0.158 0.158 0.158
THR01A0296_002 0.534 0.532 0.532 0.534 0.533
THR01A0296_003 0.307 0.309 0.310 0.308 0.309
ASN01A0297_001 0.543 0.544 0.543 0.543 0.544
ASN01A0297_002 0.457 0.456 0.457 0.457 0.456
0LI+1B0001_001 0.924 0.925 0.926 0.924 0.924
0LI+2B0001_002 0.062 0.061 0.061 0.062 0.062
0LI01B0001_003 0.014 0.014 0.013 0.014 0.014
0LIDMB0001_004 0.000 0.000 0.000 0.000 0.000
