 ph              7.4   7.4   7.4   7.4   7.4
GLU01A0001_001 0.000 0.000 0.000 0.000 0.000
GLU01A0001_002 0.000 0.000 0.000 0.000 0.000
GLU02A0001_003 0.000 0.000 0.000 0.000 0.000
GLU02A0001_004 0.000 0.000 0.000 0.000 0.000
GLU-1A0001_005 1.000 1.000 1.000 1.000 1.000
HIS01A0002_001 0.091 0.091 0.091 0.090 0.090
HIS01A0002_002 0.123 0.124 0.124 0.123 0.123
HIS02A0002_003 0.147 0.147 0.147 0.147 0.147
HIS02A0002_004 0.141 0.140 0.141 0.141 0.141
HIS+1A0002_005 0.198 0.197 0.198 0.198 0.199
HIS+1A0002_006 0.300 0.301 0.299 0.300 0.301
CYS01A0003_001 0.391 0.391 0.392 0.391 0.392
CYS01A0003_002 0.404 0.404 0.405 0.404 0.404
CYS01A0003_003 0.204 0.205 0.204 0.204 0.204
CYS-1A0003_004 0.000 0.000 0.000 0.000 0.000
GLU01A0004_001 0.000 0.000 0.000 0.000 0.000
GLU01A0004_002 0.000 0.000 0.000 0.000 0.000
GLU02A0004_003 0.000 0.000 0.000 0.000 0.000
GLU02A0004_004 0.000 0.000 0.000 0.000 0.000
GLU-1A0004_005 1.000 1.000 1.000 1.000 1.000
ARG01A0005_001 0.000 0.000 0.000 0.000 0.000
ARG02A0005_002 0.000 0.000 0.000 0.000 0.000
ARG03A0005_003 0.000 0.000 0.000 0.000 0.000
ARG+1A0005_004 1.000 1.000 1.000 1.000 1.000
LEU01A0006_001 1.000 1.000 1.000 1.000 1.000
PRO01A0007_001 1.000 1.000 1.000 1.000 1.000
TYR01A0008_001 0.000 0.000 0.000 0.000 0.000
TYR01A0008_002 1.000 1.000 1.000 1.000 1.000
TYR-1A0008_003 0.000 0.000 0.000 0.000 0.000
ASP01A0009_001 0.000 0.000 0.000 0.000 0.000
ASP01A0009_002 0.000 0.000 0.000 0.000 0.000
ASP02A0009_003 0.000 0.000 0.000 0.000 0.000
ASP02A0009_004 0.000 0.000 0.000 0.000 0.000
ASP-1A0009_005 1.000 1.000 1.000 1.000 1.000
ALA01A0010_001 1.000 1.000 1.000 1.000 1.000
SER01A0011_001 0.838 0.836 0.837 0.836 0.838
SER01A0011_002 0.162 0.164 0.163 0.164 0.162
LYS01A0012_001 0.000 0.000 0.000 0.000 0.000
LYS+1A0012_002 1.000 1.000 1.000 1.000 1.000
TRP01A0013_001 1.000 1.000 1.000 1.000 1.000
GLU01A0014_001 0.000 0.000 0.000 0.000 0.000
GLU01A0014_002 0.000 0.000 0.000 0.000 0.000
GLU02A0014_003 0.000 0.000 0.000 0.000 0.000
GLU02A0014_004 0.000 0.000 0.000 0.000 0.000
GLU-1A0014_005 1.000 1.000 1.000 1.000 1.000
PHE01A0015_001 1.000 1.000 1.000 1.000 1.000
PRO01A0016_001 1.000 1.000 1.000 1.000 1.000
ARG01A0017_001 0.000 0.000 0.000 0.000 0.000
ARG02A0017_002 0.000 0.000 0.000 0.000 0.000
ARG03A0017_003 0.000 0.000 0.000 0.000 0.000
ARG03A0017_004 0.000 0.000 0.000 0.000 0.000
ARG+1A0017_005 1.000 1.000 1.000 1.000 1.000
ASP01A0018_001 0.000 0.000 0.000 0.000 0.000
ASP01A0018_002 0.000 0.000 0.000 0.000 0.000
ASP02A0018_003 0.000 0.000 0.000 0.000 0.000
ASP02A0018_004 0.000 0.000 0.000 0.000 0.000
ASP-1A0018_005 1.000 1.000 1.000 1.000 1.000
ARG01A0019_001 0.000 0.000 0.000 0.000 0.000
ARG02A0019_002 0.000 0.000 0.000 0.000 0.000
ARG03A0019_003 0.000 0.000 0.000 0.000 0.000
ARG+1A0019_004 1.000 1.000 1.000 1.000 1.000
LEU01A0020_001 1.000 1.000 1.000 1.000 1.000
LYS01A0021_001 0.000 0.000 0.000 0.000 0.000
LYS+1A0021_002 1.000 1.000 1.000 1.000 1.000
LEU01A0022_001 1.000 1.000 1.000 1.000 1.000
LYS01A0024_001 0.000 0.000 0.000 0.000 0.000
LYS+1A0024_002 1.000 1.000 1.000 1.000 1.000
PRO01A0025_001 1.000 1.000 1.000 1.000 1.000
LEU01A0026_001 1.000 1.000 1.000 1.000 1.000
ARG01A0028_001 0.000 0.000 0.000 0.000 0.000
ARG02A0028_002 0.000 0.000 0.000 0.000 0.000
ARG03A0028_003 0.000 0.000 0.000 0.000 0.000
ARG+1A0028_004 1.000 1.000 1.000 1.000 1.000
ALA01A0030_001 1.000 1.000 1.000 1.000 1.000
PHE01A0031_001 1.000 1.000 1.000 1.000 1.000
GLN01A0033_001 0.997 0.997 0.997 0.997 0.997
GLN01A0033_002 0.003 0.003 0.003 0.003 0.003
VAL01A0034_001 1.000 1.000 1.000 1.000 1.000
ILE01A0035_001 1.000 1.000 1.000 1.000 1.000
GLU01A0036_001 0.000 0.000 0.000 0.000 0.000
GLU01A0036_002 0.000 0.002 0.000 0.000 0.001
GLU02A0036_003 0.000 0.000 0.000 0.000 0.000
GLU02A0036_004 0.002 0.000 0.000 0.002 0.002
GLU-1A0036_005 0.997 0.998 1.000 0.998 0.997
ALA01A0037_001 1.000 1.000 1.000 1.000 1.000
ASP01A0038_001 0.000 0.000 0.000 0.000 0.000
ASP01A0038_002 0.000 0.000 0.000 0.000 0.000
ASP02A0038_003 0.000 0.000 0.000 0.000 0.000
ASP02A0038_004 0.000 0.000 0.000 0.000 0.000
ASP-1A0038_005 1.000 1.000 1.000 1.000 1.000
ALA01A0039_001 1.000 1.000 1.000 1.000 1.000
PHE01A0040_001 1.000 1.000 1.000 1.000 1.000
ILE01A0042_001 1.000 1.000 1.000 1.000 1.000
ASP01A0043_001 0.000 0.000 0.000 0.000 0.000
ASP01A0043_002 0.000 0.000 0.000 0.000 0.000
ASP02A0043_003 0.000 0.000 0.000 0.000 0.000
ASP02A0043_004 0.000 0.000 0.000 0.000 0.000
ASP-1A0043_005 1.000 1.000 1.000 1.000 1.000
LYS01A0044_001 0.000 0.000 0.000 0.000 0.000
LYS+1A0044_002 1.000 1.000 1.000 1.000 1.000
THR01A0045_001 0.409 0.409 0.409 0.410 0.410
THR01A0045_002 0.591 0.591 0.591 0.590 0.590
ALA01A0046_001 1.000 1.000 1.000 1.000 1.000
THR01A0047_001 0.692 0.692 0.692 0.691 0.692
THR01A0047_002 0.308 0.308 0.308 0.309 0.308
CYS01A0048_001 0.269 0.269 0.270 0.270 0.271
CYS01A0048_002 0.212 0.210 0.213 0.212 0.213
CYS01A0048_003 0.511 0.514 0.510 0.512 0.509
CYS-1A0048_004 0.007 0.007 0.007 0.007 0.007
ARG01A0049_001 0.000 0.000 0.000 0.000 0.000
ARG02A0049_002 0.000 0.000 0.000 0.000 0.000
ARG02A0049_003 0.000 0.000 0.000 0.000 0.000
ARG03A0049_004 0.000 0.000 0.000 0.000 0.000
ARG+1A0049_005 1.000 1.000 1.000 1.000 1.000
THR01A0050_001 0.843 0.842 0.843 0.843 0.843
THR01A0050_002 0.157 0.158 0.157 0.157 0.157
VAL01A0051_001 1.000 1.000 1.000 1.000 1.000
ALA01A0052_001 1.000 1.000 1.000 1.000 1.000
VAL01A0053_001 1.000 1.000 1.000 1.000 1.000
LYS01A0054_001 0.000 0.000 0.000 0.000 0.000
LYS+1A0054_002 1.000 1.000 1.000 1.000 1.000
MET01A0055_001 1.000 1.000 1.000 1.000 1.000
LEU01A0056_001 1.000 1.000 1.000 1.000 1.000
LYS01A0057_001 0.001 0.002 0.002 0.002 0.002
LYS+1A0057_002 0.999 0.998 0.998 0.998 0.998
GLU01A0058_001 0.000 0.000 0.000 0.000 0.000
GLU01A0058_002 0.000 0.000 0.000 0.000 0.000
GLU02A0058_003 0.000 0.000 0.000 0.000 0.000
GLU02A0058_004 0.000 0.000 0.000 0.000 0.000
GLU-1A0058_005 1.000 1.000 1.000 1.000 1.000
ALA01A0060_001 1.000 1.000 1.000 1.000 1.000
THR01A0061_001 0.991 0.991 0.990 0.991 0.991
THR01A0061_002 0.009 0.009 0.010 0.009 0.009
HIS01A0062_001 0.039 0.040 0.040 0.040 0.039
HIS01A0062_002 0.479 0.477 0.478 0.477 0.478
HIS02A0062_003 0.155 0.154 0.154 0.154 0.155
HIS02A0062_004 0.294 0.296 0.293 0.295 0.294
HIS+1A0062_005 0.009 0.009 0.009 0.009 0.009
HIS+1A0062_006 0.025 0.025 0.025 0.025 0.025
SER01A0063_001 0.033 0.032 0.033 0.032 0.033
SER01A0063_002 0.967 0.968 0.967 0.968 0.967
GLU01A0064_001 0.000 0.000 0.000 0.000 0.000
GLU01A0064_002 0.000 0.000 0.000 0.000 0.000
GLU02A0064_003 0.000 0.000 0.000 0.000 0.000
GLU02A0064_004 0.000 0.000 0.000 0.000 0.000
GLU-1A0064_005 1.000 1.000 1.000 1.000 1.000
HIS01A0065_001 0.119 0.121 0.119 0.121 0.121
HIS01A0065_002 0.170 0.168 0.169 0.168 0.169
HIS02A0065_003 0.261 0.263 0.261 0.262 0.262
HIS02A0065_004 0.433 0.431 0.434 0.432 0.430
HIS+1A0065_005 0.009 0.009 0.009 0.009 0.009
HIS+1A0065_006 0.008 0.008 0.008 0.008 0.008
ARG01A0066_001 0.000 0.000 0.000 0.000 0.000
ARG02A0066_002 0.000 0.000 0.000 0.000 0.000
ARG03A0066_003 0.000 0.000 0.000 0.000 0.000
ARG03A0066_004 0.000 0.000 0.000 0.000 0.000
ARG+1A0066_005 1.000 1.000 1.000 1.000 1.000
ALA01A0067_001 1.000 1.000 1.000 1.000 1.000
LEU01A0068_001 1.000 1.000 1.000 1.000 1.000
MET01A0069_001 1.000 1.000 1.000 1.000 1.000
SER01A0070_001 0.300 0.298 0.301 0.300 0.299
SER01A0070_002 0.700 0.702 0.699 0.700 0.701
GLU01A0071_001 0.000 0.000 0.000 0.000 0.000
GLU01A0071_002 0.000 0.000 0.000 0.000 0.000
GLU02A0071_003 0.000 0.000 0.000 0.000 0.000
GLU02A0071_004 0.000 0.000 0.000 0.000 0.000
GLU-1A0071_005 1.000 1.000 1.000 1.000 1.000
LEU01A0072_001 1.000 1.000 1.000 1.000 1.000
LYS01A0073_001 0.000 0.000 0.000 0.000 0.000
LYS+1A0073_002 1.000 1.000 1.000 1.000 1.000
ILE01A0074_001 1.000 1.000 1.000 1.000 1.000
LEU01A0075_001 1.000 1.000 1.000 1.000 1.000
ILE01A0076_001 1.000 1.000 1.000 1.000 1.000
HIS01A0077_001 0.729 0.728 0.730 0.729 0.728
HIS01A0077_002 0.000 0.000 0.000 0.000 0.000
HIS02A0077_003 0.208 0.209 0.208 0.208 0.209
HIS02A0077_004 0.000 0.000 0.000 0.000 0.000
HIS+1A0077_005 0.063 0.063 0.062 0.063 0.063
HIS+1A0077_006 0.000 0.000 0.000 0.000 0.000
ILE01A0078_001 1.000 1.000 1.000 1.000 1.000
HIS01A0080_001 0.150 0.149 0.150 0.150 0.151
HIS01A0080_002 0.103 0.102 0.103 0.103 0.103
HIS02A0080_003 0.602 0.603 0.601 0.600 0.600
HIS02A0080_004 0.102 0.102 0.103 0.103 0.102
HIS+1A0080_005 0.026 0.026 0.025 0.026 0.026
HIS+1A0080_006 0.017 0.018 0.018 0.018 0.018
HIS01A0081_001 0.996 0.996 0.995 0.995 0.996
HIS01A0081_002 0.000 0.000 0.002 0.002 0.000
HIS02A0081_003 0.004 0.004 0.004 0.004 0.004
HIS02A0081_004 0.000 0.000 0.000 0.000 0.000
HIS+1A0081_005 0.000 0.000 0.000 0.000 0.000
HIS+1A0081_006 0.000 0.000 0.000 0.000 0.000
LEU01A0082_001 1.000 1.000 1.000 1.000 1.000
ASN01A0083_001 1.000 1.000 1.000 1.000 1.000
ASN01A0083_002 0.000 0.000 0.000 0.000 0.000
VAL01A0084_001 1.000 1.000 1.000 1.000 1.000
VAL01A0085_001 1.000 1.000 1.000 1.000 1.000
ASN01A0086_001 0.975 0.975 0.975 0.974 0.974
ASN01A0086_002 0.025 0.025 0.025 0.026 0.026
LEU01A0087_001 1.000 1.000 1.000 1.000 1.000
LEU01A0088_001 1.000 1.000 1.000 1.000 1.000
ALA01A0090_001 1.000 1.000 1.000 1.000 1.000
CYS01A0091_001 0.829 0.830 0.829 0.831 0.829
CYS01A0091_002 0.089 0.089 0.089 0.088 0.089
CYS01A0091_003 0.082 0.082 0.082 0.081 0.082
CYS-1A0091_004 0.000 0.000 0.000 0.000 0.000
THR01A0092_001 0.995 0.995 0.995 0.995 0.995
THR01A0092_002 0.000 0.000 0.000 0.000 0.000
THR01A0092_003 0.005 0.005 0.005 0.005 0.005
LYS01A0093_001 0.001 0.000 0.001 0.000 0.001
LYS+1A0093_002 0.999 1.000 0.999 1.000 0.999
PRO01A0094_001 1.000 1.000 1.000 1.000 1.000
PRO01A0097_001 1.000 1.000 1.000 1.000 1.000
LEU01A0098_001 1.000 1.000 1.000 1.000 1.000
MET01A0099_001 1.000 1.000 1.000 1.000 1.000
VAL01A0100_001 1.000 1.000 1.000 1.000 1.000
ILE01A0101_001 1.000 1.000 1.000 1.000 1.000
VAL01A0102_001 1.000 1.000 1.000 1.000 1.000
GLU01A0103_001 0.000 0.000 0.000 0.000 0.000
GLU01A0103_002 0.000 0.000 0.000 0.000 0.000
GLU02A0103_003 0.000 0.000 0.000 0.000 0.000
GLU02A0103_004 0.000 0.000 0.000 0.000 0.000
GLU-1A0103_005 1.000 1.000 1.000 1.000 1.000
PHE01A0104_001 1.000 1.000 1.000 1.000 1.000
CYS01A0105_001 0.275 0.275 0.276 0.275 0.277
CYS01A0105_002 0.512 0.513 0.511 0.513 0.510
CYS01A0105_003 0.213 0.211 0.213 0.211 0.213
CYS-1A0105_004 0.000 0.000 0.000 0.000 0.000
LYS01A0106_001 0.000 0.000 0.000 0.000 0.000
LYS+1A0106_002 1.000 1.000 1.000 1.000 1.000
PHE01A0107_001 1.000 1.000 1.000 1.000 1.000
ASN01A0109_001 0.996 0.996 0.996 0.996 0.996
ASN01A0109_002 0.004 0.004 0.004 0.004 0.004
LEU01A0110_001 1.000 1.000 1.000 1.000 1.000
SER01A0111_001 0.082 0.082 0.083 0.082 0.083
SER01A0111_002 0.918 0.918 0.917 0.918 0.917
THR01A0112_001 0.675 0.676 0.676 0.676 0.676
THR01A0112_002 0.325 0.324 0.324 0.324 0.324
TYR01A0113_001 0.635 0.635 0.635 0.636 0.636
TYR01A0113_002 0.365 0.365 0.365 0.364 0.364
TYR-1A0113_003 0.000 0.000 0.000 0.000 0.000
LEU01A0114_001 1.000 1.000 1.000 1.000 1.000
ARG01A0115_001 0.000 0.000 0.000 0.000 0.000
ARG02A0115_002 0.000 0.000 0.000 0.000 0.000
ARG03A0115_003 0.000 0.000 0.000 0.000 0.000
ARG+1A0115_004 1.000 1.000 1.000 1.000 1.000
SER01A0116_001 0.978 0.977 0.977 0.977 0.978
SER01A0116_002 0.022 0.023 0.023 0.023 0.022
LYS01A0117_001 0.000 0.000 0.000 0.000 0.000
LYS+1A0117_002 1.000 1.000 1.000 1.000 1.000
ARG01A0118_001 0.000 0.000 0.000 0.000 0.000
ARG02A0118_002 0.000 0.000 0.000 0.000 0.000
ARG03A0118_003 0.000 0.000 0.000 0.000 0.000
ARG+1A0118_004 1.000 1.000 1.000 1.000 1.000
ASN01A0119_001 0.613 0.614 0.612 0.613 0.613
ASN01A0119_002 0.387 0.386 0.388 0.387 0.387
GLU01A0120_001 0.000 0.000 0.000 0.000 0.000
GLU01A0120_002 0.000 0.000 0.000 0.000 0.000
GLU02A0120_003 0.000 0.000 0.000 0.000 0.000
GLU02A0120_004 0.000 0.000 0.000 0.000 0.000
GLU-1A0120_005 1.000 1.000 1.000 1.000 1.000
PHE01A0121_001 1.000 1.000 1.000 1.000 1.000
VAL01A0122_001 1.000 1.000 1.000 1.000 1.000
PRO01A0123_001 1.000 1.000 1.000 1.000 1.000
TYR01A0124_001 1.000 1.000 1.000 1.000 1.000
TYR-1A0124_002 0.000 0.000 0.000 0.000 0.000
LYS01A0125_001 0.000 0.000 0.000 0.000 0.000
LYS+1A0125_002 1.000 1.000 1.000 1.000 1.000
ASP01A0126_001 0.000 0.000 0.000 0.000 0.000
ASP01A0126_002 0.000 0.000 0.000 0.000 0.000
ASP02A0126_003 0.000 0.000 0.000 0.000 0.000
ASP02A0126_004 0.000 0.000 0.000 0.000 0.000
ASP-1A0126_005 1.000 1.000 1.000 1.000 1.000
LEU01A0127_001 1.000 1.000 1.000 1.000 1.000
TYR01A0128_001 0.996 0.996 0.996 0.996 0.996
TYR-1A0128_002 0.004 0.004 0.004 0.004 0.004
LYS01A0129_001 0.000 0.000 0.000 0.000 0.000
LYS+1A0129_002 1.000 1.000 1.000 1.000 1.000
ASP01A0130_001 0.000 0.000 0.000 0.000 0.000
ASP01A0130_002 0.000 0.000 0.000 0.000 0.000
ASP02A0130_003 0.000 0.000 0.000 0.000 0.000
ASP02A0130_004 0.000 0.000 0.000 0.000 0.000
ASP-1A0130_005 1.000 1.000 1.000 1.000 1.000
PHE01A0131_001 1.000 1.000 1.000 1.000 1.000
LEU01A0132_001 1.000 1.000 1.000 1.000 1.000
THR01A0133_001 0.276 0.276 0.275 0.276 0.276
THR01A0133_002 0.724 0.724 0.725 0.724 0.724
LEU01A0134_001 1.000 1.000 1.000 1.000 1.000
GLU01A0135_001 0.000 0.000 0.000 0.000 0.000
GLU01A0135_002 0.000 0.000 0.000 0.000 0.000
GLU02A0135_003 0.000 0.000 0.000 0.000 0.000
GLU02A0135_004 0.000 0.000 0.000 0.000 0.000
GLU-1A0135_005 1.000 1.000 1.000 1.000 1.000
HIS01A0136_001 0.614 0.615 0.613 0.615 0.614
HIS02A0136_002 0.384 0.383 0.385 0.384 0.385
HIS+1A0136_003 0.002 0.002 0.002 0.002 0.002
LEU01A0137_001 1.000 1.000 1.000 1.000 1.000
ILE01A0138_001 1.000 1.000 1.000 1.000 1.000
CYS01A0139_001 0.010 0.010 0.010 0.010 0.010
CYS01A0139_002 0.440 0.441 0.440 0.442 0.442
CYS01A0139_003 0.543 0.542 0.542 0.540 0.540
CYS-1A0139_004 0.007 0.007 0.007 0.008 0.007
TYR01A0140_001 0.993 0.993 0.993 0.994 0.993
TYR01A0140_002 0.007 0.007 0.007 0.006 0.007
TYR-1A0140_003 0.000 0.000 0.000 0.000 0.000
SER01A0141_001 0.032 0.032 0.032 0.032 0.033
SER01A0141_002 0.968 0.968 0.968 0.968 0.967
PHE01A0142_001 1.000 1.000 1.000 1.000 1.000
GLN01A0143_001 1.000 1.000 1.000 1.000 1.000
GLN01A0143_002 0.000 0.000 0.000 0.000 0.000
VAL01A0144_001 1.000 1.000 1.000 1.000 1.000
ALA01A0145_001 1.000 1.000 1.000 1.000 1.000
LYS01A0146_001 0.000 0.000 0.000 0.000 0.000
LYS+1A0146_002 1.000 1.000 1.000 1.000 1.000
MET01A0148_001 1.000 1.000 1.000 1.000 1.000
GLU01A0149_001 0.000 0.000 0.000 0.000 0.000
GLU01A0149_002 0.003 0.003 0.002 0.002 0.003
GLU02A0149_003 0.000 0.000 0.000 0.000 0.000
GLU02A0149_004 0.000 0.000 0.000 0.000 0.000
GLU-1A0149_005 0.997 0.997 0.998 0.998 0.997
PHE01A0150_001 1.000 1.000 1.000 1.000 1.000
LEU01A0151_001 1.000 1.000 1.000 1.000 1.000
ALA01A0152_001 1.000 1.000 1.000 1.000 1.000
SER01A0153_001 0.580 0.582 0.582 0.581 0.581
SER01A0153_002 0.420 0.418 0.418 0.419 0.419
ARG01A0154_001 0.000 0.000 0.000 0.000 0.000
ARG02A0154_002 0.000 0.000 0.000 0.000 0.000
ARG03A0154_003 0.000 0.000 0.000 0.000 0.000
ARG03A0154_004 0.000 0.000 0.000 0.000 0.000
ARG+1A0154_005 1.000 1.000 1.000 1.000 1.000
LYS01A0155_001 0.000 0.000 0.000 0.000 0.000
LYS+1A0155_002 1.000 1.000 1.000 1.000 1.000
CYS01A0156_001 0.527 0.527 0.526 0.529 0.528
CYS01A0156_002 0.302 0.302 0.304 0.301 0.302
CYS01A0156_003 0.171 0.171 0.170 0.171 0.170
CYS-1A0156_004 0.000 0.000 0.000 0.000 0.000
ILE01A0157_001 1.000 1.000 1.000 1.000 1.000
HIS01A0158_001 1.000 1.000 1.000 1.000 1.000
HIS02A0158_002 0.000 0.000 0.000 0.000 0.000
HIS+1A0158_003 0.000 0.000 0.000 0.000 0.000
ARG01A0159_001 0.000 0.000 0.000 0.000 0.000
ARG02A0159_002 0.000 0.000 0.000 0.000 0.000
ARG03A0159_003 0.000 0.000 0.000 0.000 0.000
ARG+1A0159_004 1.000 1.000 1.000 1.000 1.000
ASP01A0160_001 0.000 0.000 0.000 0.000 0.000
ASP01A0160_002 0.000 0.000 0.000 0.000 0.000
ASP02A0160_003 0.000 0.000 0.000 0.000 0.000
ASP02A0160_004 0.000 0.000 0.000 0.000 0.000
ASP-1A0160_005 1.000 1.000 1.000 1.000 1.000
LEU01A0161_001 1.000 1.000 1.000 1.000 1.000
ALA01A0162_001 1.000 1.000 1.000 1.000 1.000
ALA01A0163_001 1.000 1.000 1.000 1.000 1.000
ARG01A0164_001 0.000 0.000 0.000 0.000 0.000
ARG02A0164_002 0.000 0.000 0.000 0.000 0.000
ARG02A0164_003 0.000 0.000 0.000 0.000 0.000
ARG03A0164_004 0.000 0.000 0.000 0.000 0.000
ARG03A0164_005 0.000 0.000 0.000 0.000 0.000
ARG+1A0164_006 1.000 1.000 1.000 1.000 1.000
ASN01A0165_001 1.000 1.000 1.000 1.000 1.000
ASN01A0165_002 0.000 0.000 0.000 0.000 0.000
ILE01A0166_001 1.000 1.000 1.000 1.000 1.000
LEU01A0167_001 1.000 1.000 1.000 1.000 1.000
LEU01A0168_001 1.000 1.000 1.000 1.000 1.000
SER01A0169_001 0.005 0.005 0.006 0.005 0.005
SER01A0169_002 0.995 0.995 0.994 0.995 0.995
GLU01A0170_001 0.000 0.000 0.000 0.000 0.000
GLU01A0170_002 0.000 0.000 0.000 0.000 0.000
GLU02A0170_003 0.000 0.000 0.000 0.000 0.000
GLU02A0170_004 0.000 0.000 0.000 0.000 0.000
GLU-1A0170_005 1.000 1.000 1.000 1.000 1.000
LYS01A0171_001 0.000 0.000 0.000 0.000 0.000
LYS+1A0171_002 1.000 1.000 1.000 1.000 1.000
ASN01A0172_001 1.000 1.000 1.000 1.000 1.000
VAL01A0173_001 1.000 1.000 1.000 1.000 1.000
VAL01A0174_001 1.000 1.000 1.000 1.000 1.000
LYS01A0175_001 0.000 0.000 0.000 0.000 0.000
LYS+1A0175_002 1.000 1.000 1.000 1.000 1.000
ILE01A0176_001 1.000 1.000 1.000 1.000 1.000
CYS01A0177_001 0.479 0.479 0.478 0.480 0.478
CYS01A0177_002 0.222 0.223 0.222 0.222 0.224
CYS01A0177_003 0.300 0.298 0.300 0.298 0.298
CYS-1A0177_004 0.000 0.000 0.000 0.000 0.000
ASP01A0178_001 0.000 0.000 0.000 0.000 0.000
ASP01A0178_002 0.002 0.002 0.002 0.002 0.002
ASP02A0178_003 0.000 0.000 0.000 0.000 0.000
ASP02A0178_004 0.005 0.005 0.005 0.005 0.005
ASP-1A0178_005 0.993 0.993 0.993 0.993 0.993
PHE01A0179_001 1.000 1.000 1.000 1.000 1.000
LEU01A0181_001 1.000 1.000 1.000 1.000 1.000
ALA01A0182_001 1.000 1.000 1.000 1.000 1.000
ARG01A0183_001 0.000 0.000 0.000 0.000 0.000
ARG02A0183_002 0.000 0.000 0.000 0.000 0.000
ARG03A0183_003 0.000 0.000 0.000 0.000 0.000
ARG03A0183_004 0.000 0.000 0.000 0.000 0.000
ARG+1A0183_005 1.000 1.000 1.000 1.000 1.000
ASP01A0184_001 0.000 0.000 0.000 0.000 0.000
ASP01A0184_002 0.000 0.000 0.000 0.000 0.000
ASP02A0184_003 0.000 0.000 0.000 0.000 0.000
ASP02A0184_004 0.000 0.000 0.000 0.000 0.000
ASP-1A0184_005 1.000 1.000 1.000 1.000 1.000
ILE01A0185_001 1.000 1.000 1.000 1.000 1.000
TYR01A0186_001 0.933 0.934 0.933 0.933 0.933
TYR-1A0186_002 0.067 0.066 0.067 0.067 0.067
LYS01A0187_001 0.000 0.000 0.000 0.000 0.000
LYS+1A0187_002 1.000 1.000 1.000 1.000 1.000
ASP01A0188_001 0.000 0.000 0.000 0.000 0.000
ASP01A0188_002 0.000 0.000 0.000 0.000 0.000
ASP02A0188_003 0.000 0.000 0.000 0.000 0.000
ASP02A0188_004 0.000 0.000 0.000 0.000 0.000
ASP-1A0188_005 1.000 1.000 1.000 1.000 1.000
PRO01A0189_001 1.000 1.000 1.000 1.000 1.000
ASP01A0190_001 0.000 0.000 0.000 0.000 0.000
ASP01A0190_002 0.000 0.000 0.000 0.000 0.000
ASP02A0190_003 0.000 0.000 0.000 0.000 0.000
ASP02A0190_004 0.000 0.000 0.000 0.000 0.001
ASP-1A0190_005 1.000 1.000 1.000 1.000 0.999
TYR01A0191_001 0.000 0.000 0.000 0.000 0.000
TYR01A0191_002 1.000 1.000 1.000 1.000 1.000
TYR-1A0191_003 0.000 0.000 0.000 0.000 0.000
VAL01A0192_001 1.000 1.000 1.000 1.000 1.000
ARG01A0193_001 0.000 0.000 0.000 0.000 0.000
ARG02A0193_002 0.000 0.000 0.000 0.000 0.000
ARG03A0193_003 0.000 0.000 0.000 0.000 0.000
ARG+1A0193_004 1.000 1.000 1.000 1.000 1.000
LYS01A0194_001 0.003 0.003 0.003 0.003 0.003
LYS+1A0194_002 0.997 0.997 0.997 0.997 0.997
ALA01A0196_001 1.000 1.000 1.000 1.000 1.000
ARG01A0197_001 0.000 0.000 0.000 0.000 0.000
ARG02A0197_002 0.000 0.000 0.000 0.000 0.000
ARG03A0197_003 0.000 0.000 0.000 0.000 0.000
ARG+1A0197_004 1.000 1.000 1.000 1.000 1.000
LEU01A0198_001 1.000 1.000 1.000 1.000 1.000
PRO01A0199_001 1.000 1.000 1.000 1.000 1.000
LEU01A0200_001 1.000 1.000 1.000 1.000 1.000
LYS01A0201_001 0.005 0.005 0.005 0.005 0.005
LYS+1A0201_002 0.995 0.995 0.995 0.995 0.995
TRP01A0202_001 1.000 1.000 1.000 1.000 1.000
MET01A0203_001 1.000 1.000 1.000 1.000 1.000
ALA01A0204_001 1.000 1.000 1.000 1.000 1.000
PRO01A0205_001 1.000 1.000 1.000 1.000 1.000
GLU01A0206_001 0.000 0.000 0.000 0.000 0.000
GLU01A0206_002 0.000 0.000 0.000 0.000 0.000
GLU02A0206_003 0.000 0.000 0.000 0.000 0.000
GLU02A0206_004 0.000 0.000 0.000 0.000 0.000
GLU-1A0206_005 1.000 1.000 1.000 1.000 1.000
THR01A0207_001 0.818 0.818 0.816 0.819 0.818
THR01A0207_002 0.006 0.006 0.006 0.006 0.006
THR01A0207_003 0.176 0.176 0.178 0.175 0.177
ILE01A0208_001 1.000 1.000 1.000 1.000 1.000
PHE01A0209_001 1.000 1.000 1.000 1.000 1.000
ASP01A0210_001 0.000 0.000 0.000 0.000 0.000
ASP01A0210_002 0.000 0.000 0.000 0.000 0.000
ASP02A0210_003 0.000 0.000 0.000 0.000 0.000
ASP02A0210_004 0.000 0.000 0.000 0.000 0.000
ASP-1A0210_005 1.000 1.000 1.000 1.000 1.000
ARG01A0211_001 0.000 0.000 0.000 0.000 0.000
ARG02A0211_002 0.000 0.000 0.000 0.000 0.000
ARG03A0211_003 0.000 0.000 0.000 0.000 0.000
ARG+1A0211_004 1.000 1.000 1.000 1.000 1.000
VAL01A0212_001 1.000 1.000 1.000 1.000 1.000
TYR01A0213_001 0.377 0.376 0.376 0.378 0.377
TYR01A0213_002 0.623 0.624 0.624 0.622 0.623
TYR-1A0213_003 0.000 0.000 0.000 0.000 0.000
THR01A0214_001 1.000 1.000 1.000 1.000 1.000
THR01A0214_002 0.000 0.000 0.000 0.000 0.000
ILE01A0215_001 1.000 1.000 1.000 1.000 1.000
GLN01A0216_001 0.987 0.987 0.987 0.987 0.987
GLN01A0216_002 0.013 0.013 0.013 0.013 0.013
SER01A0217_001 0.007 0.008 0.007 0.008 0.008
SER01A0217_002 0.993 0.992 0.993 0.992 0.992
ASP01A0218_001 0.000 0.000 0.000 0.000 0.000
ASP01A0218_002 0.000 0.000 0.000 0.000 0.000
ASP02A0218_003 0.000 0.000 0.000 0.000 0.000
ASP02A0218_004 0.000 0.000 0.000 0.000 0.000
ASP-1A0218_005 1.000 1.000 1.000 1.000 1.000
VAL01A0219_001 1.000 1.000 1.000 1.000 1.000
TRP01A0220_001 1.000 1.000 1.000 1.000 1.000
SER01A0221_001 0.972 0.973 0.972 0.972 0.972
SER01A0221_002 0.028 0.027 0.028 0.028 0.028
PHE01A0222_001 1.000 1.000 1.000 1.000 1.000
VAL01A0224_001 1.000 1.000 1.000 1.000 1.000
LEU01A0225_001 1.000 1.000 1.000 1.000 1.000
LEU01A0226_001 1.000 1.000 1.000 1.000 1.000
TRP01A0227_001 1.000 1.000 1.000 1.000 1.000
GLU01A0228_001 0.003 0.003 0.003 0.003 0.003
GLU01A0228_002 0.013 0.012 0.012 0.012 0.012
GLU02A0228_003 0.000 0.000 0.000 0.000 0.000
GLU02A0228_004 0.000 0.000 0.000 0.000 0.000
GLU-1A0228_005 0.984 0.985 0.985 0.984 0.985
ILE01A0229_001 1.000 1.000 1.000 1.000 1.000
PHE01A0230_001 1.000 1.000 1.000 1.000 1.000
SER01A0231_001 1.000 1.000 1.000 1.000 1.000
SER01A0231_002 0.000 0.000 0.000 0.000 0.000
LEU01A0232_001 1.000 1.000 1.000 1.000 1.000
ALA01A0234_001 1.000 1.000 1.000 1.000 1.000
SER01A0235_001 0.002 0.002 0.002 0.002 0.002
SER01A0235_002 0.998 0.998 0.998 0.998 0.998
PRO01A0236_001 1.000 1.000 1.000 1.000 1.000
TYR01A0237_001 1.000 1.000 1.000 1.000 1.000
TYR-1A0237_002 0.000 0.000 0.000 0.000 0.000
PRO01A0238_001 1.000 1.000 1.000 1.000 1.000
VAL01A0240_001 1.000 1.000 1.000 1.000 1.000
LYS01A0241_001 0.000 0.000 0.000 0.000 0.000
LYS+1A0241_002 1.000 1.000 1.000 1.000 1.000
ILE01A0242_001 1.000 1.000 1.000 1.000 1.000
ASP01A0243_001 0.000 0.000 0.000 0.000 0.000
ASP01A0243_002 0.000 0.000 0.000 0.000 0.000
ASP02A0243_003 0.000 0.000 0.000 0.000 0.000
ASP02A0243_004 0.000 0.000 0.000 0.000 0.000
ASP-1A0243_005 1.000 1.000 1.000 1.000 1.000
GLU01A0244_001 0.000 0.000 0.000 0.000 0.000
GLU01A0244_002 0.000 0.000 0.000 0.000 0.000
GLU02A0244_003 0.000 0.000 0.000 0.000 0.000
GLU02A0244_004 0.000 0.000 0.000 0.000 0.000
GLU-1A0244_005 1.000 1.000 1.000 1.000 1.000
GLU01A0245_001 0.000 0.000 0.000 0.000 0.000
GLU01A0245_002 0.000 0.000 0.000 0.000 0.000
GLU02A0245_003 0.000 0.000 0.000 0.000 0.000
GLU02A0245_004 0.000 0.000 0.000 0.000 0.000
GLU-1A0245_005 1.000 1.000 1.000 1.000 1.000
PHE01A0246_001 1.000 1.000 1.000 1.000 1.000
CYS01A0247_001 0.204 0.204 0.204 0.205 0.202
CYS01A0247_002 0.514 0.513 0.513 0.514 0.514
CYS01A0247_003 0.282 0.284 0.283 0.282 0.284
CYS-1A0247_004 0.000 0.000 0.000 0.000 0.000
ARG01A0248_001 0.000 0.000 0.000 0.000 0.000
ARG02A0248_002 0.000 0.000 0.000 0.000 0.000
ARG03A0248_003 0.000 0.000 0.000 0.000 0.000
ARG+1A0248_004 1.000 1.000 1.000 1.000 1.000
ARG01A0249_001 0.000 0.000 0.000 0.000 0.000
ARG02A0249_002 0.000 0.000 0.000 0.000 0.000
ARG03A0249_003 0.000 0.000 0.000 0.000 0.000
ARG+1A0249_004 1.000 1.000 1.000 1.000 1.000
LEU01A0250_001 1.000 1.000 1.000 1.000 1.000
LYS01A0251_001 0.000 0.000 0.000 0.000 0.000
LYS+1A0251_002 1.000 1.000 1.000 1.000 1.000
GLU01A0252_001 0.000 0.000 0.000 0.000 0.000
GLU01A0252_002 0.000 0.000 0.000 0.000 0.000
GLU02A0252_003 0.000 0.000 0.000 0.000 0.000
GLU02A0252_004 0.000 0.000 0.000 0.000 0.000
GLU-1A0252_005 1.000 1.000 1.000 1.000 1.000
THR01A0254_001 0.790 0.791 0.792 0.791 0.791
THR01A0254_002 0.210 0.209 0.208 0.209 0.209
ARG01A0255_001 0.000 0.000 0.000 0.000 0.000
ARG02A0255_002 0.000 0.000 0.000 0.000 0.000
ARG02A0255_003 0.000 0.000 0.000 0.000 0.000
ARG03A0255_004 0.000 0.000 0.000 0.000 0.000
ARG03A0255_005 0.000 0.000 0.000 0.000 0.000
ARG+1A0255_006 1.000 1.000 1.000 1.000 1.000
MET01A0256_001 1.000 1.000 1.000 1.000 1.000
ARG01A0257_001 0.000 0.000 0.000 0.000 0.000
ARG02A0257_002 0.000 0.000 0.000 0.000 0.000
ARG03A0257_003 0.000 0.000 0.000 0.000 0.000
ARG+1A0257_004 1.000 1.000 1.000 1.000 1.000
ALA01A0258_001 1.000 1.000 1.000 1.000 1.000
PRO01A0259_001 1.000 1.000 1.000 1.000 1.000
ASP01A0260_001 0.000 0.000 0.000 0.000 0.000
ASP01A0260_002 0.000 0.000 0.000 0.000 0.000
ASP02A0260_003 0.000 0.000 0.000 0.000 0.000
ASP02A0260_004 0.000 0.000 0.000 0.000 0.000
ASP-1A0260_005 1.000 1.000 1.000 1.000 1.000
TYR01A0261_001 0.805 0.804 0.805 0.804 0.804
TYR01A0261_002 0.195 0.196 0.195 0.196 0.196
TYR-1A0261_003 0.000 0.000 0.000 0.000 0.000
THR01A0262_001 0.969 0.969 0.970 0.969 0.969
THR01A0262_002 0.031 0.031 0.030 0.031 0.031
THR01A0263_001 0.000 0.000 0.000 0.000 0.000
THR01A0263_002 0.000 0.000 0.000 0.000 0.000
THR01A0263_003 1.000 1.000 1.000 1.000 1.000
PRO01A0264_001 1.000 1.000 1.000 1.000 1.000
GLU01A0265_001 0.000 0.000 0.000 0.000 0.000
GLU01A0265_002 0.000 0.000 0.000 0.000 0.000
GLU02A0265_003 0.000 0.000 0.000 0.000 0.000
GLU02A0265_004 0.000 0.000 0.000 0.000 0.000
GLU-1A0265_005 1.000 1.000 1.000 1.000 1.000
MET01A0266_001 1.000 1.000 1.000 1.000 1.000
TYR01A0267_001 0.990 0.990 0.990 0.990 0.990
TYR01A0267_002 0.010 0.010 0.010 0.010 0.010
TYR-1A0267_003 0.000 0.000 0.000 0.000 0.000
GLN01A0268_001 0.984 0.984 0.984 0.984 0.984
GLN01A0268_002 0.016 0.016 0.016 0.016 0.016
THR01A0269_001 0.854 0.855 0.855 0.855 0.855
THR01A0269_002 0.146 0.145 0.145 0.145 0.145
MET01A0270_001 1.000 1.000 1.000 1.000 1.000
LEU01A0271_001 1.000 1.000 1.000 1.000 1.000
ASP01A0272_001 0.000 0.000 0.000 0.000 0.000
ASP01A0272_002 0.000 0.000 0.000 0.000 0.000
ASP02A0272_003 0.000 0.000 0.000 0.000 0.000
ASP02A0272_004 0.009 0.009 0.009 0.009 0.009
ASP-1A0272_005 0.991 0.991 0.991 0.991 0.991
CYS01A0273_001 0.178 0.179 0.179 0.179 0.177
CYS01A0273_002 0.602 0.602 0.602 0.602 0.604
CYS01A0273_003 0.220 0.219 0.220 0.219 0.219
CYS-1A0273_004 0.000 0.000 0.000 0.000 0.000
TRP01A0274_001 1.000 1.000 1.000 1.000 1.000
HIS01A0275_001 0.941 0.941 0.942 0.941 0.941
HIS01A0275_002 0.011 0.011 0.012 0.011 0.011
HIS02A0275_003 0.035 0.035 0.035 0.035 0.035
HIS02A0275_004 0.012 0.012 0.012 0.012 0.012
HIS+1A0275_005 0.000 0.000 0.000 0.000 0.000
HIS+1A0275_006 0.000 0.000 0.000 0.000 0.000
GLU01A0277_001 0.000 0.000 0.000 0.000 0.000
GLU01A0277_002 0.000 0.000 0.000 0.000 0.000
GLU02A0277_003 0.000 0.000 0.000 0.000 0.000
GLU02A0277_004 0.000 0.000 0.000 0.000 0.000
GLU-1A0277_005 1.000 1.000 1.000 1.000 1.000
PRO01A0278_001 1.000 1.000 1.000 1.000 1.000
SER01A0279_001 0.729 0.729 0.730 0.729 0.730
SER01A0279_002 0.271 0.271 0.270 0.271 0.270
GLN01A0280_001 0.332 0.331 0.333 0.331 0.333
GLN01A0280_002 0.668 0.669 0.667 0.669 0.667
ARG01A0281_001 0.000 0.000 0.000 0.000 0.000
ARG02A0281_002 0.000 0.000 0.000 0.000 0.000
ARG02A0281_003 0.000 0.000 0.000 0.000 0.000
ARG03A0281_004 0.000 0.000 0.000 0.000 0.000
ARG03A0281_005 0.000 0.000 0.000 0.000 0.000
ARG+1A0281_006 1.000 1.000 1.000 1.000 1.000
PRO01A0282_001 1.000 1.000 1.000 1.000 1.000
THR01A0283_001 0.077 0.077 0.076 0.077 0.077
THR01A0283_002 0.000 0.000 0.000 0.000 0.000
THR01A0283_003 0.923 0.923 0.924 0.923 0.923
PHE01A0284_001 1.000 1.000 1.000 1.000 1.000
SER01A0285_001 0.979 0.978 0.979 0.979 0.979
SER01A0285_002 0.021 0.022 0.021 0.021 0.021
GLU01A0286_001 0.000 0.000 0.000 0.000 0.000
GLU01A0286_002 0.000 0.000 0.000 0.000 0.000
GLU02A0286_003 0.000 0.000 0.000 0.000 0.000
GLU02A0286_004 0.002 0.003 0.003 0.003 0.003
GLU-1A0286_005 0.998 0.997 0.997 0.997 0.997
LEU01A0287_001 1.000 1.000 1.000 1.000 1.000
VAL01A0288_001 1.000 1.000 1.000 1.000 1.000
GLU01A0289_001 0.000 0.000 0.000 0.000 0.000
GLU01A0289_002 0.000 0.000 0.000 0.000 0.000
GLU02A0289_003 0.000 0.000 0.000 0.000 0.000
GLU02A0289_004 0.000 0.000 0.001 0.000 0.000
GLU-1A0289_005 1.000 1.000 0.999 1.000 1.000
HIS01A0290_001 0.313 0.312 0.314 0.314 0.314
HIS01A0290_002 0.031 0.031 0.031 0.031 0.030
HIS02A0290_003 0.295 0.299 0.296 0.295 0.297
HIS02A0290_004 0.020 0.020 0.020 0.020 0.020
HIS+1A0290_005 0.325 0.321 0.321 0.324 0.323
HIS+1A0290_006 0.017 0.017 0.017 0.017 0.016
LEU01A0291_001 1.000 1.000 1.000 1.000 1.000
ASN01A0293_001 0.859 0.859 0.859 0.860 0.860
ASN01A0293_002 0.141 0.141 0.141 0.140 0.140
LEU01A0294_001 1.000 1.000 1.000 1.000 1.000
LEU01A0295_001 1.000 1.000 1.000 1.000 1.000
GLN01A0296_001 0.664 0.665 0.665 0.664 0.665
GLN01A0296_002 0.336 0.335 0.335 0.336 0.335
ALA01A0297_001 1.000 1.000 1.000 1.000 1.000
ASN01A0298_001 0.530 0.529 0.530 0.531 0.530
ASN01A0298_002 0.470 0.471 0.470 0.469 0.470
BAX01B0001_001 1.000 1.000 1.000 1.000 1.000
BAX+1B0001_002 0.000 0.000 0.000 0.000 0.000
BAX+1B0001_003 0.000 0.000 0.000 0.000 0.000
BAX02B0001_004 0.000 0.000 0.000 0.000 0.000
BAX-2B0001_005 0.000 0.000 0.000 0.000 0.000
BAXDMB0001_006 0.000 0.000 0.000 0.000 0.000
