 ph              7.4   7.4   7.4   7.4   7.4
GLU01A0001_001 0.000 0.000 0.000 0.000 0.000
GLU01A0001_002 0.000 0.000 0.000 0.000 0.000
GLU02A0001_003 0.000 0.000 0.000 0.000 0.000
GLU02A0001_004 0.000 0.000 0.000 0.000 0.000
GLU-1A0001_005 1.000 1.000 1.000 1.000 1.000
ALA01A0002_001 1.000 1.000 1.000 1.000 1.000
PRO01A0003_001 1.000 1.000 1.000 1.000 1.000
ASN01A0004_001 0.000 0.000 0.000 0.000 0.000
ASN01A0004_002 1.000 1.000 1.000 1.000 1.000
GLN01A0005_001 0.376 0.376 0.377 0.376 0.377
GLN01A0005_002 0.624 0.624 0.623 0.624 0.623
ALA01A0006_001 1.000 1.000 1.000 1.000 1.000
LEU01A0007_001 1.000 1.000 1.000 1.000 1.000
LEU01A0008_001 1.000 1.000 1.000 1.000 1.000
ARG01A0009_001 0.000 0.000 0.000 0.000 0.000
ARG02A0009_002 0.000 0.000 0.000 0.000 0.000
ARG02A0009_003 0.000 0.000 0.000 0.000 0.000
ARG03A0009_004 0.000 0.000 0.000 0.000 0.000
ARG03A0009_005 0.000 0.000 0.000 0.000 0.000
ARG+1A0009_006 1.000 1.000 1.000 1.000 1.000
ILE01A0010_001 1.000 1.000 1.000 1.000 1.000
LEU01A0011_001 1.000 1.000 1.000 1.000 1.000
LYS01A0012_001 0.000 0.000 0.000 0.000 0.000
LYS+1A0012_002 1.000 1.000 1.000 1.000 1.000
GLU01A0013_001 0.000 0.000 0.000 0.000 0.000
GLU01A0013_002 0.000 0.000 0.000 0.000 0.000
GLU02A0013_003 0.000 0.000 0.000 0.000 0.000
GLU02A0013_004 0.009 0.009 0.009 0.009 0.009
GLU-1A0013_005 0.991 0.991 0.991 0.991 0.991
THR01A0014_001 1.000 1.000 1.000 1.000 1.000
GLU01A0015_001 0.000 0.000 0.000 0.000 0.000
GLU01A0015_002 0.000 0.000 0.000 0.000 0.000
GLU02A0015_003 0.000 0.000 0.000 0.000 0.000
GLU02A0015_004 0.003 0.003 0.003 0.003 0.003
GLU-1A0015_005 0.997 0.997 0.997 0.997 0.997
PHE01A0016_001 1.000 1.000 1.000 1.000 1.000
LYS01A0017_001 0.003 0.003 0.003 0.003 0.003
LYS+1A0017_002 0.997 0.997 0.997 0.997 0.997
LYS01A0018_001 0.045 0.045 0.046 0.044 0.045
LYS+1A0018_002 0.955 0.955 0.954 0.956 0.955
ILE01A0019_001 1.000 1.000 1.000 1.000 1.000
LYS01A0020_001 0.226 0.227 0.226 0.226 0.227
LYS+1A0020_002 0.774 0.773 0.774 0.774 0.773
VAL01A0021_001 1.000 1.000 1.000 1.000 1.000
LEU01A0022_001 1.000 1.000 1.000 1.000 1.000
SER01A0024_001 1.000 1.000 1.000 1.000 1.000
ALA01A0026_001 1.000 1.000 1.000 1.000 1.000
PHE01A0027_001 1.000 1.000 1.000 1.000 1.000
THR01A0029_001 0.315 0.317 0.316 0.316 0.316
THR01A0029_002 0.685 0.683 0.684 0.684 0.684
VAL01A0030_001 1.000 1.000 1.000 1.000 1.000
TYR01A0031_001 1.000 1.000 1.000 1.000 1.000
TYR-1A0031_002 0.000 0.000 0.000 0.000 0.000
LYS01A0032_001 0.593 0.591 0.593 0.593 0.593
LYS+1A0032_002 0.407 0.409 0.407 0.407 0.407
LEU01A0034_001 1.000 1.000 1.000 1.000 1.000
TRP01A0035_001 1.000 1.000 1.000 1.000 1.000
ILE01A0036_001 1.000 1.000 1.000 1.000 1.000
PRO01A0037_001 1.000 1.000 1.000 1.000 1.000
GLU01A0038_001 0.000 0.000 0.000 0.000 0.000
GLU01A0038_002 0.000 0.000 0.000 0.000 0.000
GLU02A0038_003 0.000 0.000 0.000 0.000 0.000
GLU02A0038_004 0.000 0.000 0.000 0.000 0.000
GLU-1A0038_005 1.000 1.000 1.000 1.000 1.000
GLU01A0040_001 0.000 0.000 0.000 0.000 0.000
GLU01A0040_002 0.000 0.000 0.000 0.000 0.000
GLU02A0040_003 0.000 0.000 0.000 0.000 0.000
GLU02A0040_004 0.000 0.000 0.000 0.000 0.000
GLU-1A0040_005 1.000 1.000 1.000 1.000 1.000
LYS01A0041_001 0.000 0.000 0.000 0.000 0.000
LYS+1A0041_002 1.000 1.000 1.000 1.000 1.000
VAL01A0042_001 1.000 1.000 1.000 1.000 1.000
LYS01A0043_001 0.000 0.000 0.000 0.000 0.000
LYS+1A0043_002 1.000 1.000 1.000 1.000 1.000
ILE01A0044_001 1.000 1.000 1.000 1.000 1.000
PRO01A0045_001 1.000 1.000 1.000 1.000 1.000
VAL01A0046_001 1.000 1.000 1.000 1.000 1.000
ALA01A0047_001 1.000 1.000 1.000 1.000 1.000
ILE01A0048_001 1.000 1.000 1.000 1.000 1.000
LYS01A0049_001 0.000 0.000 0.000 0.000 0.000
LYS+1A0049_002 1.000 1.000 1.000 1.000 1.000
GLU01A0050_001 0.000 0.000 0.000 0.000 0.000
GLU01A0050_002 0.002 0.002 0.000 0.001 0.000
GLU02A0050_003 0.000 0.000 0.000 0.000 0.000
GLU02A0050_004 0.007 0.007 0.011 0.007 0.010
GLU-1A0050_005 0.992 0.992 0.989 0.992 0.990
LEU01A0051_001 1.000 1.000 1.000 1.000 1.000
ARG01A0052_001 0.000 0.000 0.000 0.000 0.000
ARG02A0052_002 0.000 0.000 0.000 0.000 0.000
ARG03A0052_003 0.000 0.000 0.000 0.000 0.000
ARG+1A0052_004 1.000 1.000 1.000 1.000 1.000
GLU01A0053_001 0.007 0.007 0.007 0.006 0.006
GLU01A0053_002 0.061 0.061 0.062 0.061 0.061
GLU02A0053_003 0.000 0.000 0.000 0.000 0.000
GLU02A0053_004 0.043 0.044 0.043 0.043 0.042
GLU-1A0053_005 0.890 0.888 0.888 0.889 0.890
ALA01A0054_001 1.000 1.000 1.000 1.000 1.000
THR01A0055_001 0.272 0.271 0.272 0.272 0.271
THR01A0055_002 0.728 0.729 0.728 0.728 0.729
SER01A0056_001 1.000 1.000 1.000 1.000 1.000
PRO01A0057_001 1.000 1.000 1.000 1.000 1.000
LYS01A0058_001 0.000 0.000 0.000 0.000 0.000
LYS+1A0058_002 1.000 1.000 1.000 1.000 1.000
ALA01A0059_001 1.000 1.000 1.000 1.000 1.000
ASN01A0060_001 0.374 0.375 0.375 0.374 0.375
ASN01A0060_002 0.626 0.625 0.625 0.626 0.625
LYS01A0061_001 0.000 0.000 0.000 0.000 0.000
LYS+1A0061_002 1.000 1.000 1.000 1.000 1.000
GLU01A0062_001 0.000 0.000 0.000 0.000 0.000
GLU01A0062_002 0.003 0.003 0.003 0.003 0.003
GLU02A0062_003 0.000 0.000 0.000 0.000 0.000
GLU02A0062_004 0.000 0.000 0.000 0.001 0.001
GLU-1A0062_005 0.997 0.997 0.996 0.997 0.997
ILE01A0063_001 1.000 1.000 1.000 1.000 1.000
LEU01A0064_001 1.000 1.000 1.000 1.000 1.000
ASP01A0065_001 0.000 0.000 0.000 0.000 0.000
ASP01A0065_002 0.000 0.000 0.000 0.000 0.000
ASP02A0065_003 0.000 0.000 0.000 0.000 0.000
ASP02A0065_004 0.000 0.000 0.000 0.000 0.000
ASP-1A0065_005 1.000 1.000 1.000 1.000 1.000
GLU01A0066_001 0.000 0.000 0.000 0.000 0.000
GLU01A0066_002 0.000 0.000 0.000 0.000 0.000
GLU02A0066_003 0.000 0.000 0.000 0.000 0.000
GLU02A0066_004 0.000 0.000 0.000 0.000 0.000
GLU-1A0066_005 1.000 1.000 1.000 1.000 1.000
ALA01A0067_001 1.000 1.000 1.000 1.000 1.000
TYR01A0068_001 1.000 1.000 1.000 1.000 1.000
TYR-1A0068_002 0.000 0.000 0.000 0.000 0.000
VAL01A0069_001 1.000 1.000 1.000 1.000 1.000
MET01A0070_001 1.000 1.000 1.000 1.000 1.000
ALA01A0071_001 1.000 1.000 1.000 1.000 1.000
SER01A0072_001 0.000 0.000 0.000 0.000 0.000
SER01A0072_002 0.981 0.981 0.980 0.980 0.981
SER01A0072_003 0.019 0.019 0.020 0.020 0.019
VAL01A0073_001 1.000 1.000 1.000 1.000 1.000
ASP01A0074_001 0.000 0.000 0.000 0.000 0.000
ASP01A0074_002 0.000 0.000 0.000 0.000 0.000
ASP02A0074_003 0.000 0.000 0.000 0.000 0.000
ASP02A0074_004 0.000 0.000 0.000 0.000 0.000
ASP-1A0074_005 1.000 1.000 1.000 1.000 1.000
ASN01A0075_001 1.000 1.000 1.000 1.000 1.000
PRO01A0076_001 1.000 1.000 1.000 1.000 1.000
HIS01A0077_001 0.000 0.000 0.000 0.000 0.000
HIS01A0077_002 0.000 0.000 0.000 0.000 0.000
HIS02A0077_003 0.997 0.997 0.997 0.997 0.997
HIS02A0077_004 0.000 0.000 0.000 0.000 0.000
HIS+1A0077_005 0.003 0.003 0.003 0.003 0.003
HIS+1A0077_006 0.000 0.000 0.000 0.000 0.000
VAL01A0078_001 1.000 1.000 1.000 1.000 1.000
CYS01A0079_001 0.042 0.042 0.042 0.042 0.042
CYS01A0079_002 0.666 0.666 0.667 0.666 0.666
CYS01A0079_003 0.292 0.292 0.291 0.293 0.292
CYS-1A0079_004 0.000 0.000 0.000 0.000 0.000
ARG01A0080_001 0.000 0.000 0.000 0.000 0.000
ARG02A0080_002 0.000 0.000 0.000 0.000 0.000
ARG03A0080_003 0.000 0.000 0.000 0.000 0.000
ARG+1A0080_004 1.000 1.000 1.000 1.000 1.000
LEU01A0081_001 1.000 1.000 1.000 1.000 1.000
LEU01A0082_001 1.000 1.000 1.000 1.000 1.000
ILE01A0084_001 1.000 1.000 1.000 1.000 1.000
CYS01A0085_001 0.183 0.184 0.185 0.183 0.184
CYS01A0085_002 0.000 0.000 0.000 0.000 0.000
CYS01A0085_003 0.817 0.816 0.815 0.817 0.816
CYS-1A0085_004 0.000 0.000 0.000 0.000 0.000
LEU01A0086_001 1.000 1.000 1.000 1.000 1.000
THR01A0087_001 0.009 0.009 0.009 0.009 0.009
THR01A0087_002 0.016 0.016 0.016 0.016 0.016
THR01A0087_003 0.976 0.975 0.976 0.975 0.975
SER01A0088_001 0.478 0.477 0.477 0.478 0.477
SER01A0088_002 0.522 0.523 0.523 0.522 0.523
THR01A0089_001 1.000 1.000 1.000 1.000 1.000
VAL01A0090_001 1.000 1.000 1.000 1.000 1.000
GLN01A0091_001 0.352 0.354 0.354 0.354 0.354
GLN01A0091_002 0.648 0.646 0.646 0.646 0.646
LEU01A0092_001 1.000 1.000 1.000 1.000 1.000
ILE01A0093_001 1.000 1.000 1.000 1.000 1.000
THR01A0094_001 0.420 0.420 0.419 0.419 0.420
THR01A0094_002 0.580 0.580 0.581 0.581 0.580
GLN01A0095_001 1.000 1.000 1.000 1.000 1.000
LEU01A0096_001 1.000 1.000 1.000 1.000 1.000
MET01A0097_001 1.000 1.000 1.000 1.000 1.000
PRO01A0098_001 1.000 1.000 1.000 1.000 1.000
PHE01A0099_001 1.000 1.000 1.000 1.000 1.000
CYS01A0101_001 0.672 0.672 0.672 0.673 0.671
CYS01A0101_002 0.006 0.006 0.006 0.006 0.006
CYS01A0101_003 0.321 0.322 0.322 0.321 0.323
CYS-1A0101_004 0.000 0.000 0.000 0.000 0.000
LEU01A0102_001 1.000 1.000 1.000 1.000 1.000
LEU01A0103_001 1.000 1.000 1.000 1.000 1.000
ASP01A0104_001 0.000 0.000 0.000 0.000 0.000
ASP01A0104_002 0.000 0.000 0.000 0.000 0.000
ASP02A0104_003 0.000 0.000 0.000 0.000 0.000
ASP02A0104_004 0.000 0.000 0.000 0.000 0.000
ASP-1A0104_005 1.000 1.000 1.000 1.000 1.000
TYR01A0105_001 1.000 1.000 1.000 1.000 1.000
TYR-1A0105_002 0.000 0.000 0.000 0.000 0.000
VAL01A0106_001 1.000 1.000 1.000 1.000 1.000
ARG01A0107_001 0.000 0.000 0.000 0.000 0.000
ARG02A0107_002 0.000 0.000 0.000 0.000 0.000
ARG03A0107_003 0.000 0.000 0.000 0.000 0.000
ARG+1A0107_004 1.000 1.000 1.000 1.000 1.000
GLU01A0108_001 0.000 0.000 0.000 0.000 0.000
GLU01A0108_002 0.000 0.000 0.001 0.000 0.000
GLU02A0108_003 0.000 0.000 0.000 0.000 0.000
GLU02A0108_004 0.000 0.000 0.000 0.000 0.000
GLU-1A0108_005 1.000 1.000 0.999 1.000 1.000
HIS01A0109_001 0.008 0.008 0.008 0.008 0.007
HIS01A0109_002 0.000 0.001 0.001 0.000 0.001
HIS02A0109_003 0.022 0.022 0.021 0.022 0.022
HIS02A0109_004 0.088 0.085 0.085 0.089 0.085
HIS+1A0109_005 0.234 0.235 0.235 0.233 0.235
HIS+1A0109_006 0.648 0.649 0.649 0.648 0.650
LYS01A0110_001 0.000 0.000 0.000 0.000 0.000
LYS+1A0110_002 1.000 1.000 1.000 1.000 1.000
ASP01A0111_001 0.000 0.000 0.000 0.000 0.000
ASP01A0111_002 0.000 0.000 0.000 0.000 0.000
ASP02A0111_003 0.000 0.000 0.000 0.000 0.000
ASP02A0111_004 0.000 0.000 0.000 0.000 0.000
ASP-1A0111_005 1.000 1.000 1.000 1.000 1.000
ASN01A0112_001 0.001 0.001 0.001 0.001 0.000
ASN01A0112_002 0.999 0.999 0.999 0.999 1.000
ILE01A0113_001 1.000 1.000 1.000 1.000 1.000
SER01A0115_001 0.977 0.976 0.970 0.972 0.967
SER01A0115_002 0.023 0.024 0.030 0.028 0.033
GLN01A0116_001 0.909 0.910 0.909 0.910 0.910
GLN01A0116_002 0.091 0.090 0.091 0.090 0.090
TYR01A0117_001 0.396 0.395 0.396 0.397 0.397
TYR01A0117_002 0.604 0.605 0.604 0.603 0.603
TYR-1A0117_003 0.000 0.000 0.000 0.000 0.000
LEU01A0118_001 1.000 1.000 1.000 1.000 1.000
LEU01A0119_001 1.000 1.000 1.000 1.000 1.000
ASN01A0120_001 0.973 0.973 0.973 0.973 0.973
ASN01A0120_002 0.027 0.027 0.027 0.027 0.027
TRP01A0121_001 1.000 1.000 1.000 1.000 1.000
CYS01A0122_001 0.132 0.132 0.132 0.132 0.131
CYS01A0122_002 0.769 0.769 0.768 0.769 0.769
CYS01A0122_003 0.099 0.099 0.100 0.099 0.099
CYS-1A0122_004 0.000 0.000 0.000 0.000 0.000
VAL01A0123_001 1.000 1.000 1.000 1.000 1.000
GLN01A0124_001 1.000 1.000 1.000 1.000 1.000
GLN01A0124_002 0.000 0.000 0.000 0.000 0.000
ILE01A0125_001 1.000 1.000 1.000 1.000 1.000
ALA01A0126_001 1.000 1.000 1.000 1.000 1.000
LYS01A0127_001 0.001 0.000 0.001 0.001 0.000
LYS+1A0127_002 0.999 1.000 0.999 0.999 1.000
MET01A0129_001 1.000 1.000 1.000 1.000 1.000
ASN01A0130_001 0.498 0.496 0.498 0.497 0.497
ASN01A0130_002 0.502 0.504 0.502 0.503 0.503
TYR01A0131_001 1.000 1.000 1.000 1.000 1.000
TYR01A0131_002 0.000 0.000 0.000 0.000 0.000
TYR-1A0131_003 0.000 0.000 0.000 0.000 0.000
LEU01A0132_001 1.000 1.000 1.000 1.000 1.000
GLU01A0133_001 0.000 0.000 0.000 0.000 0.000
GLU01A0133_002 0.000 0.000 0.000 0.000 0.000
GLU02A0133_003 0.000 0.000 0.000 0.000 0.000
GLU02A0133_004 0.000 0.000 0.000 0.000 0.000
GLU-1A0133_005 1.000 1.000 1.000 1.000 1.000
ASP01A0134_001 0.000 0.000 0.000 0.000 0.000
ASP01A0134_002 0.002 0.002 0.000 0.000 0.002
ASP02A0134_003 0.000 0.000 0.000 0.000 0.000
ASP02A0134_004 0.000 0.000 0.000 0.000 0.000
ASP-1A0134_005 0.998 0.998 1.000 1.000 0.998
ARG01A0135_001 0.000 0.000 0.000 0.000 0.000
ARG02A0135_002 0.684 0.683 0.684 0.683 0.685
ARG02A0135_003 0.000 0.000 0.000 0.000 0.000
ARG03A0135_004 0.000 0.000 0.000 0.000 0.000
ARG03A0135_005 0.000 0.000 0.000 0.000 0.000
ARG+1A0135_006 0.316 0.317 0.316 0.317 0.315
ARG01A0136_001 0.000 0.000 0.000 0.000 0.000
ARG02A0136_002 0.000 0.000 0.000 0.000 0.000
ARG02A0136_003 0.000 0.000 0.000 0.000 0.000
ARG03A0136_004 0.000 0.000 0.000 0.000 0.000
ARG+1A0136_005 1.000 1.000 1.000 1.000 1.000
LEU01A0137_001 1.000 1.000 1.000 1.000 1.000
VAL01A0138_001 1.000 1.000 1.000 1.000 1.000
HIS01A0139_001 1.000 1.000 1.000 1.000 1.000
HIS02A0139_002 0.000 0.000 0.000 0.000 0.000
HIS+1A0139_003 0.000 0.000 0.000 0.000 0.000
ARG01A0140_001 0.000 0.000 0.000 0.000 0.000
ARG02A0140_002 0.000 0.000 0.000 0.000 0.000
ARG02A0140_003 0.000 0.000 0.000 0.000 0.000
ARG03A0140_004 0.000 0.000 0.000 0.000 0.000
ARG03A0140_005 0.000 0.000 0.000 0.000 0.000
ARG+1A0140_006 1.000 1.000 1.000 1.000 1.000
ASP01A0141_001 0.040 0.039 0.039 0.040 0.039
ASP01A0141_002 0.019 0.019 0.019 0.019 0.019
ASP02A0141_003 0.159 0.158 0.157 0.157 0.157
ASP02A0141_004 0.773 0.774 0.776 0.774 0.775
ASP-1A0141_005 0.009 0.010 0.009 0.009 0.009
LEU01A0142_001 1.000 1.000 1.000 1.000 1.000
ALA01A0143_001 1.000 1.000 1.000 1.000 1.000
ALA01A0144_001 1.000 1.000 1.000 1.000 1.000
ARG01A0145_001 0.000 0.000 0.000 0.000 0.000
ARG02A0145_002 0.000 0.000 0.000 0.000 0.000
ARG02A0145_003 0.000 0.000 0.000 0.000 0.000
ARG03A0145_004 0.000 0.000 0.000 0.000 0.000
ARG03A0145_005 0.000 0.000 0.000 0.000 0.000
ARG+1A0145_006 1.000 1.000 1.000 1.000 1.000
ASN01A0146_001 0.008 0.009 0.008 0.008 0.008
ASN01A0146_002 0.992 0.991 0.992 0.992 0.992
VAL01A0147_001 1.000 1.000 1.000 1.000 1.000
LEU01A0148_001 1.000 1.000 1.000 1.000 1.000
VAL01A0149_001 1.000 1.000 1.000 1.000 1.000
LYS01A0150_001 0.000 0.000 0.000 0.000 0.000
LYS+1A0150_002 1.000 1.000 1.000 1.000 1.000
THR01A0151_001 1.000 1.000 1.000 1.000 1.000
PRO01A0152_001 1.000 1.000 1.000 1.000 1.000
GLN01A0153_001 0.950 0.951 0.951 0.951 0.951
GLN01A0153_002 0.050 0.049 0.049 0.049 0.049
HIS01A0154_001 0.003 0.003 0.003 0.003 0.003
HIS01A0154_002 0.131 0.131 0.132 0.131 0.129
HIS02A0154_003 0.000 0.000 0.000 0.000 0.000
HIS02A0154_004 0.859 0.858 0.858 0.859 0.860
HIS+1A0154_005 0.000 0.000 0.000 0.000 0.000
HIS+1A0154_006 0.008 0.008 0.008 0.008 0.008
VAL01A0155_001 1.000 1.000 1.000 1.000 1.000
LYS01A0156_001 0.000 0.000 0.000 0.000 0.000
LYS+1A0156_002 1.000 1.000 1.000 1.000 1.000
ILE01A0157_001 1.000 1.000 1.000 1.000 1.000
THR01A0158_001 0.025 0.025 0.025 0.026 0.025
THR01A0158_002 0.298 0.300 0.299 0.301 0.301
THR01A0158_003 0.676 0.674 0.676 0.673 0.674
ASP01A0159_001 0.000 0.000 0.000 0.000 0.000
ASP01A0159_002 0.000 0.000 0.000 0.000 0.000
ASP02A0159_003 0.000 0.000 0.000 0.000 0.000
ASP02A0159_004 0.000 0.000 0.000 0.000 0.000
ASP-1A0159_005 1.000 1.000 1.000 1.000 1.000
PHE01A0160_001 1.000 1.000 1.000 1.000 1.000
LEU01A0162_001 1.000 1.000 1.000 1.000 1.000
ALA01A0163_001 1.000 1.000 1.000 1.000 1.000
LYS01A0164_001 0.003 0.003 0.003 0.003 0.003
LYS+1A0164_002 0.997 0.997 0.997 0.997 0.997
LEU01A0165_001 1.000 1.000 1.000 1.000 1.000
LEU01A0166_001 1.000 1.000 1.000 1.000 1.000
ALA01A0168_001 1.000 1.000 1.000 1.000 1.000
GLU01A0169_001 0.000 0.000 0.000 0.000 0.000
GLU01A0169_002 0.488 0.486 0.486 0.489 0.486
GLU02A0169_003 0.003 0.003 0.003 0.003 0.003
GLU02A0169_004 0.031 0.032 0.032 0.032 0.032
GLU-1A0169_005 0.477 0.480 0.480 0.477 0.479
GLU01A0170_001 0.000 0.000 0.000 0.000 0.000
GLU01A0170_002 0.000 0.000 0.000 0.000 0.000
GLU02A0170_003 0.000 0.000 0.000 0.000 0.000
GLU02A0170_004 0.000 0.000 0.000 0.000 0.000
GLU-1A0170_005 1.000 1.000 1.000 1.000 1.000
LYS01A0171_001 0.000 0.000 0.000 0.000 0.000
LYS+1A0171_002 1.000 1.000 1.000 1.000 1.000
GLU01A0172_001 0.000 0.000 0.000 0.000 0.000
GLU01A0172_002 0.000 0.000 0.000 0.000 0.000
GLU02A0172_003 0.000 0.000 0.000 0.000 0.000
GLU02A0172_004 0.000 0.000 0.000 0.000 0.000
GLU-1A0172_005 1.000 1.000 1.000 1.000 1.000
TYR01A0173_001 0.988 0.988 0.987 0.987 0.987
TYR-1A0173_002 0.012 0.012 0.013 0.013 0.013
HIS01A0174_001 0.032 0.032 0.032 0.033 0.033
HIS01A0174_002 0.090 0.092 0.091 0.092 0.091
HIS02A0174_003 0.045 0.046 0.046 0.045 0.045
HIS02A0174_004 0.077 0.078 0.078 0.078 0.077
HIS+1A0174_005 0.205 0.207 0.205 0.205 0.205
HIS+1A0174_006 0.550 0.545 0.547 0.547 0.549
ALA01A0175_001 1.000 1.000 1.000 1.000 1.000
GLU01A0176_001 0.002 0.002 0.001 0.002 0.002
GLU01A0176_002 0.018 0.019 0.019 0.018 0.018
GLU02A0176_003 0.000 0.000 0.000 0.000 0.000
GLU02A0176_004 0.000 0.000 0.000 0.000 0.000
GLU-1A0176_005 0.980 0.980 0.980 0.980 0.980
LYS01A0179_001 0.000 0.001 0.000 0.000 0.000
LYS+1A0179_002 1.000 0.999 1.000 1.000 1.000
VAL01A0180_001 1.000 1.000 1.000 1.000 1.000
PRO01A0181_001 1.000 1.000 1.000 1.000 1.000
ILE01A0182_001 1.000 1.000 1.000 1.000 1.000
LYS01A0183_001 0.000 0.000 0.000 0.000 0.000
LYS+1A0183_002 1.000 1.000 1.000 1.000 1.000
TRP01A0184_001 1.000 1.000 1.000 1.000 1.000
MET01A0185_001 1.000 1.000 1.000 1.000 1.000
ALA01A0186_001 1.000 1.000 1.000 1.000 1.000
LEU01A0187_001 1.000 1.000 1.000 1.000 1.000
GLU01A0188_001 0.000 0.000 0.000 0.000 0.000
GLU01A0188_002 0.000 0.000 0.000 0.000 0.000
GLU02A0188_003 0.000 0.000 0.000 0.000 0.000
GLU02A0188_004 0.000 0.000 0.000 0.000 0.000
GLU-1A0188_005 1.000 1.000 1.000 1.000 1.000
SER01A0189_001 0.986 0.986 0.985 0.985 0.985
SER01A0189_002 0.005 0.005 0.005 0.005 0.005
SER01A0189_003 0.009 0.009 0.009 0.009 0.009
ILE01A0190_001 1.000 1.000 1.000 1.000 1.000
LEU01A0191_001 1.000 1.000 1.000 1.000 1.000
HIS01A0192_001 1.000 1.000 1.000 1.000 1.000
HIS02A0192_002 0.000 0.000 0.000 0.000 0.000
HIS+1A0192_003 0.000 0.000 0.000 0.000 0.000
ARG01A0193_001 0.000 0.000 0.000 0.000 0.000
ARG02A0193_002 0.000 0.000 0.000 0.000 0.000
ARG03A0193_003 1.000 1.000 1.000 1.000 1.000
ARG03A0193_004 0.000 0.000 0.000 0.000 0.000
ARG+1A0193_005 0.000 0.000 0.000 0.000 0.000
ILE01A0194_001 1.000 1.000 1.000 1.000 1.000
TYR01A0195_001 1.000 1.000 1.000 1.000 1.000
TYR-1A0195_002 0.000 0.000 0.000 0.000 0.000
THR01A0196_001 0.002 0.002 0.002 0.002 0.002
THR01A0196_002 0.998 0.998 0.998 0.998 0.998
HIS01A0197_001 0.002 0.002 0.002 0.002 0.002
HIS01A0197_002 0.083 0.083 0.083 0.084 0.083
HIS02A0197_003 0.708 0.708 0.707 0.706 0.710
HIS02A0197_004 0.008 0.008 0.008 0.008 0.008
HIS+1A0197_005 0.132 0.132 0.133 0.133 0.132
HIS+1A0197_006 0.067 0.067 0.067 0.067 0.066
GLN01A0198_001 1.000 1.000 1.000 1.000 1.000
GLN01A0198_002 0.000 0.000 0.000 0.000 0.000
SER01A0199_001 1.000 1.000 1.000 1.000 1.000
ASP01A0200_001 0.000 0.000 0.000 0.000 0.000
ASP01A0200_002 0.000 0.000 0.000 0.000 0.000
ASP02A0200_003 0.000 0.000 0.000 0.000 0.000
ASP02A0200_004 0.000 0.000 0.000 0.000 0.000
ASP-1A0200_005 1.000 1.000 1.000 1.000 1.000
VAL01A0201_001 1.000 1.000 1.000 1.000 1.000
TRP01A0202_001 1.000 1.000 1.000 1.000 1.000
SER01A0203_001 0.958 0.957 0.957 0.957 0.957
SER01A0203_002 0.042 0.043 0.043 0.043 0.043
TYR01A0204_001 0.059 0.058 0.059 0.058 0.058
TYR01A0204_002 0.941 0.942 0.941 0.942 0.942
TYR-1A0204_003 0.000 0.000 0.000 0.000 0.000
VAL01A0206_001 1.000 1.000 1.000 1.000 1.000
THR01A0207_001 0.043 0.042 0.042 0.042 0.042
THR01A0207_002 0.944 0.944 0.945 0.944 0.944
THR01A0207_003 0.014 0.014 0.014 0.014 0.014
VAL01A0208_001 1.000 1.000 1.000 1.000 1.000
TRP01A0209_001 1.000 1.000 1.000 1.000 1.000
GLU01A0210_001 0.000 0.000 0.000 0.000 0.000
GLU01A0210_002 0.000 0.000 0.000 0.000 0.000
GLU02A0210_003 0.000 0.000 0.000 0.000 0.000
GLU02A0210_004 0.000 0.000 0.000 0.000 0.000
GLU-1A0210_005 1.000 1.000 1.000 1.000 1.000
LEU01A0211_001 1.000 1.000 1.000 1.000 1.000
MET01A0212_001 1.000 1.000 1.000 1.000 1.000
THR01A0213_001 0.998 0.998 0.998 0.998 0.998
THR01A0213_002 0.002 0.002 0.002 0.002 0.002
PHE01A0214_001 1.000 1.000 1.000 1.000 1.000
SER01A0216_001 1.000 1.000 1.000 1.000 1.000
LYS01A0217_001 0.001 0.001 0.001 0.001 0.000
LYS+1A0217_002 0.999 0.999 0.999 0.999 1.000
PRO01A0218_001 1.000 1.000 1.000 1.000 1.000
TYR01A0219_001 1.000 1.000 1.000 1.000 1.000
TYR-1A0219_002 0.000 0.000 0.000 0.000 0.000
ASP01A0220_001 0.000 0.000 0.000 0.000 0.000
ASP01A0220_002 0.000 0.000 0.000 0.000 0.000
ASP02A0220_003 0.000 0.000 0.000 0.000 0.000
ASP02A0220_004 0.000 0.000 0.000 0.000 0.000
ASP-1A0220_005 1.000 1.000 1.000 1.000 1.000
ILE01A0222_001 1.000 1.000 1.000 1.000 1.000
PRO01A0223_001 1.000 1.000 1.000 1.000 1.000
ALA01A0224_001 1.000 1.000 1.000 1.000 1.000
SER01A0225_001 0.197 0.197 0.196 0.195 0.195
SER01A0225_002 0.803 0.803 0.804 0.805 0.805
GLU01A0226_001 0.000 0.000 0.000 0.000 0.000
GLU01A0226_002 0.003 0.003 0.003 0.003 0.004
GLU02A0226_003 0.000 0.000 0.000 0.000 0.000
GLU02A0226_004 0.002 0.002 0.002 0.002 0.002
GLU-1A0226_005 0.995 0.995 0.995 0.995 0.994
ILE01A0227_001 1.000 1.000 1.000 1.000 1.000
SER01A0228_001 0.044 0.044 0.044 0.044 0.045
SER01A0228_002 0.183 0.183 0.184 0.184 0.185
SER01A0228_003 0.772 0.773 0.772 0.772 0.771
SER01A0229_001 1.000 1.000 1.000 1.000 1.000
ILE01A0230_001 1.000 1.000 1.000 1.000 1.000
LEU01A0231_001 1.000 1.000 1.000 1.000 1.000
GLU01A0232_001 0.000 0.000 0.000 0.000 0.000
GLU01A0232_002 0.004 0.004 0.004 0.004 0.004
GLU02A0232_003 0.000 0.000 0.000 0.000 0.000
GLU02A0232_004 0.013 0.013 0.013 0.013 0.013
GLU-1A0232_005 0.983 0.983 0.983 0.983 0.983
LYS01A0233_001 0.000 0.000 0.000 0.000 0.000
LYS+1A0233_002 1.000 1.000 1.000 1.000 1.000
GLU01A0235_001 0.000 0.000 0.000 0.000 0.000
GLU01A0235_002 0.000 0.000 0.000 0.002 0.000
GLU02A0235_003 0.000 0.000 0.000 0.000 0.000
GLU02A0235_004 0.000 0.000 0.000 0.000 0.000
GLU-1A0235_005 1.000 1.000 1.000 0.998 1.000
ARG01A0236_001 0.000 0.000 0.000 0.000 0.000
ARG02A0236_002 0.000 0.000 0.000 0.000 0.000
ARG03A0236_003 0.000 0.000 0.000 0.000 0.000
ARG+1A0236_004 1.000 1.000 1.000 1.000 1.000
LEU01A0237_001 1.000 1.000 1.000 1.000 1.000
PRO01A0238_001 1.000 1.000 1.000 1.000 1.000
GLN01A0239_001 0.965 0.966 0.965 0.965 0.966
GLN01A0239_002 0.035 0.034 0.035 0.035 0.034
PRO01A0240_001 1.000 1.000 1.000 1.000 1.000
PRO01A0241_001 1.000 1.000 1.000 1.000 1.000
ILE01A0242_001 1.000 1.000 1.000 1.000 1.000
CYS01A0243_001 0.384 0.385 0.385 0.384 0.383
CYS01A0243_002 0.515 0.514 0.515 0.516 0.515
CYS01A0243_003 0.100 0.101 0.100 0.100 0.101
CYS-1A0243_004 0.000 0.000 0.000 0.000 0.000
THR01A0244_001 0.863 0.864 0.864 0.864 0.865
THR01A0244_002 0.137 0.136 0.136 0.136 0.135
ILE01A0245_001 1.000 1.000 1.000 1.000 1.000
ASP01A0246_001 0.000 0.000 0.000 0.000 0.000
ASP01A0246_002 0.000 0.000 0.000 0.000 0.000
ASP02A0246_003 0.000 0.000 0.000 0.000 0.000
ASP02A0246_004 0.000 0.000 0.000 0.000 0.000
ASP-1A0246_005 1.000 1.000 1.000 1.000 1.000
VAL01A0247_001 1.000 1.000 1.000 1.000 1.000
TYR01A0248_001 0.002 0.002 0.002 0.002 0.002
TYR01A0248_002 0.998 0.998 0.998 0.998 0.998
TYR-1A0248_003 0.000 0.000 0.000 0.000 0.000
MET01A0249_001 1.000 1.000 1.000 1.000 1.000
ILE01A0250_001 1.000 1.000 1.000 1.000 1.000
MET01A0251_001 1.000 1.000 1.000 1.000 1.000
VAL01A0252_001 1.000 1.000 1.000 1.000 1.000
LYS01A0253_001 0.000 0.000 0.000 0.000 0.000
LYS+1A0253_002 1.000 1.000 1.000 1.000 1.000
CYS01A0254_001 0.247 0.248 0.247 0.248 0.247
CYS01A0254_002 0.452 0.451 0.452 0.451 0.451
CYS01A0254_003 0.300 0.301 0.300 0.301 0.302
CYS-1A0254_004 0.000 0.000 0.000 0.000 0.000
TRP01A0255_001 1.000 1.000 1.000 1.000 1.000
MET01A0256_001 1.000 1.000 1.000 1.000 1.000
ILE01A0257_001 1.000 1.000 1.000 1.000 1.000
ASP01A0258_001 0.000 0.000 0.000 0.000 0.000
ASP01A0258_002 0.000 0.000 0.000 0.000 0.000
ASP02A0258_003 0.000 0.000 0.000 0.000 0.000
ASP02A0258_004 0.000 0.000 0.000 0.000 0.000
ASP-1A0258_005 1.000 1.000 1.000 1.000 1.000
ALA01A0259_001 1.000 1.000 1.000 1.000 1.000
ASP01A0260_001 0.000 0.000 0.000 0.000 0.000
ASP01A0260_002 0.000 0.000 0.000 0.000 0.000
ASP02A0260_003 0.000 0.000 0.000 0.000 0.000
ASP02A0260_004 0.000 0.000 0.000 0.000 0.000
ASP-1A0260_005 1.000 1.000 1.000 1.000 1.000
SER01A0261_001 0.080 0.079 0.079 0.078 0.080
SER01A0261_002 0.720 0.721 0.723 0.724 0.720
SER01A0261_003 0.200 0.200 0.199 0.198 0.200
ARG01A0262_001 0.000 0.000 0.000 0.000 0.000
ARG02A0262_002 0.000 0.000 0.000 0.000 0.000
ARG02A0262_003 0.000 0.000 0.000 0.000 0.000
ARG03A0262_004 0.000 0.000 0.000 0.000 0.000
ARG03A0262_005 0.000 0.000 0.000 0.000 0.000
ARG+1A0262_006 1.000 1.000 1.000 1.000 1.000
PRO01A0263_001 1.000 1.000 1.000 1.000 1.000
LYS01A0264_001 0.000 0.001 0.000 0.001 0.000
LYS+1A0264_002 1.000 0.999 1.000 0.999 1.000
PHE01A0265_001 1.000 1.000 1.000 1.000 1.000
ARG01A0266_001 0.000 0.000 0.000 0.000 0.000
ARG02A0266_002 0.000 0.000 0.000 0.000 0.000
ARG03A0266_003 0.000 0.000 0.000 0.000 0.000
ARG+1A0266_004 1.000 1.000 1.000 1.000 1.000
GLU01A0267_001 0.000 0.000 0.000 0.000 0.000
GLU01A0267_002 0.000 0.000 0.000 0.000 0.000
GLU02A0267_003 0.000 0.000 0.000 0.000 0.000
GLU02A0267_004 0.000 0.000 0.000 0.000 0.000
GLU-1A0267_005 1.000 1.000 1.000 1.000 1.000
LEU01A0268_001 1.000 1.000 1.000 1.000 1.000
ILE01A0269_001 1.000 1.000 1.000 1.000 1.000
ILE01A0270_001 1.000 1.000 1.000 1.000 1.000
GLU01A0271_001 0.000 0.000 0.000 0.000 0.000
GLU01A0271_002 0.000 0.000 0.000 0.000 0.000
GLU02A0271_003 0.000 0.000 0.000 0.000 0.000
GLU02A0271_004 0.000 0.000 0.000 0.000 0.000
GLU-1A0271_005 1.000 1.000 1.000 1.000 1.000
PHE01A0272_001 1.000 1.000 1.000 1.000 1.000
SER01A0273_001 1.000 1.000 1.000 1.000 1.000
LYS01A0274_001 0.000 0.000 0.000 0.000 0.000
LYS+1A0274_002 1.000 1.000 1.000 1.000 1.000
MET01A0275_001 1.000 1.000 1.000 1.000 1.000
ALA01A0276_001 1.000 1.000 1.000 1.000 1.000
ARG01A0277_001 0.000 0.000 0.000 0.000 0.000
ARG02A0277_002 0.000 0.000 0.000 0.000 0.000
ARG03A0277_003 0.000 0.000 0.000 0.000 0.000
ARG+1A0277_004 1.000 1.000 1.000 1.000 1.000
ASP01A0278_001 0.000 0.000 0.000 0.000 0.000
ASP01A0278_002 0.003 0.003 0.003 0.003 0.003
ASP02A0278_003 0.000 0.000 0.000 0.000 0.000
ASP02A0278_004 0.000 0.000 0.000 0.000 0.000
ASP-1A0278_005 0.997 0.997 0.997 0.997 0.997
PRO01A0279_001 1.000 1.000 1.000 1.000 1.000
GLN01A0280_001 0.774 0.774 0.775 0.774 0.776
GLN01A0280_002 0.226 0.226 0.225 0.226 0.224
ARG01A0281_001 0.000 0.000 0.000 0.000 0.000
ARG02A0281_002 0.000 0.000 0.000 0.000 0.000
ARG02A0281_003 0.000 0.000 0.000 0.000 0.000
ARG03A0281_004 0.000 0.000 0.000 0.000 0.000
ARG+1A0281_005 1.000 1.000 1.000 1.000 1.000
TYR01A0282_001 0.414 0.415 0.414 0.415 0.414
TYR01A0282_002 0.586 0.585 0.586 0.585 0.586
TYR-1A0282_003 0.000 0.000 0.000 0.000 0.000
LEU01A0283_001 1.000 1.000 1.000 1.000 1.000
VAL01A0284_001 1.000 1.000 1.000 1.000 1.000
ILE01A0285_001 1.000 1.000 1.000 1.000 1.000
GLN01A0286_001 0.529 0.529 0.529 0.528 0.529
GLN01A0286_002 0.471 0.471 0.471 0.472 0.471
ASP01A0288_001 0.001 0.002 0.000 0.000 0.000
ASP01A0288_002 0.021 0.023 0.029 0.027 0.031
ASP02A0288_003 0.000 0.000 0.000 0.000 0.000
ASP02A0288_004 0.000 0.000 0.000 0.000 0.000
ASP-1A0288_005 0.977 0.975 0.971 0.973 0.969
GLU01A0289_001 0.000 0.000 0.000 0.000 0.000
GLU01A0289_002 0.000 0.000 0.000 0.000 0.000
GLU02A0289_003 0.000 0.000 0.000 0.000 0.000
GLU02A0289_004 0.000 0.000 0.000 0.000 0.000
GLU-1A0289_005 1.000 1.000 1.000 1.000 1.000
ARG01A0290_001 0.000 0.000 0.000 0.000 0.000
ARG02A0290_002 0.000 0.000 0.000 0.000 0.000
ARG03A0290_003 0.000 0.000 0.000 0.000 0.000
ARG+1A0290_004 1.000 1.000 1.000 1.000 1.000
MET01A0291_001 1.000 1.000 1.000 1.000 1.000
HIS01A0292_001 0.974 0.975 0.974 0.974 0.974
HIS02A0292_002 0.023 0.022 0.023 0.023 0.023
HIS+1A0292_003 0.003 0.003 0.003 0.003 0.003
LEU01A0293_001 1.000 1.000 1.000 1.000 1.000
PRO01A0294_001 1.000 1.000 1.000 1.000 1.000
SER01A0295_001 0.000 0.000 0.000 0.000 0.000
SER01A0295_002 0.017 0.017 0.017 0.017 0.016
SER01A0295_003 0.983 0.983 0.983 0.983 0.984
PRO01A0296_001 1.000 1.000 1.000 1.000 1.000
THR01A0297_001 0.182 0.183 0.183 0.182 0.184
THR01A0297_002 0.800 0.798 0.799 0.800 0.799
THR01A0297_003 0.018 0.018 0.018 0.018 0.018
ASP01A0298_001 0.000 0.000 0.000 0.000 0.000
ASP01A0298_002 0.000 0.000 0.000 0.000 0.000
ASP02A0298_003 0.000 0.000 0.000 0.000 0.000
ASP02A0298_004 0.013 0.014 0.013 0.013 0.013
ASP-1A0298_005 0.987 0.986 0.987 0.987 0.987
SER01A0299_001 0.011 0.011 0.011 0.011 0.011
SER01A0299_002 0.989 0.989 0.989 0.989 0.989
ASN01A0300_001 1.000 1.000 1.000 1.000 1.000
PHE01A0301_001 1.000 1.000 1.000 1.000 1.000
TYR01A0302_001 0.536 0.536 0.536 0.537 0.536
TYR01A0302_002 0.461 0.461 0.461 0.460 0.462
TYR-1A0302_003 0.003 0.003 0.003 0.003 0.003
ARG01A0303_001 0.000 0.000 0.000 0.000 0.000
ARG02A0303_002 0.000 0.000 0.000 0.000 0.000
ARG03A0303_003 0.000 0.000 0.000 0.000 0.000
ARG+1A0303_004 1.000 1.000 1.000 1.000 1.000
ALA01A0304_001 1.000 1.000 1.000 1.000 1.000
LEU01A0305_001 1.000 1.000 1.000 1.000 1.000
MET01A0306_001 1.000 1.000 1.000 1.000 1.000
ASP01A0307_001 0.000 0.000 0.000 0.000 0.000
ASP01A0307_002 0.004 0.005 0.004 0.005 0.004
ASP02A0307_003 0.000 0.000 0.000 0.000 0.000
ASP02A0307_004 0.000 0.000 0.000 0.000 0.000
ASP-1A0307_005 0.996 0.995 0.996 0.995 0.996
GLU01A0308_001 0.002 0.002 0.002 0.002 0.002
GLU01A0308_002 0.017 0.017 0.017 0.017 0.017
GLU02A0308_003 0.004 0.003 0.003 0.003 0.003
GLU02A0308_004 0.031 0.029 0.030 0.030 0.029
GLU-1A0308_005 0.946 0.948 0.947 0.948 0.948
GLU01A0309_001 0.004 0.004 0.004 0.004 0.004
GLU01A0309_002 0.120 0.120 0.120 0.120 0.121
GLU02A0309_003 0.000 0.000 0.000 0.000 0.000
GLU02A0309_004 0.000 0.000 0.000 0.000 0.000
GLU-1A0309_005 0.876 0.876 0.876 0.876 0.875
ASP01A0310_001 0.000 0.000 0.000 0.000 0.000
ASP01A0310_002 0.008 0.008 0.008 0.008 0.008
ASP02A0310_003 0.000 0.000 0.000 0.000 0.000
ASP02A0310_004 0.000 0.000 0.000 0.000 0.000
ASP-1A0310_005 0.992 0.992 0.992 0.992 0.992
MET01A0311_001 1.000 1.000 1.000 1.000 1.000
ASP01A0312_001 0.000 0.000 0.000 0.000 0.000
ASP01A0312_002 0.001 0.000 0.000 0.001 0.000
ASP02A0312_003 0.000 0.000 0.000 0.000 0.000
ASP02A0312_004 0.003 0.005 0.005 0.004 0.005
ASP-1A0312_005 0.996 0.995 0.995 0.996 0.995
ASP01A0313_001 0.000 0.000 0.000 0.000 0.000
ASP01A0313_002 0.003 0.000 0.003 0.000 0.003
ASP02A0313_003 0.000 0.000 0.000 0.000 0.000
ASP02A0313_004 0.000 0.000 0.000 0.000 0.000
ASP-1A0313_005 0.997 1.000 0.997 1.000 0.997
VAL01A0314_001 1.000 1.000 1.000 1.000 1.000
VAL01A0315_001 1.000 1.000 1.000 1.000 1.000
ASP01A0316_001 0.008 0.008 0.008 0.009 0.009
ASP01A0316_002 0.059 0.059 0.059 0.060 0.058
ASP02A0316_003 0.000 0.000 0.000 0.000 0.000
ASP02A0316_004 0.154 0.155 0.156 0.155 0.156
ASP-1A0316_005 0.779 0.778 0.777 0.777 0.777
ALA01A0317_001 1.000 1.000 1.000 1.000 1.000
ASP01A0318_001 0.000 0.000 0.000 0.000 0.000
ASP01A0318_002 0.000 0.000 0.000 0.000 0.000
ASP02A0318_003 0.000 0.000 0.000 0.000 0.000
ASP02A0318_004 0.000 0.000 0.000 0.000 0.000
ASP-1A0318_005 1.000 1.000 1.000 1.000 1.000
GLU01A0319_001 0.000 0.000 0.000 0.000 0.000
GLU01A0319_002 0.013 0.012 0.013 0.013 0.012
GLU02A0319_003 0.000 0.000 0.000 0.000 0.000
GLU02A0319_004 0.007 0.007 0.007 0.007 0.007
GLU-1A0319_005 0.980 0.981 0.981 0.981 0.981
TYR01A0320_001 0.000 0.000 0.000 0.000 0.000
TYR01A0320_002 1.000 1.000 1.000 1.000 1.000
TYR-1A0320_003 0.000 0.000 0.000 0.000 0.000
LEU01A0321_001 1.000 1.000 1.000 1.000 1.000
ILE01A0322_001 1.000 1.000 1.000 1.000 1.000
PRO01A0323_001 1.000 1.000 1.000 1.000 1.000
IRE01B0001_001 0.235 0.234 0.233 0.234 0.237
IRE+1B0001_002 0.765 0.766 0.767 0.766 0.763
IRE+2B0001_003 0.000 0.000 0.000 0.000 0.000
IRE+2B0001_004 0.000 0.000 0.000 0.000 0.000
IRE+3B0001_005 0.000 0.000 0.000 0.000 0.000
IRE+3B0001_006 0.000 0.000 0.000 0.000 0.000
IRE+aB0001_007 0.000 0.000 0.000 0.000 0.000
IREDMB0001_008 0.000 0.000 0.000 0.000 0.000
