 ph              7.4   7.4   7.4   7.4   7.4
1N1+1B0001_001 0.128 0.129 0.128 0.127 0.129
1N1+1B0001_002 0.095 0.093 0.095 0.094 0.094
1N1+2B0001_003 0.045 0.045 0.045 0.045 0.045
1N101B0001_004 0.023 0.023 0.023 0.023 0.023
1N1+3B0001_005 0.006 0.006 0.006 0.006 0.006
1N1+3B0001_006 0.006 0.006 0.006 0.006 0.006
1N1+3B0001_007 0.007 0.006 0.007 0.007 0.006
1N1+3B0001_008 0.002 0.002 0.002 0.002 0.002
1N1+3B0001_009 0.000 0.000 0.000 0.000 0.000
1N1+3B0001_010 0.007 0.007 0.007 0.007 0.007
1N1+3B0001_011 0.003 0.003 0.003 0.003 0.003
1N1+3B0001_012 0.000 0.000 0.000 0.000 0.000
1N1+3B0001_013 0.002 0.002 0.002 0.002 0.002
1N1+3B0001_014 0.000 0.000 0.000 0.000 0.000
1N1+3B0001_015 0.003 0.003 0.003 0.003 0.003
1N1+3B0001_016 0.000 0.000 0.000 0.000 0.000
1N102B0001_017 0.003 0.003 0.003 0.003 0.003
1N1+4B0001_018 0.000 0.000 0.000 0.000 0.000
1N103B0001_019 0.000 0.000 0.000 0.000 0.000
1N103B0001_020 0.000 0.000 0.000 0.000 0.000
1N103B0001_021 0.000 0.000 0.000 0.000 0.000
1N104B0001_022 0.000 0.000 0.000 0.000 0.000
1N104B0001_023 0.000 0.000 0.000 0.000 0.000
1N104B0001_024 0.000 0.000 0.000 0.000 0.000
1N105B0001_025 0.000 0.000 0.000 0.000 0.000
1N105B0001_026 0.000 0.000 0.000 0.000 0.000
1N105B0001_027 0.000 0.000 0.000 0.000 0.000
1N106B0001_028 0.224 0.225 0.223 0.223 0.223
1N106B0001_029 0.223 0.221 0.224 0.225 0.225
1N106B0001_030 0.223 0.225 0.223 0.224 0.223
1N1DMB0001_031 0.000 0.000 0.000 0.000 0.000
