 ph              7.4   7.4   7.4   7.4   7.4
MET01A0001_001 1.000 1.000 1.000 1.000 1.000
SER01A0003_001 1.000 1.000 1.000 1.000 1.000
ALA01A0004_001 1.000 1.000 1.000 1.000 1.000
LEU01A0006_001 1.000 1.000 1.000 1.000 1.000
VAL01A0007_001 1.000 1.000 1.000 1.000 1.000
SER01A0008_001 1.000 1.000 1.000 1.000 1.000
LEU01A0009_001 1.000 1.000 1.000 1.000 1.000
ASP01A0010_001 0.000 0.000 0.000 0.000 0.000
ASP01A0010_002 0.000 0.000 0.001 0.000 0.000
ASP02A0010_003 0.000 0.000 0.000 0.000 0.000
ASP02A0010_004 0.000 0.000 0.001 0.000 0.002
ASP-1A0010_005 1.000 1.000 0.998 1.000 0.998
LEU01A0011_001 1.000 1.000 1.000 1.000 1.000
PRO01A0012_001 1.000 1.000 1.000 1.000 1.000
LEU01A0013_001 1.000 1.000 1.000 1.000 1.000
ASP01A0014_001 0.000 0.000 0.000 0.000 0.000
ASP01A0014_002 0.000 0.000 0.000 0.000 0.000
ASP02A0014_003 0.000 0.000 0.000 0.000 0.000
ASP02A0014_004 0.000 0.000 0.000 0.000 0.000
ASP-1A0014_005 1.000 1.000 1.000 1.000 1.000
PRO01A0015_001 1.000 1.000 1.000 1.000 1.000
LEU01A0016_001 1.000 1.000 1.000 1.000 1.000
TRP01A0017_001 1.000 1.000 1.000 1.000 1.000
GLU01A0018_001 0.000 0.000 0.000 0.000 0.000
GLU01A0018_002 0.000 0.000 0.002 0.000 0.002
GLU02A0018_003 0.000 0.000 0.000 0.000 0.000
GLU02A0018_004 0.000 0.000 0.000 0.000 0.000
GLU-1A0018_005 1.000 1.000 0.998 1.000 0.998
PHE01A0019_001 1.000 1.000 1.000 1.000 1.000
PRO01A0020_001 1.000 1.000 1.000 1.000 1.000
ARG01A0021_001 0.000 0.000 0.000 0.000 0.000
ARG02A0021_002 0.000 0.000 0.000 0.000 0.000
ARG02A0021_003 0.000 0.000 0.000 0.000 0.000
ARG03A0021_004 0.000 0.000 0.000 0.000 0.000
ARG+1A0021_005 1.000 1.000 1.000 1.000 1.000
ASP01A0022_001 0.000 0.000 0.000 0.000 0.000
ASP01A0022_002 0.000 0.000 0.000 0.000 0.000
ASP02A0022_003 0.000 0.000 0.000 0.000 0.000
ASP02A0022_004 0.000 0.000 0.000 0.000 0.000
ASP-1A0022_005 1.000 1.000 1.000 1.000 1.000
ARG01A0023_001 0.000 0.000 0.000 0.000 0.000
ARG02A0023_002 0.000 0.000 0.000 0.000 0.000
ARG03A0023_003 0.000 0.000 0.000 0.000 0.000
ARG+1A0023_004 1.000 1.000 1.000 1.000 1.000
LEU01A0024_001 1.000 1.000 1.000 1.000 1.000
VAL01A0025_001 1.000 1.000 1.000 1.000 1.000
LEU01A0026_001 1.000 1.000 1.000 1.000 1.000
LYS01A0028_001 0.000 0.000 0.000 0.000 0.000
LYS+1A0028_002 1.000 1.000 1.000 1.000 1.000
PRO01A0029_001 1.000 1.000 1.000 1.000 1.000
LEU01A0030_001 1.000 1.000 1.000 1.000 1.000
GLU01A0032_001 0.000 0.000 0.000 0.000 0.000
GLU01A0032_002 0.000 0.000 0.000 0.000 0.000
GLU02A0032_003 0.000 0.000 0.000 0.000 0.000
GLU02A0032_004 0.000 0.000 0.000 0.000 0.000
GLU-1A0032_005 1.000 1.000 1.000 1.000 1.000
CYS01A0034_001 0.354 0.358 0.365 0.358 0.358
CYS01A0034_002 0.307 0.305 0.300 0.307 0.303
CYS01A0034_003 0.259 0.255 0.254 0.254 0.259
CYS-1A0034_004 0.081 0.081 0.081 0.081 0.080
PHE01A0035_001 1.000 1.000 1.000 1.000 1.000
GLN01A0037_001 0.237 0.238 0.233 0.233 0.231
GLN01A0037_002 0.763 0.762 0.767 0.767 0.769
VAL01A0038_001 1.000 1.000 1.000 1.000 1.000
VAL01A0039_001 1.000 1.000 1.000 1.000 1.000
ARG01A0040_001 0.000 0.000 0.000 0.000 0.000
ARG02A0040_002 0.000 0.000 0.000 0.000 0.000
ARG03A0040_003 0.000 0.000 0.000 0.000 0.000
ARG+1A0040_004 1.000 1.000 1.000 1.000 1.000
ALA01A0041_001 1.000 1.000 1.000 1.000 1.000
GLU01A0042_001 0.000 0.000 0.000 0.000 0.000
GLU01A0042_002 0.000 0.000 0.000 0.000 0.000
GLU02A0042_003 0.000 0.000 0.000 0.000 0.000
GLU02A0042_004 0.003 0.002 0.003 0.003 0.000
GLU-1A0042_005 0.997 0.998 0.997 0.997 1.000
ALA01A0043_001 1.000 1.000 1.000 1.000 1.000
PHE01A0044_001 1.000 1.000 1.000 1.000 1.000
MET01A0046_001 1.000 1.000 1.000 1.000 1.000
ASP01A0047_001 0.000 0.000 0.000 0.000 0.000
ASP01A0047_002 0.000 0.000 0.000 0.000 0.000
ASP02A0047_003 0.000 0.000 0.000 0.000 0.000
ASP02A0047_004 0.000 0.000 0.000 0.000 0.000
ASP-1A0047_005 1.000 1.000 1.000 1.000 1.000
PRO01A0048_001 1.000 1.000 1.000 1.000 1.000
ALA01A0049_001 1.000 1.000 1.000 1.000 1.000
ARG01A0050_001 0.000 0.000 0.000 0.000 0.000
ARG02A0050_002 0.000 0.000 0.000 0.000 0.000
ARG03A0050_003 0.000 0.000 0.000 0.000 0.000
ARG+1A0050_004 1.000 1.000 1.000 1.000 1.000
PRO01A0051_001 1.000 1.000 1.000 1.000 1.000
ASP01A0052_001 0.000 0.000 0.000 0.000 0.000
ASP01A0052_002 0.000 0.000 0.000 0.000 0.000
ASP02A0052_003 0.000 0.000 0.000 0.000 0.000
ASP02A0052_004 0.000 0.000 0.000 0.000 0.000
ASP-1A0052_005 1.000 1.000 1.000 1.000 1.000
GLN01A0053_001 0.571 0.572 0.571 0.568 0.571
GLN01A0053_002 0.429 0.428 0.429 0.432 0.429
ALA01A0054_001 1.000 1.000 1.000 1.000 1.000
SER01A0055_001 0.051 0.052 0.051 0.053 0.053
SER01A0055_002 0.949 0.948 0.949 0.947 0.947
THR01A0056_001 1.000 1.000 1.000 1.000 1.000
VAL01A0057_001 1.000 1.000 1.000 1.000 1.000
ALA01A0058_001 1.000 1.000 1.000 1.000 1.000
VAL01A0059_001 1.000 1.000 1.000 1.000 1.000
LYS01A0060_001 0.000 0.000 0.000 0.000 0.000
LYS+1A0060_002 1.000 1.000 1.000 1.000 1.000
MET01A0061_001 1.000 1.000 1.000 1.000 1.000
LEU01A0062_001 1.000 1.000 1.000 1.000 1.000
LYS01A0063_001 0.991 0.989 0.990 0.991 0.990
LYS+1A0063_002 0.009 0.011 0.010 0.009 0.010
ASP01A0064_001 0.000 0.000 0.000 0.000 0.000
ASP01A0064_002 0.000 0.000 0.000 0.000 0.000
ASP02A0064_003 0.000 0.000 0.000 0.000 0.000
ASP02A0064_004 0.000 0.000 0.000 0.000 0.000
ASP-1A0064_005 1.000 1.000 1.000 1.000 1.000
ASN01A0065_001 1.000 1.000 1.000 1.000 1.000
ALA01A0066_001 1.000 1.000 1.000 1.000 1.000
SER01A0067_001 0.025 0.024 0.024 0.022 0.023
SER01A0067_002 0.975 0.976 0.976 0.978 0.977
ASP01A0068_001 0.000 0.000 0.000 0.000 0.000
ASP01A0068_002 0.000 0.000 0.000 0.000 0.000
ASP02A0068_003 0.000 0.000 0.000 0.000 0.000
ASP02A0068_004 0.000 0.000 0.000 0.000 0.000
ASP-1A0068_005 1.000 1.000 0.999 1.000 1.000
LYS01A0069_001 0.000 0.000 0.000 0.000 0.000
LYS+1A0069_002 1.000 1.000 1.000 1.000 1.000
ASP01A0070_001 0.000 0.000 0.000 0.000 0.000
ASP01A0070_002 0.000 0.000 0.000 0.000 0.000
ASP02A0070_003 0.000 0.000 0.000 0.000 0.000
ASP02A0070_004 0.000 0.000 0.000 0.000 0.000
ASP-1A0070_005 1.000 1.000 1.000 1.000 1.000
LEU01A0071_001 1.000 1.000 1.000 1.000 1.000
ALA01A0072_001 1.000 1.000 1.000 1.000 1.000
ASP01A0073_001 0.000 0.000 0.000 0.000 0.000
ASP01A0073_002 0.002 0.002 0.001 0.000 0.000
ASP02A0073_003 0.000 0.000 0.000 0.000 0.000
ASP02A0073_004 0.001 0.002 0.002 0.000 0.000
ASP-1A0073_005 0.997 0.996 0.997 1.000 1.000
LEU01A0074_001 1.000 1.000 1.000 1.000 1.000
VAL01A0075_001 1.000 1.000 1.000 1.000 1.000
SER01A0076_001 1.000 1.000 1.000 1.000 1.000
GLU01A0077_001 0.000 0.000 0.000 0.000 0.000
GLU01A0077_002 0.000 0.000 0.000 0.000 0.000
GLU02A0077_003 0.000 0.000 0.000 0.000 0.000
GLU02A0077_004 0.000 0.000 0.000 0.000 0.000
GLU-1A0077_005 1.000 1.000 1.000 1.000 1.000
MET01A0078_001 1.000 1.000 1.000 1.000 1.000
GLU01A0079_001 0.000 0.000 0.000 0.000 0.000
GLU01A0079_002 0.001 0.000 0.001 0.000 0.001
GLU02A0079_003 0.000 0.000 0.000 0.000 0.000
GLU02A0079_004 0.001 0.000 0.001 0.000 0.001
GLU-1A0079_005 0.999 1.000 0.998 1.000 0.998
VAL01A0080_001 1.000 1.000 1.000 1.000 1.000
MET01A0081_001 1.000 1.000 1.000 1.000 1.000
LYS01A0082_001 0.000 0.000 0.000 0.000 0.000
LYS+1A0082_002 1.000 1.000 1.000 1.000 1.000
LEU01A0083_001 1.000 1.000 1.000 1.000 1.000
ILE01A0084_001 1.000 1.000 1.000 1.000 1.000
ARG01A0086_001 0.000 0.000 0.000 0.000 0.000
ARG02A0086_002 0.000 0.000 0.000 0.000 0.000
ARG03A0086_003 0.000 0.000 0.000 0.000 0.000
ARG+1A0086_004 1.000 1.000 1.000 1.000 1.000
HIS01A0087_001 0.994 1.000 0.994 0.992 0.988
HIS01A0087_002 0.000 0.000 0.000 0.000 0.002
HIS02A0087_003 0.000 0.000 0.000 0.002 0.002
HIS02A0087_004 0.006 0.000 0.006 0.006 0.009
HIS+1A0087_005 0.000 0.000 0.000 0.000 0.000
HIS+1A0087_006 0.000 0.000 0.000 0.000 0.000
LYS01A0088_001 0.002 0.003 0.002 0.000 0.002
LYS+1A0088_002 0.998 0.997 0.998 1.000 0.998
ASN01A0089_001 0.993 0.993 0.994 0.992 0.993
ASN01A0089_002 0.007 0.007 0.006 0.008 0.007
ILE01A0090_001 1.000 1.000 1.000 1.000 1.000
ILE01A0091_001 1.000 1.000 1.000 1.000 1.000
ASN01A0092_001 0.690 0.687 0.684 0.688 0.687
ASN01A0092_002 0.310 0.313 0.316 0.312 0.313
LEU01A0093_001 1.000 1.000 1.000 1.000 1.000
LEU01A0094_001 1.000 1.000 1.000 1.000 1.000
VAL01A0096_001 1.000 1.000 1.000 1.000 1.000
CYS01A0097_001 0.817 0.825 0.817 0.818 0.820
CYS01A0097_002 0.076 0.071 0.076 0.074 0.073
CYS01A0097_003 0.107 0.104 0.107 0.107 0.106
CYS-1A0097_004 0.000 0.000 0.000 0.000 0.000
THR01A0098_001 0.209 0.217 0.219 0.208 0.210
THR01A0098_002 0.011 0.011 0.011 0.009 0.010
THR01A0098_003 0.780 0.772 0.770 0.783 0.780
GLN01A0099_001 0.764 0.761 0.758 0.762 0.757
GLN01A0099_002 0.236 0.239 0.242 0.238 0.243
GLU01A0100_001 0.000 0.000 0.000 0.000 0.000
GLU01A0100_002 0.000 0.000 0.000 0.000 0.000
GLU02A0100_003 0.000 0.000 0.000 0.000 0.000
GLU02A0100_004 0.000 0.000 0.000 0.000 0.000
GLU-1A0100_005 1.000 1.000 1.000 1.000 1.000
PRO01A0102_001 1.000 1.000 1.000 1.000 1.000
LEU01A0103_001 1.000 1.000 1.000 1.000 1.000
TYR01A0104_001 1.000 1.000 1.000 1.000 1.000
TYR-1A0104_002 0.000 0.000 0.000 0.000 0.000
VAL01A0105_001 1.000 1.000 1.000 1.000 1.000
ILE01A0106_001 1.000 1.000 1.000 1.000 1.000
VAL01A0107_001 1.000 1.000 1.000 1.000 1.000
GLU01A0108_001 0.000 0.000 0.000 0.000 0.000
GLU01A0108_002 0.000 0.000 0.000 0.000 0.000
GLU02A0108_003 0.000 0.000 0.000 0.000 0.000
GLU02A0108_004 0.000 0.000 0.000 0.000 0.000
GLU-1A0108_005 1.000 1.000 1.000 1.000 1.000
CYS01A0109_001 0.411 0.409 0.410 0.407 0.413
CYS01A0109_002 0.201 0.203 0.200 0.205 0.202
CYS01A0109_003 0.387 0.388 0.390 0.388 0.384
CYS-1A0109_004 0.000 0.000 0.000 0.000 0.000
ALA01A0110_001 1.000 1.000 1.000 1.000 1.000
ALA01A0111_001 1.000 1.000 1.000 1.000 1.000
LYS01A0112_001 0.041 0.039 0.040 0.041 0.040
LYS+1A0112_002 0.959 0.961 0.960 0.959 0.960
ASN01A0114_001 1.000 1.000 1.000 1.000 1.000
ASN01A0114_002 0.000 0.000 0.000 0.000 0.000
LEU01A0115_001 1.000 1.000 1.000 1.000 1.000
ARG01A0116_001 0.000 0.000 0.000 0.000 0.000
ARG02A0116_002 0.000 0.000 0.000 0.000 0.000
ARG03A0116_003 0.000 0.000 0.000 0.000 0.000
ARG+1A0116_004 1.000 1.000 1.000 1.000 1.000
GLU01A0117_001 0.000 0.000 0.000 0.000 0.000
GLU01A0117_002 0.000 0.000 0.000 0.000 0.000
GLU02A0117_003 0.000 0.000 0.000 0.000 0.000
GLU02A0117_004 0.000 0.001 0.000 0.001 0.000
GLU-1A0117_005 1.000 0.999 1.000 0.999 1.000
PHE01A0118_001 1.000 1.000 1.000 1.000 1.000
LEU01A0119_001 1.000 1.000 1.000 1.000 1.000
ARG01A0120_001 0.000 0.000 0.000 0.000 0.000
ARG02A0120_002 0.000 0.000 0.000 0.000 0.000
ARG03A0120_003 0.000 0.000 0.000 0.000 0.000
ARG+1A0120_004 1.000 1.000 1.000 1.000 1.000
ALA01A0121_001 1.000 1.000 1.000 1.000 1.000
ARG01A0122_001 0.000 0.000 0.000 0.000 0.000
ARG02A0122_002 0.000 0.000 0.000 0.000 0.000
ARG03A0122_003 0.000 0.000 0.000 0.000 0.000
ARG+1A0122_004 1.000 1.000 1.000 1.000 1.000
ARG01A0123_001 0.000 0.000 0.000 0.000 0.000
ARG02A0123_002 0.000 0.000 0.000 0.000 0.000
ARG03A0123_003 0.000 0.000 0.000 0.000 0.000
ARG+1A0123_004 1.000 1.000 1.000 1.000 1.000
PRO01A0124_001 1.000 1.000 1.000 1.000 1.000
PRO01A0125_001 1.000 1.000 1.000 1.000 1.000
PRO01A0127_001 1.000 1.000 1.000 1.000 1.000
ASP01A0128_001 0.000 0.000 0.000 0.000 0.000
ASP01A0128_002 0.000 0.000 0.006 0.000 0.004
ASP02A0128_003 0.000 0.000 0.000 0.000 0.000
ASP02A0128_004 0.000 0.000 0.000 0.000 0.000
ASP-1A0128_005 1.000 1.000 0.994 1.000 0.996
LEU01A0129_001 1.000 1.000 1.000 1.000 1.000
SER01A0130_001 1.000 1.000 1.000 1.000 1.000
PRO01A0131_001 1.000 1.000 1.000 1.000 1.000
ASP01A0132_001 0.000 0.000 0.000 0.000 0.000
ASP01A0132_002 0.000 0.000 0.000 0.000 0.000
ASP02A0132_003 0.000 0.000 0.000 0.000 0.000
ASP02A0132_004 0.000 0.000 0.000 0.000 0.000
ASP-1A0132_005 1.000 1.000 1.000 1.000 1.000
PRO01A0134_001 1.000 1.000 1.000 1.000 1.000
ARG01A0135_001 0.000 0.000 0.000 0.000 0.000
ARG02A0135_002 0.000 0.000 0.000 0.000 0.000
ARG03A0135_003 0.000 0.000 0.000 0.000 0.000
ARG03A0135_004 0.000 0.000 0.000 0.000 0.000
ARG+1A0135_005 1.000 1.000 1.000 1.000 1.000
SER01A0136_001 0.000 0.000 0.000 0.000 0.000
SER01A0136_002 0.000 0.000 0.000 0.000 0.000
SER01A0136_003 1.000 1.000 1.000 1.000 1.000
SER01A0137_001 1.000 1.000 1.000 1.000 1.000
GLU01A0138_001 0.000 0.000 0.000 0.000 0.000
GLU01A0138_002 0.000 0.000 0.002 0.000 0.000
GLU02A0138_003 0.000 0.000 0.000 0.000 0.000
GLU02A0138_004 0.000 0.000 0.000 0.000 0.000
GLU-1A0138_005 1.000 1.000 0.998 1.000 1.000
PRO01A0140_001 1.000 1.000 1.000 1.000 1.000
LEU01A0141_001 1.000 1.000 1.000 1.000 1.000
SER01A0142_001 1.000 1.000 1.000 1.000 1.000
PHE01A0143_001 1.000 1.000 1.000 1.000 1.000
PRO01A0144_001 1.000 1.000 1.000 1.000 1.000
VAL01A0145_001 1.000 1.000 1.000 1.000 1.000
LEU01A0146_001 1.000 1.000 1.000 1.000 1.000
VAL01A0147_001 1.000 1.000 1.000 1.000 1.000
SER01A0148_001 0.214 0.213 0.212 0.211 0.210
SER01A0148_002 0.786 0.787 0.788 0.789 0.790
CYS01A0149_001 0.192 0.203 0.191 0.198 0.200
CYS01A0149_002 0.656 0.646 0.657 0.649 0.650
CYS01A0149_003 0.152 0.152 0.152 0.154 0.149
CYS-1A0149_004 0.000 0.000 0.000 0.000 0.000
ALA01A0150_001 1.000 1.000 1.000 1.000 1.000
TYR01A0151_001 1.000 1.000 1.000 1.000 1.000
TYR-1A0151_002 0.000 0.000 0.000 0.000 0.000
GLN01A0152_001 1.000 1.000 1.000 1.000 1.000
GLN01A0152_002 0.000 0.000 0.000 0.000 0.000
VAL01A0153_001 1.000 1.000 1.000 1.000 1.000
ALA01A0154_001 1.000 1.000 1.000 1.000 1.000
ARG01A0155_001 0.000 0.000 0.000 0.000 0.000
ARG02A0155_002 0.000 0.000 0.000 0.000 0.000
ARG02A0155_003 0.000 0.000 0.000 0.000 0.000
ARG03A0155_004 0.000 0.000 0.000 0.000 0.000
ARG+1A0155_005 1.000 1.000 1.000 1.000 1.000
MET01A0157_001 1.000 1.000 1.000 1.000 1.000
GLN01A0158_001 0.815 0.817 0.811 0.809 0.811
GLN01A0158_002 0.185 0.183 0.189 0.191 0.189
TYR01A0159_001 1.000 1.000 1.000 1.000 1.000
TYR-1A0159_002 0.000 0.000 0.000 0.000 0.000
LEU01A0160_001 1.000 1.000 1.000 1.000 1.000
GLU01A0161_001 0.000 0.000 0.000 0.000 0.000
GLU01A0161_002 0.000 0.000 0.000 0.000 0.000
GLU02A0161_003 0.000 0.000 0.000 0.000 0.000
GLU02A0161_004 0.000 0.000 0.000 0.004 0.000
GLU-1A0161_005 1.000 1.000 1.000 0.996 1.000
SER01A0162_001 0.651 0.652 0.656 0.655 0.655
SER01A0162_002 0.349 0.348 0.344 0.345 0.345
ARG01A0163_001 0.000 0.000 0.000 0.000 0.000
ARG02A0163_002 0.000 0.000 0.000 0.000 0.000
ARG02A0163_003 0.000 0.000 0.000 0.000 0.000
ARG03A0163_004 0.000 0.000 0.000 0.000 0.000
ARG+1A0163_005 1.000 1.000 1.000 1.000 1.000
LYS01A0164_001 0.001 0.000 0.000 0.000 0.000
LYS+1A0164_002 0.999 1.000 1.000 1.000 1.000
CYS01A0165_001 0.230 0.227 0.231 0.223 0.226
CYS01A0165_002 0.427 0.431 0.433 0.436 0.437
CYS01A0165_003 0.342 0.342 0.336 0.340 0.337
CYS-1A0165_004 0.000 0.000 0.000 0.000 0.000
ILE01A0166_001 1.000 1.000 1.000 1.000 1.000
HIS01A0167_001 1.000 1.000 1.000 1.000 1.000
HIS02A0167_002 0.000 0.000 0.000 0.000 0.000
HIS+1A0167_003 0.000 0.000 0.000 0.000 0.000
ARG01A0168_001 0.000 0.000 0.000 0.000 0.000
ARG02A0168_002 0.000 0.000 0.000 0.000 0.000
ARG03A0168_003 0.000 0.000 0.000 0.000 0.000
ARG+1A0168_004 1.000 1.000 1.000 1.000 1.000
ASP01A0169_001 0.003 0.002 0.003 0.003 0.002
ASP01A0169_002 0.082 0.086 0.082 0.086 0.070
ASP02A0169_003 0.020 0.020 0.019 0.022 0.017
ASP02A0169_004 0.081 0.081 0.080 0.088 0.065
ASP-1A0169_005 0.815 0.812 0.816 0.802 0.847
LEU01A0170_001 1.000 1.000 1.000 1.000 1.000
ALA01A0171_001 1.000 1.000 1.000 1.000 1.000
ALA01A0172_001 1.000 1.000 1.000 1.000 1.000
ARG01A0173_001 0.000 0.000 0.000 0.000 0.000
ARG02A0173_002 0.000 0.000 0.000 0.000 0.000
ARG03A0173_003 0.000 0.000 0.000 0.000 0.000
ARG03A0173_004 0.000 0.000 0.000 0.000 0.000
ARG+1A0173_005 1.000 1.000 1.000 1.000 1.000
ASN01A0174_001 1.000 1.000 1.000 1.000 1.000
ASN01A0174_002 0.000 0.000 0.000 0.000 0.000
VAL01A0175_001 1.000 1.000 1.000 1.000 1.000
LEU01A0176_001 1.000 1.000 1.000 1.000 1.000
VAL01A0177_001 1.000 1.000 1.000 1.000 1.000
THR01A0178_001 1.000 1.000 1.000 1.000 1.000
GLU01A0179_001 0.000 0.000 0.000 0.000 0.000
GLU01A0179_002 0.000 0.000 0.000 0.000 0.000
GLU02A0179_003 0.000 0.000 0.000 0.000 0.000
GLU02A0179_004 0.000 0.000 0.000 0.000 0.000
GLU-1A0179_005 1.000 1.000 1.000 1.000 1.000
ASP01A0180_001 0.000 0.000 0.000 0.000 0.000
ASP01A0180_002 0.000 0.000 0.000 0.001 0.000
ASP02A0180_003 0.000 0.000 0.000 0.000 0.000
ASP02A0180_004 0.000 0.000 0.000 0.000 0.000
ASP-1A0180_005 1.000 1.000 1.000 0.999 1.000
ASN01A0181_001 1.000 1.000 1.000 1.000 1.000
VAL01A0182_001 1.000 1.000 1.000 1.000 1.000
MET01A0183_001 1.000 1.000 1.000 1.000 1.000
LYS01A0184_001 0.000 0.000 0.000 0.000 0.000
LYS+1A0184_002 1.000 1.000 1.000 1.000 1.000
ILE01A0185_001 1.000 1.000 1.000 1.000 1.000
ALA01A0186_001 1.000 1.000 1.000 1.000 1.000
ASP01A0187_001 0.000 0.000 0.000 0.000 0.000
ASP01A0187_002 0.008 0.006 0.006 0.000 0.000
ASP02A0187_003 0.000 0.000 0.000 0.000 0.000
ASP02A0187_004 0.000 0.001 0.001 0.000 0.000
ASP-1A0187_005 0.992 0.993 0.993 1.000 1.000
PHE01A0188_001 1.000 1.000 1.000 1.000 1.000
LEU01A0190_001 1.000 1.000 1.000 1.000 1.000
ALA01A0191_001 1.000 1.000 1.000 1.000 1.000
ARG01A0192_001 0.000 0.000 0.000 0.000 0.000
ARG02A0192_002 0.000 0.000 0.000 0.000 0.000
ARG02A0192_003 0.000 0.000 0.000 0.000 0.000
ARG03A0192_004 0.000 0.000 0.000 0.000 0.000
ARG+1A0192_005 1.000 1.000 1.000 1.000 1.000
VAL01A0194_001 1.000 1.000 1.000 1.000 1.000
HIS01A0195_001 0.111 0.112 0.111 0.110 0.111
HIS02A0195_002 0.888 0.887 0.887 0.890 0.889
HIS+1A0195_003 0.001 0.001 0.002 0.000 0.000
HIS01A0196_001 0.061 0.061 0.060 0.058 0.061
HIS01A0196_002 0.150 0.147 0.146 0.149 0.147
HIS02A0196_003 0.046 0.048 0.045 0.049 0.045
HIS02A0196_004 0.329 0.335 0.327 0.332 0.342
HIS+1A0196_005 0.087 0.085 0.082 0.082 0.080
HIS+1A0196_006 0.326 0.325 0.339 0.331 0.325
ILE01A0197_001 1.000 1.000 1.000 1.000 1.000
ASP01A0198_001 0.000 0.000 0.000 0.000 0.000
ASP01A0198_002 0.000 0.000 0.000 0.000 0.001
ASP02A0198_003 0.000 0.000 0.000 0.000 0.000
ASP02A0198_004 0.000 0.000 0.000 0.000 0.000
ASP-1A0198_005 1.000 1.000 1.000 1.000 0.999
TYR01A0199_001 0.996 0.995 0.995 1.000 0.995
TYR-1A0199_002 0.004 0.005 0.005 0.000 0.005
TYR01A0200_001 0.969 0.967 0.968 0.969 0.969
TYR-1A0200_002 0.031 0.033 0.032 0.031 0.031
LYS01A0201_001 0.000 0.002 0.001 0.002 0.000
LYS+1A0201_002 1.000 0.998 0.999 0.998 1.000
LYS01A0202_001 0.010 0.009 0.009 0.009 0.009
LYS+1A0202_002 0.990 0.991 0.991 0.991 0.991
THR01A0203_001 1.000 1.000 1.000 1.000 1.000
THR01A0203_002 0.000 0.000 0.000 0.000 0.000
SER01A0204_001 0.238 0.235 0.236 0.239 0.237
SER01A0204_002 0.762 0.765 0.764 0.761 0.763
ASN01A0205_001 1.000 1.000 1.000 1.000 1.000
ARG01A0207_001 0.000 0.000 0.000 0.000 0.000
ARG02A0207_002 0.000 0.000 0.000 0.000 0.000
ARG03A0207_003 0.000 0.000 0.000 0.000 0.000
ARG+1A0207_004 1.000 1.000 1.000 1.000 1.000
LEU01A0208_001 1.000 1.000 1.000 1.000 1.000
PRO01A0209_001 1.000 1.000 1.000 1.000 1.000
VAL01A0210_001 1.000 1.000 1.000 1.000 1.000
LYS01A0211_001 0.002 0.002 0.002 0.000 0.002
LYS+1A0211_002 0.998 0.998 0.998 1.000 0.998
TRP01A0212_001 1.000 1.000 1.000 1.000 1.000
MET01A0213_001 1.000 1.000 1.000 1.000 1.000
ALA01A0214_001 1.000 1.000 1.000 1.000 1.000
PRO01A0215_001 1.000 1.000 1.000 1.000 1.000
GLU01A0216_001 0.000 0.000 0.000 0.000 0.000
GLU01A0216_002 0.000 0.000 0.000 0.000 0.000
GLU02A0216_003 0.000 0.000 0.000 0.000 0.000
GLU02A0216_004 0.000 0.000 0.000 0.000 0.000
GLU-1A0216_005 1.000 1.000 1.000 1.000 1.000
ALA01A0217_001 1.000 1.000 1.000 1.000 1.000
LEU01A0218_001 1.000 1.000 1.000 1.000 1.000
PHE01A0219_001 1.000 1.000 1.000 1.000 1.000
ASP01A0220_001 0.000 0.000 0.000 0.000 0.000
ASP01A0220_002 0.000 0.000 0.000 0.000 0.000
ASP02A0220_003 0.000 0.000 0.000 0.000 0.000
ASP02A0220_004 0.000 0.000 0.000 0.001 0.000
ASP-1A0220_005 1.000 1.000 1.000 0.999 1.000
ARG01A0221_001 0.000 0.000 0.000 0.000 0.000
ARG02A0221_002 0.000 0.000 0.000 0.000 0.000
ARG03A0221_003 0.000 0.000 0.000 0.000 0.000
ARG+1A0221_004 1.000 1.000 1.000 1.000 1.000
VAL01A0222_001 1.000 1.000 1.000 1.000 1.000
TYR01A0223_001 1.000 1.000 1.000 1.000 1.000
TYR-1A0223_002 0.000 0.000 0.000 0.000 0.000
THR01A0224_001 0.015 0.016 0.015 0.013 0.015
THR01A0224_002 0.985 0.984 0.985 0.987 0.985
HIS01A0225_001 0.003 0.003 0.000 0.003 0.002
HIS01A0225_002 0.062 0.056 0.058 0.055 0.060
HIS02A0225_003 0.501 0.502 0.523 0.510 0.512
HIS02A0225_004 0.018 0.015 0.017 0.014 0.016
HIS+1A0225_005 0.396 0.406 0.384 0.402 0.390
HIS+1A0225_006 0.020 0.018 0.018 0.016 0.020
GLN01A0226_001 0.984 0.983 0.983 0.982 0.983
GLN01A0226_002 0.016 0.017 0.017 0.018 0.017
SER01A0227_001 0.083 0.088 0.087 0.089 0.085
SER01A0227_002 0.917 0.912 0.913 0.911 0.915
ASP01A0228_001 0.000 0.000 0.000 0.000 0.000
ASP01A0228_002 0.000 0.000 0.000 0.000 0.000
ASP02A0228_003 0.000 0.000 0.000 0.000 0.000
ASP02A0228_004 0.000 0.000 0.000 0.000 0.000
ASP-1A0228_005 1.000 1.000 1.000 1.000 1.000
VAL01A0229_001 1.000 1.000 1.000 1.000 1.000
TRP01A0230_001 1.000 1.000 1.000 1.000 1.000
SER01A0231_001 0.993 0.994 0.993 0.993 0.994
SER01A0231_002 0.007 0.006 0.007 0.007 0.006
PHE01A0232_001 1.000 1.000 1.000 1.000 1.000
ILE01A0234_001 1.000 1.000 1.000 1.000 1.000
LEU01A0235_001 1.000 1.000 1.000 1.000 1.000
LEU01A0236_001 1.000 1.000 1.000 1.000 1.000
TRP01A0237_001 1.000 1.000 1.000 1.000 1.000
GLU01A0238_001 0.000 0.000 0.000 0.000 0.000
GLU01A0238_002 0.000 0.000 0.000 0.000 0.000
GLU02A0238_003 0.000 0.000 0.000 0.000 0.000
GLU02A0238_004 0.023 0.022 0.024 0.022 0.024
GLU-1A0238_005 0.977 0.978 0.976 0.978 0.976
ILE01A0239_001 1.000 1.000 1.000 1.000 1.000
PHE01A0240_001 1.000 1.000 1.000 1.000 1.000
THR01A0241_001 0.869 0.872 0.862 0.870 0.872
THR01A0241_002 0.131 0.128 0.138 0.130 0.128
LEU01A0242_001 1.000 1.000 1.000 1.000 1.000
SER01A0245_001 0.161 0.152 0.156 0.162 0.157
SER01A0245_002 0.087 0.087 0.080 0.081 0.083
SER01A0245_003 0.752 0.761 0.764 0.757 0.759
PRO01A0246_001 1.000 1.000 1.000 1.000 1.000
TYR01A0247_001 1.000 1.000 1.000 1.000 1.000
TYR-1A0247_002 0.000 0.000 0.000 0.000 0.000
PRO01A0248_001 1.000 1.000 1.000 1.000 1.000
ILE01A0250_001 1.000 1.000 1.000 1.000 1.000
PRO01A0251_001 1.000 1.000 1.000 1.000 1.000
VAL01A0252_001 1.000 1.000 1.000 1.000 1.000
GLU01A0253_001 0.000 0.000 0.000 0.000 0.000
GLU01A0253_002 0.000 0.000 0.000 0.000 0.000
GLU02A0253_003 0.000 0.000 0.000 0.000 0.000
GLU02A0253_004 0.000 0.000 0.000 0.000 0.000
GLU-1A0253_005 1.000 1.000 1.000 1.000 1.000
GLU01A0254_001 0.000 0.000 0.000 0.000 0.000
GLU01A0254_002 0.001 0.000 0.002 0.000 0.000
GLU02A0254_003 0.000 0.000 0.000 0.000 0.000
GLU02A0254_004 0.001 0.002 0.000 0.000 0.000
GLU-1A0254_005 0.998 0.998 0.998 1.000 1.000
LEU01A0255_001 1.000 1.000 1.000 1.000 1.000
PHE01A0256_001 1.000 1.000 1.000 1.000 1.000
SER01A0257_001 1.000 1.000 1.000 1.000 1.000
LEU01A0258_001 1.000 1.000 1.000 1.000 1.000
LEU01A0259_001 1.000 1.000 1.000 1.000 1.000
ARG01A0260_001 0.000 0.000 0.000 0.000 0.000
ARG02A0260_002 0.000 0.000 0.000 0.000 0.000
ARG03A0260_003 0.000 0.000 0.000 0.000 0.000
ARG+1A0260_004 1.000 1.000 1.000 1.000 1.000
GLU01A0261_001 0.000 0.000 0.000 0.000 0.000
GLU01A0261_002 0.000 0.001 0.002 0.002 0.001
GLU02A0261_003 0.000 0.000 0.000 0.000 0.000
GLU02A0261_004 0.002 0.001 0.000 0.002 0.001
GLU-1A0261_005 0.998 0.998 0.998 0.997 0.998
HIS01A0263_001 0.294 0.289 0.295 0.303 0.299
HIS01A0263_002 0.279 0.277 0.269 0.271 0.278
HIS02A0263_003 0.145 0.139 0.144 0.145 0.145
HIS02A0263_004 0.114 0.108 0.105 0.110 0.107
HIS+1A0263_005 0.020 0.025 0.025 0.021 0.023
HIS+1A0263_006 0.148 0.162 0.162 0.149 0.147
ARG01A0264_001 0.000 0.000 0.000 0.000 0.000
ARG02A0264_002 0.000 0.000 0.000 0.000 0.000
ARG02A0264_003 0.000 0.000 0.000 0.000 0.000
ARG03A0264_004 0.000 0.000 0.000 0.000 0.000
ARG+1A0264_005 1.000 1.000 1.000 1.000 1.000
MET01A0265_001 1.000 1.000 1.000 1.000 1.000
ASP01A0266_001 0.000 0.000 0.000 0.000 0.000
ASP01A0266_002 0.000 0.000 0.000 0.000 0.000
ASP02A0266_003 0.000 0.000 0.000 0.000 0.000
ASP02A0266_004 0.000 0.000 0.000 0.000 0.000
ASP-1A0266_005 1.000 1.000 1.000 1.000 1.000
ARG01A0267_001 0.000 0.000 0.000 0.000 0.000
ARG02A0267_002 0.000 0.000 0.000 0.000 0.000
ARG02A0267_003 0.000 0.000 0.000 0.000 0.000
ARG03A0267_004 0.000 0.000 0.000 0.000 0.000
ARG+1A0267_005 1.000 1.000 1.000 1.000 1.000
PRO01A0268_001 1.000 1.000 1.000 1.000 1.000
PRO01A0269_001 1.000 1.000 1.000 1.000 1.000
HIS01A0270_001 0.133 0.133 0.127 0.126 0.135
HIS01A0270_002 0.080 0.080 0.077 0.078 0.081
HIS02A0270_003 0.268 0.265 0.265 0.252 0.265
HIS02A0270_004 0.202 0.197 0.194 0.199 0.203
HIS+1A0270_005 0.233 0.232 0.240 0.250 0.229
HIS+1A0270_006 0.084 0.092 0.097 0.094 0.087
CYS01A0271_001 0.331 0.334 0.328 0.333 0.334
CYS01A0271_002 0.325 0.322 0.323 0.316 0.323
CYS01A0271_003 0.345 0.344 0.350 0.351 0.342
CYS-1A0271_004 0.000 0.000 0.000 0.000 0.000
PRO01A0272_001 1.000 1.000 1.000 1.000 1.000
PRO01A0273_001 1.000 1.000 1.000 1.000 1.000
GLU01A0274_001 0.000 0.000 0.000 0.000 0.000
GLU01A0274_002 0.000 0.000 0.000 0.000 0.000
GLU02A0274_003 0.000 0.000 0.000 0.000 0.000
GLU02A0274_004 0.000 0.000 0.002 0.000 0.000
GLU-1A0274_005 1.000 1.000 0.998 1.000 1.000
LEU01A0275_001 1.000 1.000 1.000 1.000 1.000
TYR01A0276_001 0.974 0.975 0.973 0.974 0.975
TYR01A0276_002 0.026 0.025 0.027 0.026 0.025
TYR-1A0276_003 0.000 0.000 0.000 0.000 0.000
LEU01A0278_001 1.000 1.000 1.000 1.000 1.000
MET01A0279_001 1.000 1.000 1.000 1.000 1.000
ARG01A0280_001 0.000 0.000 0.000 0.000 0.000
ARG02A0280_002 0.000 0.000 0.000 0.000 0.000
ARG02A0280_003 0.000 0.000 0.000 0.000 0.000
ARG03A0280_004 0.000 0.000 0.000 0.000 0.000
ARG+1A0280_005 1.000 1.000 1.000 1.000 1.000
GLU01A0281_001 0.000 0.000 0.000 0.000 0.000
GLU01A0281_002 0.001 0.000 0.000 0.000 0.000
GLU02A0281_003 0.000 0.000 0.000 0.000 0.000
GLU02A0281_004 0.001 0.002 0.002 0.000 0.000
GLU-1A0281_005 0.998 0.998 0.998 1.000 1.000
CYS01A0282_001 0.280 0.276 0.277 0.280 0.281
CYS01A0282_002 0.514 0.519 0.518 0.513 0.511
CYS01A0282_003 0.206 0.205 0.205 0.207 0.208
CYS-1A0282_004 0.000 0.000 0.000 0.000 0.000
TRP01A0283_001 1.000 1.000 1.000 1.000 1.000
HIS01A0284_001 0.261 0.261 0.257 0.254 0.251
HIS01A0284_002 0.015 0.017 0.013 0.014 0.014
HIS02A0284_003 0.175 0.177 0.182 0.180 0.182
HIS02A0284_004 0.469 0.455 0.467 0.468 0.466
HIS+1A0284_005 0.049 0.055 0.052 0.054 0.054
HIS+1A0284_006 0.031 0.035 0.029 0.030 0.032
ALA01A0285_001 1.000 1.000 1.000 1.000 1.000
ALA01A0286_001 1.000 1.000 1.000 1.000 1.000
PRO01A0287_001 1.000 1.000 1.000 1.000 1.000
SER01A0288_001 0.012 0.012 0.013 0.011 0.012
SER01A0288_002 0.988 0.988 0.987 0.989 0.988
GLN01A0289_001 0.906 0.906 0.903 0.906 0.905
GLN01A0289_002 0.094 0.094 0.097 0.094 0.095
ARG01A0290_001 0.000 0.000 0.000 0.000 0.000
ARG02A0290_002 0.000 0.000 0.000 0.000 0.000
ARG02A0290_003 0.000 0.000 0.000 0.000 0.000
ARG03A0290_004 0.000 0.000 0.000 0.000 0.000
ARG03A0290_005 0.000 0.000 0.000 0.000 0.000
ARG+1A0290_006 1.000 1.000 1.000 1.000 1.000
PRO01A0291_001 1.000 1.000 1.000 1.000 1.000
THR01A0292_001 0.007 0.007 0.006 0.007 0.007
THR01A0292_002 0.993 0.993 0.994 0.993 0.993
PHE01A0293_001 1.000 1.000 1.000 1.000 1.000
LYS01A0294_001 0.000 0.000 0.000 0.000 0.000
LYS+1A0294_002 1.000 1.000 1.000 1.000 1.000
GLN01A0295_001 1.000 1.000 1.000 1.000 1.000
GLN01A0295_002 0.000 0.000 0.000 0.000 0.000
LEU01A0296_001 1.000 1.000 1.000 1.000 1.000
VAL01A0297_001 1.000 1.000 1.000 1.000 1.000
GLU01A0298_001 0.000 0.000 0.000 0.000 0.000
GLU01A0298_002 0.000 0.000 0.000 0.000 0.000
GLU02A0298_003 0.000 0.000 0.000 0.000 0.000
GLU02A0298_004 0.000 0.000 0.000 0.000 0.000
GLU-1A0298_005 1.000 1.000 1.000 1.000 1.000
ALA01A0299_001 1.000 1.000 1.000 1.000 1.000
LEU01A0300_001 1.000 1.000 1.000 1.000 1.000
ASP01A0301_001 0.000 0.000 0.000 0.000 0.000
ASP01A0301_002 0.000 0.000 0.000 0.000 0.002
ASP02A0301_003 0.000 0.000 0.000 0.000 0.000
ASP02A0301_004 0.000 0.000 0.000 0.000 0.000
ASP-1A0301_005 1.000 1.000 1.000 1.000 0.998
LYS01A0302_001 0.000 0.000 0.000 0.000 0.000
LYS+1A0302_002 1.000 1.000 1.000 1.000 1.000
VAL01A0303_001 1.000 1.000 1.000 1.000 1.000
LEU01A0304_001 1.000 1.000 1.000 1.000 1.000
LEU01A0305_001 1.000 1.000 1.000 1.000 1.000
ALA01A0306_001 1.000 1.000 1.000 1.000 1.000
VAL01A0307_001 1.000 1.000 1.000 1.000 1.000
SER01A0308_001 0.100 0.097 0.099 0.097 0.095
SER01A0308_002 0.900 0.903 0.901 0.903 0.905
GLU01A0309_001 0.000 0.000 0.000 0.000 0.000
GLU01A0309_002 0.008 0.007 0.006 0.006 0.007
GLU02A0309_003 0.000 0.000 0.000 0.000 0.000
GLU02A0309_004 0.007 0.009 0.006 0.006 0.008
GLU-1A0309_005 0.985 0.984 0.989 0.987 0.985
GLU01A0310_001 0.000 0.000 0.000 0.000 0.000
GLU01A0310_002 0.000 0.000 0.000 0.000 0.000
GLU02A0310_003 0.000 0.000 0.000 0.000 0.000
GLU02A0310_004 0.002 0.000 0.000 0.000 0.004
GLU-1A0310_005 0.998 1.000 1.000 1.000 0.996
0LI11B0001_001 0.001 0.001 0.000 0.000 0.001
0LI11B0001_002 0.524 0.523 0.523 0.529 0.524
0LI12B0001_003 0.000 0.000 0.000 0.000 0.000
0LI12B0001_004 0.475 0.474 0.475 0.471 0.474
0LI01B0001_005 0.000 0.000 0.000 0.000 0.000
0LI01B0001_006 0.000 0.002 0.001 0.000 0.001
0LIDMB0001_007 0.000 0.000 0.000 0.000 0.000
