 ph              7.4   7.4   7.4   7.4   7.4
ASP01A0001_001 0.000 0.000 0.000 0.000 0.000
ASP01A0001_002 0.000 0.000 0.000 0.000 0.000
ASP02A0001_003 0.000 0.000 0.000 0.000 0.000
ASP02A0001_004 0.000 0.000 0.000 0.000 0.000
ASP-1A0001_005 1.000 1.000 1.000 1.000 1.000
LYS01A0002_001 0.000 0.000 0.000 0.000 0.000
LYS+1A0002_002 1.000 1.000 1.000 1.000 1.000
TRP01A0003_001 1.000 1.000 1.000 1.000 1.000
GLU01A0004_001 0.000 0.000 0.000 0.000 0.000
GLU01A0004_002 0.000 0.000 0.000 0.000 0.000
GLU02A0004_003 0.000 0.000 0.000 0.000 0.000
GLU02A0004_004 0.003 0.003 0.003 0.003 0.003
GLU-1A0004_005 0.997 0.997 0.997 0.997 0.997
MET01A0005_001 1.000 1.000 1.000 1.000 1.000
GLU01A0006_001 0.000 0.000 0.000 0.000 0.000
GLU01A0006_002 0.000 0.000 0.000 0.000 0.000
GLU02A0006_003 0.000 0.000 0.000 0.000 0.000
GLU02A0006_004 0.000 0.000 0.000 0.000 0.000
GLU-1A0006_005 1.000 1.000 1.000 1.000 1.000
ARG01A0007_001 0.000 0.000 0.000 0.000 0.000
ARG02A0007_002 0.000 0.000 0.000 0.000 0.000
ARG03A0007_003 0.000 0.000 0.000 0.000 0.000
ARG03A0007_004 0.000 0.000 0.000 0.000 0.000
ARG+1A0007_005 1.000 1.000 1.000 1.000 1.000
THR01A0008_001 1.000 1.000 1.000 1.000 1.000
ASP01A0009_001 0.000 0.000 0.000 0.000 0.000
ASP01A0009_002 0.000 0.000 0.000 0.000 0.000
ASP02A0009_003 0.000 0.000 0.000 0.000 0.000
ASP02A0009_004 0.000 0.000 0.000 0.000 0.000
ASP-1A0009_005 1.000 1.000 1.000 1.000 1.000
ILE01A0010_001 1.000 1.000 1.000 1.000 1.000
THR01A0011_001 1.000 1.000 1.000 1.000 1.000
MET01A0012_001 1.000 1.000 1.000 1.000 1.000
LYS01A0013_001 0.000 0.001 0.000 0.000 0.001
LYS+1A0013_002 1.000 0.999 1.000 1.000 0.999
HIS01A0014_001 0.107 0.106 0.107 0.106 0.107
HIS01A0014_002 0.145 0.145 0.145 0.145 0.145
HIS02A0014_003 0.252 0.253 0.252 0.251 0.252
HIS02A0014_004 0.167 0.168 0.167 0.168 0.167
HIS+1A0014_005 0.146 0.146 0.147 0.147 0.147
HIS+1A0014_006 0.183 0.182 0.183 0.183 0.183
LYS01A0015_001 0.000 0.000 0.000 0.000 0.000
LYS+1A0015_002 1.000 1.000 1.000 1.000 1.000
LEU01A0016_001 1.000 1.000 1.000 1.000 1.000
GLN01A0020_001 0.478 0.477 0.479 0.479 0.479
GLN01A0020_002 0.522 0.523 0.521 0.521 0.521
TYR01A0021_001 1.000 1.000 1.000 1.000 1.000
TYR-1A0021_002 0.000 0.000 0.000 0.000 0.000
GLU01A0023_001 0.000 0.000 0.000 0.000 0.000
GLU01A0023_002 0.000 0.000 0.000 0.000 0.000
GLU02A0023_003 0.000 0.000 0.000 0.000 0.000
GLU02A0023_004 0.000 0.000 0.000 0.000 0.000
GLU-1A0023_005 1.000 1.000 1.000 1.000 1.000
VAL01A0024_001 1.000 1.000 1.000 1.000 1.000
TYR01A0025_001 0.998 0.998 0.998 0.999 0.998
TYR01A0025_002 0.002 0.002 0.002 0.001 0.002
TYR-1A0025_003 0.000 0.000 0.000 0.000 0.000
GLU01A0026_001 0.000 0.000 0.000 0.000 0.000
GLU01A0026_002 0.000 0.000 0.000 0.000 0.000
GLU02A0026_003 0.000 0.000 0.000 0.000 0.000
GLU02A0026_004 0.000 0.000 0.000 0.000 0.001
GLU-1A0026_005 1.000 1.000 1.000 1.000 0.999
VAL01A0028_001 1.000 1.000 1.000 1.000 1.000
TRP01A0029_001 1.000 1.000 1.000 1.000 1.000
LYS01A0030_001 0.000 0.000 0.000 0.000 0.000
LYS+1A0030_002 1.000 1.000 1.000 1.000 1.000
LYS01A0031_001 0.000 0.000 0.000 0.000 0.000
LYS+1A0031_002 1.000 1.000 1.000 1.000 1.000
TYR01A0032_001 0.000 0.000 0.000 0.000 0.000
TYR01A0032_002 0.952 0.952 0.952 0.952 0.954
TYR-1A0032_003 0.048 0.048 0.047 0.048 0.046
SER01A0033_001 1.000 1.000 1.000 1.000 1.000
LEU01A0034_001 1.000 1.000 1.000 1.000 1.000
THR01A0035_001 0.525 0.523 0.525 0.523 0.524
THR01A0035_002 0.475 0.477 0.475 0.477 0.476
VAL01A0036_001 1.000 1.000 1.000 1.000 1.000
ALA01A0037_001 1.000 1.000 1.000 1.000 1.000
VAL01A0038_001 1.000 1.000 1.000 1.000 1.000
LYS01A0039_001 0.000 0.000 0.000 0.000 0.000
LYS+1A0039_002 1.000 1.000 1.000 1.000 1.000
THR01A0040_001 0.459 0.458 0.459 0.459 0.459
THR01A0040_002 0.541 0.542 0.541 0.541 0.541
LEU01A0041_001 1.000 1.000 1.000 1.000 1.000
LYS01A0042_001 0.000 0.000 0.000 0.000 0.000
LYS+1A0042_002 1.000 1.000 1.000 1.000 1.000
GLU01A0043_001 1.000 1.000 1.000 1.000 1.000
GLU01A0043_002 0.000 0.000 0.000 0.000 0.000
GLU02A0043_003 0.000 0.000 0.000 0.000 0.000
GLU02A0043_004 0.000 0.000 0.000 0.000 0.000
GLU-1A0043_005 0.000 0.000 0.000 0.000 0.000
ASP01A0044_001 0.000 0.000 0.000 0.000 0.000
ASP01A0044_002 0.006 0.006 0.006 0.006 0.006
ASP02A0044_003 0.000 0.000 0.000 0.000 0.000
ASP02A0044_004 0.008 0.007 0.008 0.007 0.008
ASP-1A0044_005 0.986 0.986 0.986 0.986 0.986
THR01A0045_001 0.496 0.492 0.491 0.493 0.491
THR01A0045_002 0.504 0.508 0.509 0.507 0.509
MET01A0046_001 1.000 1.000 1.000 1.000 1.000
GLU01A0047_001 0.001 0.000 0.000 0.001 0.001
GLU01A0047_002 0.121 0.124 0.124 0.121 0.122
GLU02A0047_003 0.000 0.000 0.000 0.000 0.000
GLU02A0047_004 0.162 0.165 0.165 0.162 0.165
GLU-1A0047_005 0.716 0.711 0.711 0.715 0.712
VAL01A0048_001 1.000 1.000 1.000 1.000 1.000
GLU01A0049_001 0.000 0.000 0.000 0.000 0.000
GLU01A0049_002 0.000 0.000 0.000 0.000 0.000
GLU02A0049_003 0.000 0.000 0.000 0.000 0.000
GLU02A0049_004 0.000 0.000 0.000 0.000 0.000
GLU-1A0049_005 1.000 1.000 1.000 1.000 1.000
GLU01A0050_001 0.000 0.000 0.000 0.000 0.000
GLU01A0050_002 0.000 0.000 0.000 0.000 0.000
GLU02A0050_003 0.000 0.000 0.000 0.000 0.000
GLU02A0050_004 0.000 0.000 0.000 0.000 0.000
GLU-1A0050_005 1.000 1.000 1.000 1.000 1.000
PHE01A0051_001 1.000 1.000 1.000 1.000 1.000
LEU01A0052_001 1.000 1.000 1.000 1.000 1.000
LYS01A0053_001 0.000 0.000 0.000 0.000 0.000
LYS+1A0053_002 1.000 1.000 1.000 1.000 1.000
GLU01A0054_001 0.000 0.000 0.000 0.000 0.000
GLU01A0054_002 0.000 0.000 0.000 0.000 0.000
GLU02A0054_003 0.000 0.000 0.000 0.000 0.000
GLU02A0054_004 0.000 0.000 0.000 0.000 0.000
GLU-1A0054_005 1.000 1.000 1.000 1.000 1.000
ALA01A0055_001 1.000 1.000 1.000 1.000 1.000
ALA01A0056_001 1.000 1.000 1.000 1.000 1.000
VAL01A0057_001 1.000 1.000 1.000 1.000 1.000
MET01A0058_001 1.000 1.000 1.000 1.000 1.000
LYS01A0059_001 0.000 0.000 0.000 0.000 0.000
LYS+1A0059_002 1.000 1.000 1.000 1.000 1.000
GLU01A0060_001 0.000 0.000 0.000 0.000 0.000
GLU01A0060_002 0.000 0.000 0.000 0.000 0.000
GLU02A0060_003 0.000 0.000 0.000 0.000 0.000
GLU02A0060_004 0.000 0.000 0.000 0.000 0.000
GLU-1A0060_005 1.000 1.000 1.000 1.000 1.000
ILE01A0061_001 1.000 1.000 1.000 1.000 1.000
LYS01A0062_001 0.010 0.010 0.010 0.010 0.010
LYS+1A0062_002 0.990 0.990 0.990 0.990 0.990
HIS01A0063_001 1.000 1.000 1.000 1.000 1.000
HIS02A0063_002 0.000 0.000 0.000 0.000 0.000
HIS+1A0063_003 0.000 0.000 0.000 0.000 0.000
PRO01A0064_001 1.000 1.000 1.000 1.000 1.000
ASN01A0065_001 0.998 0.998 0.998 0.999 0.998
ASN01A0065_002 0.002 0.002 0.002 0.001 0.002
LEU01A0066_001 1.000 1.000 1.000 1.000 1.000
VAL01A0067_001 1.000 1.000 1.000 1.000 1.000
GLN01A0068_001 0.130 0.131 0.131 0.131 0.131
GLN01A0068_002 0.870 0.869 0.869 0.869 0.869
LEU01A0069_001 1.000 1.000 1.000 1.000 1.000
LEU01A0070_001 1.000 1.000 1.000 1.000 1.000
VAL01A0072_001 1.000 1.000 1.000 1.000 1.000
CYS01A0073_001 0.760 0.759 0.761 0.760 0.762
CYS01A0073_002 0.108 0.109 0.108 0.108 0.108
CYS01A0073_003 0.131 0.132 0.131 0.132 0.131
CYS-1A0073_004 0.000 0.000 0.000 0.000 0.000
THR01A0074_001 0.914 0.915 0.914 0.914 0.914
THR01A0074_002 0.051 0.050 0.051 0.052 0.051
THR01A0074_003 0.035 0.035 0.035 0.035 0.034
ARG01A0075_001 0.000 0.000 0.000 0.000 0.000
ARG02A0075_002 0.000 0.000 0.000 0.000 0.000
ARG03A0075_003 0.000 0.000 0.000 0.000 0.000
ARG+1A0075_004 1.000 1.000 1.000 1.000 1.000
GLU01A0076_001 0.000 0.000 0.000 0.000 0.000
GLU01A0076_002 0.000 0.000 0.000 0.000 0.000
GLU02A0076_003 0.000 0.000 0.000 0.000 0.000
GLU02A0076_004 0.000 0.000 0.000 0.000 0.000
GLU-1A0076_005 1.000 1.000 1.000 1.000 1.000
PRO01A0077_001 1.000 1.000 1.000 1.000 1.000
PRO01A0078_001 1.000 1.000 1.000 1.000 1.000
PHE01A0079_001 1.000 1.000 1.000 1.000 1.000
TYR01A0080_001 0.609 0.607 0.608 0.609 0.608
TYR01A0080_002 0.391 0.393 0.392 0.391 0.392
TYR-1A0080_003 0.000 0.000 0.000 0.000 0.000
ILE01A0081_001 1.000 1.000 1.000 1.000 1.000
ILE01A0082_001 1.000 1.000 1.000 1.000 1.000
THR01A0083_001 0.078 0.077 0.078 0.077 0.078
THR01A0083_002 0.897 0.899 0.898 0.898 0.897
THR01A0083_003 0.024 0.024 0.024 0.024 0.024
GLU01A0084_001 0.000 0.000 0.000 0.000 0.000
GLU01A0084_002 0.000 0.000 0.000 0.000 0.000
GLU02A0084_003 0.000 0.000 0.000 0.000 0.000
GLU02A0084_004 0.000 0.000 0.000 0.000 0.000
GLU-1A0084_005 1.000 1.000 1.000 1.000 1.000
PHE01A0085_001 1.000 1.000 1.000 1.000 1.000
MET01A0086_001 1.000 1.000 1.000 1.000 1.000
THR01A0087_001 0.047 0.047 0.047 0.047 0.047
THR01A0087_002 0.953 0.953 0.953 0.953 0.953
TYR01A0088_001 0.208 0.209 0.211 0.211 0.211
TYR01A0088_002 0.792 0.791 0.789 0.789 0.789
TYR-1A0088_003 0.000 0.000 0.000 0.000 0.000
ASN01A0090_001 1.000 1.000 1.000 1.000 1.000
ASN01A0090_002 0.000 0.000 0.000 0.000 0.000
LEU01A0091_001 1.000 1.000 1.000 1.000 1.000
LEU01A0092_001 1.000 1.000 1.000 1.000 1.000
ASP01A0093_001 0.000 0.000 0.000 0.000 0.000
ASP01A0093_002 0.000 0.000 0.000 0.000 0.000
ASP02A0093_003 0.000 0.000 0.000 0.000 0.000
ASP02A0093_004 0.000 0.000 0.000 0.000 0.000
ASP-1A0093_005 1.000 1.000 1.000 1.000 1.000
TYR01A0094_001 1.000 1.000 1.000 1.000 1.000
TYR-1A0094_002 0.000 0.000 0.000 0.000 0.000
LEU01A0095_001 1.000 1.000 1.000 1.000 1.000
ARG01A0096_001 0.000 0.000 0.000 0.000 0.000
ARG02A0096_002 0.000 0.000 0.000 0.000 0.000
ARG03A0096_003 0.000 0.000 0.000 0.000 0.000
ARG+1A0096_004 1.000 1.000 1.000 1.000 1.000
GLU01A0097_001 0.000 0.000 0.000 0.000 0.000
GLU01A0097_002 0.009 0.009 0.008 0.008 0.008
GLU02A0097_003 0.000 0.000 0.000 0.000 0.000
GLU02A0097_004 0.009 0.009 0.009 0.009 0.009
GLU-1A0097_005 0.982 0.982 0.982 0.982 0.982
CYS01A0098_001 0.705 0.703 0.702 0.703 0.703
CYS01A0098_002 0.100 0.101 0.101 0.100 0.100
CYS01A0098_003 0.196 0.197 0.198 0.197 0.197
CYS-1A0098_004 0.000 0.000 0.000 0.000 0.000
ASN01A0099_001 1.000 1.000 1.000 1.000 1.000
ARG01A0100_001 0.000 0.000 0.000 0.000 0.000
ARG02A0100_002 0.000 0.000 0.000 0.000 0.000
ARG03A0100_003 0.000 0.000 0.000 0.000 0.000
ARG+1A0100_004 1.000 1.000 1.000 1.000 1.000
GLN01A0101_001 0.361 0.361 0.361 0.361 0.360
GLN01A0101_002 0.639 0.639 0.639 0.639 0.640
GLU01A0102_001 0.000 0.000 0.000 0.000 0.000
GLU01A0102_002 0.000 0.000 0.000 0.000 0.000
GLU02A0102_003 0.000 0.000 0.000 0.000 0.000
GLU02A0102_004 0.000 0.000 0.000 0.000 0.000
GLU-1A0102_005 1.000 1.000 1.000 1.000 1.000
VAL01A0103_001 1.000 1.000 1.000 1.000 1.000
ASN01A0104_001 1.000 1.000 1.000 1.000 1.000
ASN01A0104_002 0.000 0.000 0.000 0.000 0.000
ALA01A0105_001 1.000 1.000 1.000 1.000 1.000
VAL01A0106_001 1.000 1.000 1.000 1.000 1.000
VAL01A0107_001 1.000 1.000 1.000 1.000 1.000
LEU01A0108_001 1.000 1.000 1.000 1.000 1.000
LEU01A0109_001 1.000 1.000 1.000 1.000 1.000
TYR01A0110_001 0.605 0.603 0.603 0.602 0.602
TYR01A0110_002 0.394 0.397 0.397 0.397 0.397
TYR-1A0110_003 0.000 0.000 0.001 0.001 0.001
MET01A0111_001 1.000 1.000 1.000 1.000 1.000
ALA01A0112_001 1.000 1.000 1.000 1.000 1.000
THR01A0113_001 0.011 0.011 0.011 0.011 0.011
THR01A0113_002 0.810 0.808 0.808 0.809 0.809
THR01A0113_003 0.179 0.181 0.181 0.181 0.180
GLN01A0114_001 1.000 1.000 1.000 1.000 1.000
GLN01A0114_002 0.000 0.000 0.000 0.000 0.000
ILE01A0115_001 1.000 1.000 1.000 1.000 1.000
SER01A0116_001 0.989 0.989 0.989 0.989 0.989
SER01A0116_002 0.011 0.011 0.011 0.011 0.011
SER01A0117_001 0.018 0.018 0.018 0.018 0.019
SER01A0117_002 0.982 0.982 0.982 0.982 0.981
ALA01A0118_001 1.000 1.000 1.000 1.000 1.000
MET01A0119_001 1.000 1.000 1.000 1.000 1.000
GLU01A0120_001 0.000 0.000 0.000 0.000 0.000
GLU01A0120_002 0.000 0.000 0.000 0.000 0.000
GLU02A0120_003 0.000 0.000 0.000 0.000 0.000
GLU02A0120_004 0.005 0.005 0.005 0.005 0.005
GLU-1A0120_005 0.995 0.995 0.995 0.995 0.995
TYR01A0121_001 1.000 1.000 1.000 1.000 1.000
TYR-1A0121_002 0.000 0.000 0.000 0.000 0.000
LEU01A0122_001 1.000 1.000 1.000 1.000 1.000
GLU01A0123_001 0.000 0.000 0.000 0.000 0.000
GLU01A0123_002 0.000 0.000 0.000 0.000 0.000
GLU02A0123_003 0.000 0.000 0.000 0.000 0.000
GLU02A0123_004 0.000 0.000 0.000 0.000 0.000
GLU-1A0123_005 1.000 1.000 1.000 1.000 1.000
LYS01A0124_001 0.000 0.000 0.000 0.000 0.000
LYS+1A0124_002 1.000 1.000 1.000 1.000 1.000
LYS01A0125_001 0.000 0.000 0.000 0.000 0.000
LYS+1A0125_002 1.000 1.000 1.000 1.000 1.000
ASN01A0126_001 0.499 0.498 0.499 0.499 0.498
ASN01A0126_002 0.501 0.502 0.501 0.501 0.502
PHE01A0127_001 1.000 1.000 1.000 1.000 1.000
ILE01A0128_001 1.000 1.000 1.000 1.000 1.000
HIS01A0129_001 1.000 1.000 1.000 1.000 1.000
HIS02A0129_002 0.000 0.000 0.000 0.000 0.000
HIS+1A0129_003 0.000 0.000 0.000 0.000 0.000
ARG01A0130_001 0.000 0.000 0.000 0.000 0.000
ARG02A0130_002 0.000 0.000 0.000 0.000 0.000
ARG03A0130_003 0.000 0.000 0.000 0.000 0.000
ARG+1A0130_004 1.000 1.000 1.000 1.000 1.000
ASP01A0131_001 0.000 0.000 0.000 0.000 0.000
ASP01A0131_002 0.000 0.000 0.000 0.000 0.000
ASP02A0131_003 0.000 0.000 0.000 0.000 0.000
ASP02A0131_004 0.000 0.000 0.000 0.000 0.000
ASP-1A0131_005 1.000 1.000 1.000 1.000 1.000
LEU01A0132_001 1.000 1.000 1.000 1.000 1.000
ALA01A0133_001 1.000 1.000 1.000 1.000 1.000
ALA01A0134_001 1.000 1.000 1.000 1.000 1.000
ARG01A0135_001 0.000 0.000 0.000 0.000 0.000
ARG02A0135_002 0.000 0.000 0.000 0.000 0.000
ARG03A0135_003 0.000 0.000 0.000 0.000 0.000
ARG03A0135_004 0.000 0.000 0.000 0.000 0.000
ARG+1A0135_005 1.000 1.000 1.000 1.000 1.000
ASN01A0136_001 1.000 1.000 1.000 1.000 1.000
ASN01A0136_002 0.000 0.000 0.000 0.000 0.000
CYS01A0137_001 0.226 0.226 0.225 0.227 0.225
CYS01A0137_002 0.611 0.610 0.612 0.611 0.612
CYS01A0137_003 0.163 0.164 0.163 0.163 0.163
CYS-1A0137_004 0.000 0.000 0.000 0.000 0.000
LEU01A0138_001 1.000 1.000 1.000 1.000 1.000
VAL01A0139_001 1.000 1.000 1.000 1.000 1.000
GLU01A0141_001 0.000 0.000 0.000 0.000 0.000
GLU01A0141_002 0.000 0.000 0.000 0.000 0.000
GLU02A0141_003 0.000 0.000 0.000 0.000 0.000
GLU02A0141_004 0.000 0.000 0.000 0.000 0.000
GLU-1A0141_005 1.000 1.000 1.000 1.000 1.000
ASN01A0142_001 0.679 0.680 0.681 0.680 0.680
ASN01A0142_002 0.321 0.320 0.319 0.320 0.320
HIS01A0143_001 0.206 0.204 0.206 0.205 0.207
HIS02A0143_002 0.000 0.000 0.000 0.000 0.000
HIS+1A0143_003 0.794 0.796 0.794 0.795 0.793
LEU01A0144_001 1.000 1.000 1.000 1.000 1.000
VAL01A0145_001 1.000 1.000 1.000 1.000 1.000
LYS01A0146_001 0.000 0.000 0.000 0.000 0.000
LYS+1A0146_002 1.000 1.000 1.000 1.000 1.000
VAL01A0147_001 1.000 1.000 1.000 1.000 1.000
ALA01A0148_001 1.000 1.000 1.000 1.000 1.000
ASP01A0149_001 0.000 0.000 0.000 0.000 0.000
ASP01A0149_002 0.008 0.008 0.008 0.008 0.008
ASP02A0149_003 0.000 0.000 0.000 0.000 0.000
ASP02A0149_004 0.119 0.119 0.121 0.120 0.121
ASP-1A0149_005 0.873 0.873 0.872 0.872 0.871
PHE01A0150_001 1.000 1.000 1.000 1.000 1.000
LEU01A0152_001 1.000 1.000 1.000 1.000 1.000
SER01A0153_001 1.000 1.000 1.000 1.000 1.000
ARG01A0154_001 0.000 0.000 0.000 0.000 0.000
ARG02A0154_002 0.000 0.000 0.000 0.000 0.000
ARG02A0154_003 0.000 0.000 0.000 0.000 0.000
ARG03A0154_004 0.000 0.000 0.000 0.000 0.000
ARG03A0154_005 0.000 0.000 0.000 0.000 0.000
ARG+1A0154_006 1.000 1.000 1.000 1.000 1.000
LEU01A0155_001 1.000 1.000 1.000 1.000 1.000
MET01A0156_001 1.000 1.000 1.000 1.000 1.000
THR01A0157_001 1.000 1.000 1.000 1.000 1.000
ASP01A0159_001 0.000 0.000 0.000 0.000 0.000
ASP01A0159_002 0.000 0.000 0.000 0.000 0.000
ASP02A0159_003 0.000 0.000 0.000 0.000 0.000
ASP02A0159_004 0.000 0.000 0.000 0.000 0.000
ASP-1A0159_005 1.000 1.000 1.000 1.000 1.000
THR01A0160_001 1.000 1.000 1.000 1.000 1.000
TYR01A0161_001 0.000 0.000 0.000 0.000 0.000
TYR01A0161_002 1.000 1.000 1.000 1.000 1.000
TYR-1A0161_003 0.000 0.000 0.000 0.000 0.000
THR01A0162_001 1.000 1.000 1.000 1.000 1.000
ALA01A0163_001 1.000 1.000 1.000 1.000 1.000
HIS01A0164_001 0.572 0.572 0.572 0.572 0.573
HIS02A0164_002 0.136 0.137 0.137 0.137 0.137
HIS+1A0164_003 0.292 0.291 0.291 0.291 0.290
ALA01A0165_001 1.000 1.000 1.000 1.000 1.000
ALA01A0167_001 1.000 1.000 1.000 1.000 1.000
LYS01A0168_001 0.000 0.000 0.000 0.000 0.000
LYS+1A0168_002 1.000 1.000 1.000 1.000 1.000
PHE01A0169_001 1.000 1.000 1.000 1.000 1.000
PRO01A0170_001 1.000 1.000 1.000 1.000 1.000
ILE01A0171_001 1.000 1.000 1.000 1.000 1.000
LYS01A0172_001 0.000 0.000 0.000 0.000 0.000
LYS+1A0172_002 1.000 1.000 1.000 1.000 1.000
TRP01A0173_001 1.000 1.000 1.000 1.000 1.000
THR01A0174_001 0.283 0.285 0.280 0.283 0.284
THR01A0174_002 0.717 0.715 0.720 0.717 0.716
ALA01A0175_001 1.000 1.000 1.000 1.000 1.000
PRO01A0176_001 1.000 1.000 1.000 1.000 1.000
GLU01A0177_001 0.000 0.000 0.000 0.000 0.000
GLU01A0177_002 0.000 0.000 0.000 0.000 0.000
GLU02A0177_003 0.000 0.000 0.000 0.000 0.000
GLU02A0177_004 0.000 0.000 0.000 0.000 0.000
GLU-1A0177_005 1.000 1.000 1.000 1.000 1.000
SER01A0178_001 0.861 0.860 0.861 0.861 0.859
SER01A0178_002 0.009 0.009 0.009 0.009 0.009
SER01A0178_003 0.130 0.131 0.130 0.130 0.132
LEU01A0179_001 1.000 1.000 1.000 1.000 1.000
ALA01A0180_001 1.000 1.000 1.000 1.000 1.000
TYR01A0181_001 0.513 0.514 0.514 0.515 0.515
TYR01A0181_002 0.485 0.484 0.484 0.482 0.483
TYR-1A0181_003 0.002 0.002 0.002 0.002 0.002
ASN01A0182_001 0.858 0.858 0.858 0.859 0.857
ASN01A0182_002 0.142 0.142 0.142 0.141 0.143
LYS01A0183_001 0.008 0.008 0.008 0.008 0.008
LYS+1A0183_002 0.992 0.992 0.992 0.992 0.992
PHE01A0184_001 1.000 1.000 1.000 1.000 1.000
SER01A0185_001 0.992 0.993 0.992 0.992 0.992
SER01A0185_002 0.008 0.007 0.008 0.008 0.008
ILE01A0186_001 1.000 1.000 1.000 1.000 1.000
LYS01A0187_001 0.002 0.002 0.002 0.001 0.002
LYS+1A0187_002 0.998 0.998 0.998 0.999 0.998
SER01A0188_001 1.000 1.000 1.000 1.000 1.000
ASP01A0189_001 0.000 0.000 0.000 0.000 0.000
ASP01A0189_002 0.000 0.000 0.000 0.000 0.000
ASP02A0189_003 0.000 0.000 0.000 0.000 0.000
ASP02A0189_004 0.000 0.000 0.000 0.000 0.000
ASP-1A0189_005 1.000 1.000 1.000 1.000 1.000
VAL01A0190_001 1.000 1.000 1.000 1.000 1.000
TRP01A0191_001 1.000 1.000 1.000 1.000 1.000
ALA01A0192_001 1.000 1.000 1.000 1.000 1.000
PHE01A0193_001 1.000 1.000 1.000 1.000 1.000
VAL01A0195_001 1.000 1.000 1.000 1.000 1.000
LEU01A0196_001 1.000 1.000 1.000 1.000 1.000
LEU01A0197_001 1.000 1.000 1.000 1.000 1.000
TRP01A0198_001 1.000 1.000 1.000 1.000 1.000
GLU01A0199_001 0.000 0.000 0.000 0.000 0.000
GLU01A0199_002 0.000 0.000 0.000 0.000 0.000
GLU02A0199_003 0.000 0.000 0.000 0.000 0.000
GLU02A0199_004 0.000 0.000 0.000 0.000 0.000
GLU-1A0199_005 1.000 1.000 1.000 1.000 1.000
ILE01A0200_001 1.000 1.000 1.000 1.000 1.000
ALA01A0201_001 1.000 1.000 1.000 1.000 1.000
THR01A0202_001 0.776 0.775 0.776 0.775 0.774
THR01A0202_002 0.224 0.225 0.224 0.225 0.226
TYR01A0203_001 1.000 0.999 0.999 0.999 1.000
TYR01A0203_002 0.000 0.001 0.001 0.001 0.000
TYR-1A0203_003 0.000 0.000 0.000 0.000 0.000
MET01A0205_001 1.000 1.000 1.000 1.000 1.000
SER01A0206_001 0.591 0.593 0.593 0.592 0.592
SER01A0206_002 0.409 0.407 0.407 0.408 0.408
PRO01A0207_001 1.000 1.000 1.000 1.000 1.000
TYR01A0208_001 1.000 1.000 1.000 1.000 1.000
TYR-1A0208_002 0.000 0.000 0.000 0.000 0.000
PRO01A0209_001 1.000 1.000 1.000 1.000 1.000
ILE01A0211_001 1.000 1.000 1.000 1.000 1.000
ASP01A0212_001 0.000 0.000 0.000 0.000 0.000
ASP01A0212_002 0.000 0.000 0.000 0.000 0.000
ASP02A0212_003 0.000 0.000 0.000 0.000 0.000
ASP02A0212_004 0.000 0.000 0.000 0.000 0.000
ASP-1A0212_005 1.000 1.000 1.000 1.000 1.000
LEU01A0213_001 1.000 1.000 1.000 1.000 1.000
SER01A0214_001 0.096 0.097 0.096 0.096 0.096
SER01A0214_002 0.904 0.903 0.904 0.904 0.904
GLN01A0215_001 0.325 0.326 0.327 0.323 0.324
GLN01A0215_002 0.675 0.674 0.673 0.677 0.676
VAL01A0216_001 1.000 1.000 1.000 1.000 1.000
TYR01A0217_001 0.301 0.302 0.301 0.301 0.302
TYR01A0217_002 0.699 0.698 0.699 0.699 0.698
TYR-1A0217_003 0.000 0.000 0.000 0.000 0.000
GLU01A0218_001 0.000 0.000 0.000 0.000 0.000
GLU01A0218_002 0.001 0.000 0.000 0.000 0.000
GLU02A0218_003 0.000 0.000 0.000 0.000 0.000
GLU02A0218_004 0.000 0.000 0.000 0.000 0.000
GLU-1A0218_005 0.999 1.000 1.000 1.000 1.000
LEU01A0219_001 1.000 1.000 1.000 1.000 1.000
LEU01A0220_001 1.000 1.000 1.000 1.000 1.000
GLU01A0221_001 0.000 0.000 0.000 0.000 0.000
GLU01A0221_002 0.003 0.003 0.003 0.003 0.003
GLU02A0221_003 0.000 0.000 0.000 0.000 0.000
GLU02A0221_004 0.002 0.002 0.003 0.002 0.002
GLU-1A0221_005 0.995 0.995 0.995 0.995 0.995
LYS01A0222_001 0.000 0.000 0.000 0.000 0.000
LYS+1A0222_002 1.000 1.000 1.000 1.000 1.000
ASP01A0223_001 0.000 0.000 0.000 0.000 0.000
ASP01A0223_002 0.000 0.000 0.000 0.000 0.000
ASP02A0223_003 0.000 0.000 0.000 0.000 0.000
ASP02A0223_004 0.000 0.000 0.000 0.000 0.000
ASP-1A0223_005 1.000 1.000 1.000 1.000 1.000
TYR01A0224_001 1.000 1.000 1.000 1.000 1.000
TYR-1A0224_002 0.000 0.000 0.000 0.000 0.000
ARG01A0225_001 0.000 0.000 0.000 0.000 0.000
ARG02A0225_002 0.000 0.000 0.000 0.000 0.000
ARG02A0225_003 0.000 0.000 0.000 0.000 0.000
ARG03A0225_004 0.000 0.000 0.000 0.000 0.000
ARG+1A0225_005 1.000 1.000 1.000 1.000 1.000
MET01A0226_001 1.000 1.000 1.000 1.000 1.000
GLU01A0227_001 0.000 0.000 0.000 0.000 0.000
GLU01A0227_002 0.000 0.000 0.000 0.000 0.000
GLU02A0227_003 0.000 0.000 0.000 0.000 0.000
GLU02A0227_004 0.000 0.000 0.000 0.000 0.000
GLU-1A0227_005 1.000 1.000 1.000 1.000 1.000
ARG01A0228_001 0.000 0.000 0.000 0.000 0.000
ARG02A0228_002 0.000 0.000 0.000 0.000 0.000
ARG03A0228_003 0.000 0.000 0.000 0.000 0.000
ARG+1A0228_004 1.000 1.000 1.000 1.000 1.000
PRO01A0229_001 1.000 1.000 1.000 1.000 1.000
GLU01A0230_001 0.000 0.000 0.000 0.000 0.000
GLU01A0230_002 0.002 0.002 0.002 0.002 0.002
GLU02A0230_003 0.000 0.000 0.000 0.000 0.000
GLU02A0230_004 0.000 0.000 0.000 0.000 0.000
GLU-1A0230_005 0.998 0.998 0.998 0.998 0.998
CYS01A0232_001 0.346 0.345 0.345 0.345 0.347
CYS01A0232_002 0.434 0.436 0.434 0.435 0.434
CYS01A0232_003 0.219 0.219 0.221 0.219 0.219
CYS-1A0232_004 0.000 0.000 0.000 0.000 0.000
PRO01A0233_001 1.000 1.000 1.000 1.000 1.000
GLU01A0234_001 0.000 0.000 0.000 0.000 0.000
GLU01A0234_002 0.000 0.000 0.000 0.000 0.000
GLU02A0234_003 0.000 0.000 0.000 0.000 0.000
GLU02A0234_004 0.000 0.000 0.000 0.000 0.000
GLU-1A0234_005 1.000 1.000 1.000 1.000 1.000
LYS01A0235_001 0.000 0.000 0.000 0.000 0.000
LYS+1A0235_002 1.000 1.000 1.000 1.000 1.000
VAL01A0236_001 1.000 1.000 1.000 1.000 1.000
TYR01A0237_001 0.997 0.996 0.996 0.996 0.996
TYR01A0237_002 0.003 0.004 0.004 0.004 0.004
TYR-1A0237_003 0.000 0.000 0.000 0.000 0.000
GLU01A0238_001 0.000 0.000 0.000 0.000 0.000
GLU01A0238_002 0.002 0.000 0.000 0.000 0.000
GLU02A0238_003 0.000 0.000 0.000 0.000 0.000
GLU02A0238_004 0.000 0.002 0.000 0.002 0.000
GLU-1A0238_005 0.998 0.998 1.000 0.998 1.000
LEU01A0239_001 1.000 1.000 1.000 1.000 1.000
MET01A0240_001 1.000 1.000 1.000 1.000 1.000
ARG01A0241_001 0.000 0.000 0.000 0.000 0.000
ARG02A0241_002 0.000 0.000 0.000 0.000 0.000
ARG03A0241_003 0.000 0.000 0.000 0.000 0.000
ARG03A0241_004 0.000 0.000 0.000 0.000 0.000
ARG+1A0241_005 1.000 1.000 1.000 1.000 1.000
ALA01A0242_001 1.000 1.000 1.000 1.000 1.000
CYS01A0243_001 0.268 0.268 0.269 0.267 0.267
CYS01A0243_002 0.470 0.471 0.471 0.471 0.472
CYS01A0243_003 0.262 0.261 0.260 0.261 0.261
CYS-1A0243_004 0.000 0.000 0.000 0.000 0.000
TRP01A0244_001 1.000 1.000 1.000 1.000 1.000
GLN01A0245_001 0.903 0.902 0.904 0.904 0.904
GLN01A0245_002 0.097 0.098 0.096 0.096 0.096
TRP01A0246_001 1.000 1.000 1.000 1.000 1.000
ASN01A0247_001 0.933 0.933 0.933 0.934 0.934
ASN01A0247_002 0.067 0.067 0.067 0.066 0.066
PRO01A0248_001 1.000 1.000 1.000 1.000 1.000
SER01A0249_001 1.000 1.000 1.000 1.000 1.000
ASP01A0250_001 0.000 0.000 0.000 0.000 0.000
ASP01A0250_002 0.000 0.000 0.000 0.000 0.000
ASP02A0250_003 0.000 0.000 0.000 0.000 0.000
ASP02A0250_004 0.000 0.000 0.000 0.000 0.000
ASP-1A0250_005 1.000 1.000 1.000 1.000 1.000
ARG01A0251_001 0.000 0.000 0.000 0.000 0.000
ARG02A0251_002 0.000 0.000 0.000 0.000 0.000
ARG02A0251_003 0.000 0.000 0.000 0.000 0.000
ARG03A0251_004 0.000 0.000 0.000 0.000 0.000
ARG03A0251_005 0.000 0.000 0.000 0.000 0.000
ARG+1A0251_006 1.000 1.000 1.000 1.000 1.000
PRO01A0252_001 1.000 1.000 1.000 1.000 1.000
SER01A0253_001 0.062 0.063 0.063 0.061 0.063
SER01A0253_002 0.000 0.000 0.000 0.000 0.000
SER01A0253_003 0.938 0.937 0.937 0.939 0.937
PHE01A0254_001 1.000 1.000 1.000 1.000 1.000
ALA01A0255_001 1.000 1.000 1.000 1.000 1.000
GLU01A0256_001 0.000 0.000 0.000 0.000 0.000
GLU01A0256_002 0.000 0.000 0.000 0.000 0.000
GLU02A0256_003 0.000 0.000 0.000 0.000 0.000
GLU02A0256_004 0.000 0.000 0.000 0.000 0.000
GLU-1A0256_005 1.000 1.000 1.000 1.000 1.000
ILE01A0257_001 1.000 1.000 1.000 1.000 1.000
HIS01A0258_001 0.014 0.013 0.013 0.013 0.013
HIS01A0258_002 0.002 0.002 0.003 0.003 0.002
HIS02A0258_003 0.116 0.115 0.115 0.116 0.116
HIS02A0258_004 0.003 0.003 0.003 0.003 0.003
HIS+1A0258_005 0.618 0.619 0.619 0.616 0.617
HIS+1A0258_006 0.248 0.248 0.246 0.249 0.248
GLN01A0259_001 0.555 0.559 0.559 0.562 0.559
GLN01A0259_002 0.445 0.441 0.441 0.438 0.441
ALA01A0260_001 1.000 1.000 1.000 1.000 1.000
PHE01A0261_001 1.000 1.000 1.000 1.000 1.000
GLU01A0262_001 0.000 0.000 0.000 0.000 0.000
GLU01A0262_002 0.000 0.000 0.000 0.000 0.000
GLU02A0262_003 0.000 0.000 0.000 0.000 0.000
GLU02A0262_004 0.000 0.000 0.000 0.000 0.000
GLU-1A0262_005 1.000 1.000 1.000 1.000 1.000
THR01A0263_001 0.678 0.681 0.680 0.684 0.682
THR01A0263_002 0.322 0.319 0.320 0.316 0.318
MET01A0264_001 1.000 1.000 1.000 1.000 1.000
PHE01A0265_001 1.000 1.000 1.000 1.000 1.000
GLN01A0266_001 0.980 0.980 0.980 0.980 0.980
GLN01A0266_002 0.020 0.020 0.020 0.020 0.020
GLU01A0267_001 0.000 0.000 0.000 0.000 0.000
GLU01A0267_002 0.000 0.000 0.000 0.000 0.000
GLU02A0267_003 0.000 0.000 0.000 0.000 0.000
GLU02A0267_004 0.000 0.000 0.000 0.000 0.000
GLU-1A0267_005 1.000 1.000 1.000 1.000 1.000
SER01A0268_001 0.579 0.578 0.578 0.579 0.579
SER01A0268_002 0.421 0.422 0.422 0.421 0.421
NIL01B0001_001 0.810 0.811 0.809 0.809 0.811
NIL+1B0001_002 0.190 0.189 0.191 0.191 0.189
NIL+2B0001_003 0.000 0.000 0.000 0.000 0.000
NIL+2B0001_004 0.000 0.000 0.000 0.000 0.000
NILDMB0001_005 0.000 0.000 0.000 0.000 0.000
