 ph              7.4   7.4   7.4   7.4   7.4
MET01A0001_001 1.000 1.000 1.000 1.000 1.000
ALA01A0002_001 1.000 1.000 1.000 1.000 1.000
LEU01A0003_001 1.000 1.000 1.000 1.000 1.000
GLU01A0005_001 0.000 0.000 0.000 0.000 0.000
GLU01A0005_002 0.000 0.000 0.000 0.000 0.000
GLU02A0005_003 0.000 0.000 0.000 0.000 0.000
GLU02A0005_004 0.000 0.000 0.000 0.000 0.000
GLU-1A0005_005 1.000 1.000 1.000 1.000 1.000
LEU01A0006_001 1.000 1.000 1.000 1.000 1.000
LYS01A0007_001 0.000 0.000 0.000 0.000 0.000
LYS+1A0007_002 1.000 1.000 1.000 1.000 1.000
ASP01A0008_001 0.000 0.000 0.000 0.000 0.000
ASP01A0008_002 0.000 0.000 0.000 0.000 0.000
ASP02A0008_003 0.000 0.000 0.000 0.000 0.000
ASP02A0008_004 0.000 0.000 0.000 0.000 0.000
ASP-1A0008_005 1.000 1.000 1.000 1.000 1.000
ASP01A0009_001 0.000 0.000 0.000 0.000 0.000
ASP01A0009_002 0.000 0.000 0.000 0.000 0.000
ASP02A0009_003 0.000 0.000 0.000 0.000 0.000
ASP02A0009_004 0.000 0.000 0.000 0.000 0.000
ASP-1A0009_005 1.000 1.000 1.000 1.000 1.000
ASP01A0010_001 0.000 0.000 0.000 0.000 0.000
ASP01A0010_002 0.000 0.000 0.000 0.000 0.000
ASP02A0010_003 0.000 0.000 0.000 0.000 0.000
ASP02A0010_004 0.000 0.000 0.000 0.000 0.000
ASP-1A0010_005 1.000 1.000 1.000 1.000 1.000
PHE01A0011_001 1.000 1.000 1.000 1.000 1.000
GLU01A0012_001 0.000 0.000 0.000 0.000 0.000
GLU01A0012_002 0.000 0.000 0.000 0.000 0.000
GLU02A0012_003 0.000 0.000 0.000 0.000 0.000
GLU02A0012_004 0.003 0.000 0.003 0.003 0.004
GLU-1A0012_005 0.996 1.000 0.996 0.997 0.996
LYS01A0013_001 0.000 0.000 0.000 0.000 0.000
LYS+1A0013_002 1.000 1.000 1.000 1.000 1.000
ILE01A0014_001 1.000 1.000 1.000 1.000 1.000
SER01A0015_001 0.523 0.521 0.523 0.521 0.522
SER01A0015_002 0.477 0.479 0.477 0.479 0.478
GLU01A0016_001 0.000 0.000 0.000 0.000 0.000
GLU01A0016_002 0.000 0.000 0.000 0.000 0.000
GLU02A0016_003 0.000 0.000 0.000 0.000 0.000
GLU02A0016_004 0.000 0.000 0.000 0.000 0.000
GLU-1A0016_005 1.000 1.000 1.000 1.000 1.000
LEU01A0017_001 1.000 1.000 1.000 1.000 1.000
ALA01A0019_001 1.000 1.000 1.000 1.000 1.000
ASN01A0021_001 0.576 0.577 0.577 0.577 0.576
ASN01A0021_002 0.424 0.423 0.423 0.423 0.424
VAL01A0024_001 1.000 1.000 1.000 1.000 1.000
VAL01A0025_001 1.000 1.000 1.000 1.000 1.000
PHE01A0026_001 1.000 1.000 1.000 1.000 1.000
LYS01A0027_001 0.000 0.000 0.000 0.000 0.000
LYS+1A0027_002 1.000 1.000 1.000 1.000 1.000
VAL01A0028_001 1.000 1.000 1.000 1.000 1.000
SER01A0029_001 1.000 1.000 1.000 1.000 1.000
HIS01A0030_001 0.853 0.854 0.853 0.853 0.852
HIS02A0030_002 0.147 0.146 0.147 0.147 0.148
HIS+1A0030_003 0.000 0.000 0.000 0.000 0.000
LYS01A0031_001 0.000 0.000 0.000 0.000 0.000
LYS+1A0031_002 1.000 1.000 1.000 1.000 1.000
PRO01A0032_001 1.000 1.000 1.000 1.000 1.000
SER01A0033_001 0.685 0.686 0.685 0.687 0.684
SER01A0033_002 0.315 0.314 0.315 0.313 0.316
LEU01A0035_001 1.000 1.000 1.000 1.000 1.000
VAL01A0036_001 1.000 1.000 1.000 1.000 1.000
MET01A0037_001 1.000 1.000 1.000 1.000 1.000
ALA01A0038_001 1.000 1.000 1.000 1.000 1.000
ARG01A0039_001 0.000 0.000 0.000 0.000 0.000
ARG02A0039_002 0.000 0.000 0.000 0.000 0.000
ARG03A0039_003 0.000 0.000 0.000 0.000 0.000
ARG03A0039_004 0.000 0.000 0.000 0.000 0.000
ARG+1A0039_005 1.000 1.000 1.000 1.000 1.000
LYS01A0040_001 0.000 0.000 0.000 0.000 0.000
LYS+1A0040_002 1.000 1.000 1.000 1.000 1.000
LEU01A0041_001 1.000 1.000 1.000 1.000 1.000
ILE01A0042_001 1.000 1.000 1.000 1.000 1.000
HIS01A0043_001 0.991 0.991 0.991 0.991 0.991
HIS02A0043_002 0.002 0.002 0.002 0.002 0.002
HIS+1A0043_003 0.007 0.007 0.007 0.007 0.007
LEU01A0044_001 1.000 1.000 1.000 1.000 1.000
GLU01A0045_001 0.000 0.000 0.000 0.000 0.000
GLU01A0045_002 0.000 0.000 0.000 0.000 0.000
GLU02A0045_003 0.000 0.000 0.000 0.000 0.000
GLU02A0045_004 0.003 0.004 0.004 0.004 0.004
GLU-1A0045_005 0.996 0.996 0.996 0.996 0.996
ILE01A0046_001 1.000 1.000 1.000 1.000 1.000
LYS01A0047_001 0.000 0.000 0.000 0.000 0.000
LYS+1A0047_002 1.000 1.000 1.000 1.000 1.000
PRO01A0048_001 1.000 1.000 1.000 1.000 1.000
ALA01A0049_001 1.000 1.000 1.000 1.000 1.000
ILE01A0050_001 1.000 1.000 1.000 1.000 1.000
ARG01A0051_001 0.000 0.000 0.000 0.000 0.000
ARG02A0051_002 0.000 0.000 0.000 0.000 0.000
ARG02A0051_003 0.005 0.005 0.005 0.005 0.005
ARG03A0051_004 0.000 0.000 0.000 0.000 0.000
ARG03A0051_005 0.000 0.000 0.000 0.000 0.000
ARG+1A0051_006 0.995 0.995 0.995 0.995 0.995
ASN01A0052_001 0.945 0.943 0.943 0.943 0.943
ASN01A0052_002 0.055 0.057 0.057 0.057 0.057
GLN01A0053_001 0.911 0.911 0.910 0.910 0.911
GLN01A0053_002 0.089 0.089 0.090 0.090 0.089
ILE01A0054_001 1.000 1.000 1.000 1.000 1.000
ILE01A0055_001 1.000 1.000 1.000 1.000 1.000
ARG01A0056_001 0.000 0.000 0.000 0.000 0.000
ARG02A0056_002 0.000 0.000 0.000 0.000 0.000
ARG03A0056_003 0.000 0.000 0.000 0.000 0.000
ARG+1A0056_004 1.000 1.000 1.000 1.000 1.000
GLU01A0057_001 0.000 0.000 0.000 0.000 0.000
GLU01A0057_002 0.000 0.000 0.000 0.000 0.000
GLU02A0057_003 0.000 0.000 0.000 0.000 0.000
GLU02A0057_004 0.000 0.000 0.000 0.000 0.000
GLU-1A0057_005 1.000 1.000 1.000 1.000 1.000
LEU01A0058_001 1.000 1.000 1.000 1.000 1.000
GLN01A0059_001 0.996 0.995 0.996 0.996 0.996
GLN01A0059_002 0.004 0.005 0.004 0.004 0.004
VAL01A0060_001 1.000 1.000 1.000 1.000 1.000
LEU01A0061_001 1.000 1.000 1.000 1.000 1.000
HIS01A0062_001 0.087 0.087 0.088 0.087 0.087
HIS01A0062_002 0.001 0.000 0.000 0.000 0.000
HIS02A0062_003 0.283 0.284 0.284 0.285 0.282
HIS02A0062_004 0.000 0.000 0.000 0.000 0.000
HIS+1A0062_005 0.629 0.628 0.628 0.628 0.630
HIS+1A0062_006 0.000 0.000 0.000 0.000 0.000
GLU01A0063_001 0.000 0.000 0.000 0.000 0.000
GLU01A0063_002 0.000 0.000 0.000 0.000 0.000
GLU02A0063_003 0.000 0.000 0.000 0.000 0.000
GLU02A0063_004 0.000 0.000 0.000 0.000 0.002
GLU-1A0063_005 1.000 1.000 1.000 1.000 0.998
CYS01A0064_001 0.235 0.236 0.236 0.235 0.236
CYS01A0064_002 0.573 0.572 0.573 0.573 0.573
CYS01A0064_003 0.192 0.191 0.191 0.191 0.190
CYS-1A0064_004 0.000 0.000 0.000 0.000 0.000
ASN01A0065_001 0.034 0.035 0.035 0.035 0.035
ASN01A0065_002 0.966 0.965 0.965 0.965 0.965
SER01A0066_001 0.000 0.000 0.000 0.000 0.000
SER01A0066_002 1.000 1.000 1.000 1.000 1.000
PRO01A0067_001 1.000 1.000 1.000 1.000 1.000
TYR01A0068_001 0.997 0.997 0.997 0.997 0.997
TYR-1A0068_002 0.003 0.003 0.003 0.003 0.003
ILE01A0069_001 1.000 1.000 1.000 1.000 1.000
VAL01A0070_001 1.000 1.000 1.000 1.000 1.000
PHE01A0072_001 1.000 1.000 1.000 1.000 1.000
TYR01A0073_001 1.000 1.000 1.000 1.000 1.000
TYR-1A0073_002 0.000 0.000 0.000 0.000 0.000
ALA01A0075_001 1.000 1.000 1.000 1.000 1.000
PHE01A0076_001 1.000 1.000 1.000 1.000 1.000
TYR01A0077_001 0.919 0.920 0.919 0.919 0.919
TYR-1A0077_002 0.081 0.080 0.081 0.081 0.081
SER01A0078_001 0.070 0.071 0.069 0.070 0.069
SER01A0078_002 0.930 0.929 0.931 0.930 0.931
ASP01A0079_001 0.000 0.000 0.000 0.000 0.000
ASP01A0079_002 0.000 0.000 0.000 0.000 0.000
ASP02A0079_003 0.000 0.000 0.000 0.000 0.000
ASP02A0079_004 0.000 0.000 0.000 0.000 0.000
ASP-1A0079_005 1.000 1.000 1.000 1.000 1.000
GLU01A0081_001 0.000 0.000 0.000 0.000 0.000
GLU01A0081_002 0.008 0.009 0.008 0.008 0.009
GLU02A0081_003 0.012 0.012 0.012 0.012 0.012
GLU02A0081_004 0.058 0.057 0.058 0.060 0.058
GLU-1A0081_005 0.921 0.922 0.921 0.919 0.921
ILE01A0082_001 1.000 1.000 1.000 1.000 1.000
SER01A0083_001 0.000 0.000 0.000 0.000 0.000
SER01A0083_002 1.000 1.000 1.000 1.000 1.000
SER01A0083_003 0.000 0.000 0.000 0.000 0.000
ILE01A0084_001 1.000 1.000 1.000 1.000 1.000
CYS01A0085_001 0.169 0.169 0.169 0.169 0.168
CYS01A0085_002 0.408 0.409 0.408 0.408 0.408
CYS01A0085_003 0.423 0.423 0.423 0.423 0.424
CYS-1A0085_004 0.000 0.000 0.000 0.000 0.000
MET01A0086_001 1.000 1.000 1.000 1.000 1.000
GLU01A0087_001 0.000 0.000 0.000 0.000 0.000
GLU01A0087_002 0.000 0.000 0.000 0.000 0.000
GLU02A0087_003 0.000 0.000 0.000 0.000 0.000
GLU02A0087_004 0.000 0.000 0.000 0.000 0.000
GLU-1A0087_005 1.000 1.000 1.000 1.000 1.000
HIS01A0088_001 0.189 0.187 0.188 0.189 0.189
HIS01A0088_002 0.270 0.270 0.270 0.268 0.269
HIS02A0088_003 0.353 0.355 0.354 0.354 0.355
HIS02A0088_004 0.185 0.184 0.184 0.185 0.184
HIS+1A0088_005 0.004 0.004 0.004 0.004 0.004
HIS+1A0088_006 0.000 0.000 0.000 0.000 0.000
MET01A0089_001 1.000 1.000 1.000 1.000 1.000
ASP01A0090_001 0.000 0.000 0.000 0.000 0.000
ASP01A0090_002 0.000 0.000 0.000 0.000 0.000
ASP02A0090_003 0.000 0.000 0.000 0.000 0.000
ASP02A0090_004 0.000 0.000 0.000 0.000 0.000
ASP-1A0090_005 1.000 1.000 1.000 1.000 1.000
SER01A0093_001 0.058 0.058 0.058 0.057 0.058
SER01A0093_002 0.942 0.942 0.942 0.943 0.942
LEU01A0094_001 1.000 1.000 1.000 1.000 1.000
ASP01A0095_001 0.000 0.000 0.000 0.000 0.000
ASP01A0095_002 0.000 0.000 0.000 0.000 0.000
ASP02A0095_003 0.000 0.000 0.000 0.000 0.000
ASP02A0095_004 0.000 0.000 0.000 0.000 0.000
ASP-1A0095_005 1.000 1.000 1.000 1.000 1.000
GLN01A0096_001 0.702 0.703 0.704 0.702 0.703
GLN01A0096_002 0.298 0.297 0.296 0.298 0.297
VAL01A0097_001 1.000 1.000 1.000 1.000 1.000
LEU01A0098_001 1.000 1.000 1.000 1.000 1.000
LYS01A0099_001 0.000 0.000 0.000 0.000 0.000
LYS+1A0099_002 1.000 1.000 1.000 1.000 1.000
LYS01A0100_001 0.000 0.000 0.000 0.000 0.000
LYS+1A0100_002 1.000 1.000 1.000 1.000 1.000
ALA01A0101_001 1.000 1.000 1.000 1.000 1.000
ARG01A0103_001 0.000 0.000 0.000 0.000 0.000
ARG02A0103_002 0.000 0.000 0.000 0.000 0.000
ARG03A0103_003 0.000 0.000 0.000 0.000 0.000
ARG+1A0103_004 1.000 1.000 1.000 1.000 1.000
ILE01A0104_001 1.000 1.000 1.000 1.000 1.000
PRO01A0105_001 1.000 1.000 1.000 1.000 1.000
GLU01A0106_001 0.000 0.000 0.000 0.000 0.000
GLU01A0106_002 0.000 0.000 0.000 0.000 0.000
GLU02A0106_003 0.000 0.000 0.000 0.000 0.000
GLU02A0106_004 0.000 0.000 0.000 0.000 0.000
GLU-1A0106_005 1.000 1.000 1.000 1.000 1.000
GLN01A0107_001 0.004 0.004 0.004 0.004 0.004
GLN01A0107_002 0.996 0.996 0.996 0.996 0.996
ILE01A0108_001 1.000 1.000 1.000 1.000 1.000
LEU01A0109_001 1.000 1.000 1.000 1.000 1.000
LYS01A0111_001 0.000 0.000 0.000 0.000 0.000
LYS+1A0111_002 1.000 1.000 1.000 1.000 1.000
VAL01A0112_001 1.000 1.000 1.000 1.000 1.000
SER01A0113_001 0.038 0.038 0.038 0.038 0.038
SER01A0113_002 0.962 0.962 0.962 0.962 0.962
ILE01A0114_001 1.000 1.000 1.000 1.000 1.000
ALA01A0115_001 1.000 1.000 1.000 1.000 1.000
VAL01A0116_001 1.000 1.000 1.000 1.000 1.000
ILE01A0117_001 1.000 1.000 1.000 1.000 1.000
LYS01A0118_001 0.001 0.001 0.000 0.001 0.000
LYS+1A0118_002 0.999 0.999 1.000 0.999 1.000
LEU01A0120_001 1.000 1.000 1.000 1.000 1.000
THR01A0121_001 0.074 0.075 0.075 0.076 0.075
THR01A0121_002 0.528 0.526 0.525 0.523 0.524
THR01A0121_003 0.398 0.399 0.400 0.401 0.401
TYR01A0122_001 0.986 0.986 0.987 0.987 0.986
TYR01A0122_002 0.011 0.012 0.011 0.011 0.012
TYR-1A0122_003 0.002 0.002 0.002 0.002 0.002
LEU01A0123_001 1.000 1.000 1.000 1.000 1.000
ARG01A0124_001 0.000 0.000 0.000 0.000 0.000
ARG02A0124_002 0.000 0.000 0.000 0.000 0.000
ARG03A0124_003 0.000 0.000 0.000 0.000 0.000
ARG+1A0124_004 1.000 1.000 1.000 1.000 1.000
GLU01A0125_001 0.000 0.000 0.000 0.000 0.000
GLU01A0125_002 0.000 0.000 0.000 0.000 0.000
GLU02A0125_003 0.000 0.000 0.000 0.000 0.000
GLU02A0125_004 0.000 0.000 0.000 0.000 0.000
GLU-1A0125_005 1.000 1.000 1.000 1.000 1.000
LYS01A0126_001 0.000 0.001 0.001 0.001 0.001
LYS+1A0126_002 1.000 0.999 0.999 0.999 0.999
HIS01A0127_001 0.883 0.883 0.883 0.883 0.882
HIS02A0127_002 0.098 0.097 0.098 0.097 0.099
HIS+1A0127_003 0.020 0.019 0.020 0.020 0.020
LYS01A0128_001 0.000 0.000 0.000 0.000 0.000
LYS+1A0128_002 1.000 1.000 1.000 1.000 1.000
ILE01A0129_001 1.000 1.000 1.000 1.000 1.000
MET01A0130_001 1.000 1.000 1.000 1.000 1.000
HIS01A0131_001 1.000 1.000 1.000 1.000 1.000
HIS02A0131_002 0.000 0.000 0.000 0.000 0.000
HIS+1A0131_003 0.000 0.000 0.000 0.000 0.000
ARG01A0132_001 0.000 0.000 0.000 0.000 0.000
ARG02A0132_002 0.000 0.000 0.000 0.000 0.000
ARG03A0132_003 0.000 0.000 0.000 0.000 0.000
ARG+1A0132_004 1.000 1.000 1.000 1.000 1.000
ASP01A0133_001 0.000 0.000 0.000 0.000 0.000
ASP01A0133_002 0.000 0.000 0.000 0.000 0.000
ASP02A0133_003 0.000 0.000 0.000 0.000 0.000
ASP02A0133_004 0.000 0.000 0.000 0.000 0.000
ASP-1A0133_005 1.000 1.000 1.000 1.000 1.000
VAL01A0134_001 1.000 1.000 1.000 1.000 1.000
LYS01A0135_001 0.000 0.000 0.000 0.000 0.000
LYS+1A0135_002 1.000 1.000 1.000 1.000 1.000
PRO01A0136_001 1.000 1.000 1.000 1.000 1.000
SER01A0137_001 0.030 0.030 0.029 0.030 0.030
SER01A0137_002 0.970 0.970 0.971 0.970 0.970
ASN01A0138_001 1.000 1.000 1.000 1.000 1.000
ASN01A0138_002 0.000 0.000 0.000 0.000 0.000
ILE01A0139_001 1.000 1.000 1.000 1.000 1.000
LEU01A0140_001 1.000 1.000 1.000 1.000 1.000
VAL01A0141_001 1.000 1.000 1.000 1.000 1.000
ASN01A0142_001 1.000 1.000 1.000 1.000 1.000
SER01A0143_001 0.788 0.786 0.790 0.788 0.789
SER01A0143_002 0.002 0.002 0.003 0.003 0.002
SER01A0143_003 0.209 0.211 0.208 0.209 0.209
ARG01A0144_001 0.000 0.000 0.000 0.000 0.000
ARG02A0144_002 0.000 0.000 0.000 0.000 0.000
ARG03A0144_003 0.000 0.000 0.000 0.000 0.000
ARG03A0144_004 0.000 0.000 0.000 0.000 0.000
ARG+1A0144_005 1.000 1.000 1.000 1.000 1.000
GLU01A0146_001 0.000 0.000 0.000 0.000 0.000
GLU01A0146_002 0.000 0.000 0.000 0.000 0.000
GLU02A0146_003 0.000 0.000 0.000 0.000 0.000
GLU02A0146_004 0.000 0.000 0.000 0.000 0.000
GLU-1A0146_005 1.000 1.000 1.000 1.000 1.000
ILE01A0147_001 1.000 1.000 1.000 1.000 1.000
LYS01A0148_001 0.000 0.000 0.000 0.000 0.000
LYS+1A0148_002 1.000 1.000 1.000 1.000 1.000
LEU01A0149_001 1.000 1.000 1.000 1.000 1.000
CYS01A0150_001 0.046 0.046 0.046 0.046 0.046
CYS01A0150_002 0.726 0.726 0.727 0.725 0.724
CYS01A0150_003 0.228 0.228 0.227 0.229 0.229
CYS-1A0150_004 0.000 0.000 0.000 0.000 0.000
ASP01A0151_001 0.000 0.000 0.000 0.000 0.000
ASP01A0151_002 0.000 0.000 0.000 0.000 0.000
ASP02A0151_003 0.000 0.000 0.000 0.000 0.000
ASP02A0151_004 0.000 0.000 0.000 0.000 0.000
ASP-1A0151_005 1.000 1.000 1.000 1.000 1.000
PHE01A0152_001 1.000 1.000 1.000 1.000 1.000
VAL01A0154_001 1.000 1.000 1.000 1.000 1.000
SER01A0155_001 0.003 0.003 0.003 0.003 0.003
SER01A0155_002 0.977 0.977 0.977 0.978 0.978
SER01A0155_003 0.019 0.019 0.020 0.019 0.019
GLN01A0157_001 0.958 0.959 0.959 0.958 0.959
GLN01A0157_002 0.042 0.041 0.041 0.042 0.041
LEU01A0158_001 1.000 1.000 1.000 1.000 1.000
ILE01A0159_001 1.000 1.000 1.000 1.000 1.000
ASP01A0160_001 0.000 0.000 0.000 0.000 0.000
ASP01A0160_002 0.000 0.000 0.000 0.000 0.000
ASP02A0160_003 0.000 0.000 0.000 0.000 0.000
ASP02A0160_004 0.000 0.001 0.000 0.000 0.001
ASP-1A0160_005 1.000 0.999 1.000 1.000 0.999
GLU01A0161_001 0.000 0.000 0.000 0.000 0.000
GLU01A0161_002 0.005 0.006 0.006 0.006 0.006
GLU02A0161_003 0.000 0.000 0.000 0.000 0.000
GLU02A0161_004 0.004 0.004 0.004 0.004 0.004
GLU-1A0161_005 0.991 0.990 0.990 0.990 0.990
MET01A0162_001 1.000 1.000 1.000 1.000 1.000
ALA01A0163_001 1.000 1.000 1.000 1.000 1.000
ASN01A0164_001 0.388 0.387 0.388 0.387 0.387
ASN01A0164_002 0.612 0.613 0.612 0.613 0.613
GLU01A0165_001 0.000 0.000 0.000 0.000 0.000
GLU01A0165_002 0.000 0.002 0.001 0.000 0.000
GLU02A0165_003 0.000 0.000 0.000 0.000 0.000
GLU02A0165_004 0.003 0.000 0.002 0.000 0.004
GLU-1A0165_005 0.997 0.997 0.997 1.000 0.996
PHE01A0166_001 1.000 1.000 1.000 1.000 1.000
VAL01A0167_001 1.000 1.000 1.000 1.000 1.000
THR01A0169_001 0.000 0.000 0.000 0.000 0.000
THR01A0169_002 0.521 0.522 0.523 0.524 0.521
THR01A0169_003 0.479 0.478 0.477 0.476 0.479
ARG01A0170_001 0.000 0.000 0.000 0.000 0.000
ARG02A0170_002 1.000 1.000 1.000 1.000 1.000
ARG02A0170_003 0.000 0.000 0.000 0.000 0.000
ARG03A0170_004 0.000 0.000 0.000 0.000 0.000
ARG+1A0170_005 0.000 0.000 0.000 0.000 0.000
SER01A0171_001 0.725 0.725 0.725 0.725 0.726
SER01A0171_002 0.275 0.275 0.275 0.275 0.274
TYR01A0172_001 0.999 0.999 0.999 0.998 0.998
TYR01A0172_002 0.001 0.001 0.001 0.002 0.002
TYR-1A0172_003 0.000 0.000 0.000 0.000 0.000
MET01A0173_001 1.000 1.000 1.000 1.000 1.000
SER01A0174_001 0.000 0.000 0.000 0.000 0.000
SER01A0174_002 0.000 0.000 0.000 0.000 0.000
SER01A0174_003 1.000 1.000 1.000 1.000 1.000
PRO01A0175_001 1.000 1.000 1.000 1.000 1.000
GLU01A0176_001 0.000 0.000 0.000 0.000 0.000
GLU01A0176_002 0.000 0.000 0.000 0.000 0.000
GLU02A0176_003 0.000 0.000 0.000 0.000 0.000
GLU02A0176_004 0.000 0.000 0.000 0.000 0.000
GLU-1A0176_005 1.000 1.000 1.000 1.000 1.000
ARG01A0177_001 0.000 0.000 0.000 0.000 0.000
ARG02A0177_002 0.000 0.000 0.000 0.000 0.000
ARG03A0177_003 0.000 0.000 0.000 0.000 0.000
ARG+1A0177_004 1.000 1.000 1.000 1.000 1.000
LEU01A0178_001 1.000 1.000 1.000 1.000 1.000
GLN01A0179_001 0.574 0.573 0.575 0.571 0.575
GLN01A0179_002 0.426 0.427 0.425 0.429 0.425
THR01A0181_001 1.000 1.000 1.000 1.000 1.000
HIS01A0182_001 0.110 0.110 0.109 0.110 0.109
HIS01A0182_002 0.224 0.223 0.223 0.222 0.224
HIS02A0182_003 0.162 0.164 0.163 0.162 0.163
HIS02A0182_004 0.230 0.229 0.230 0.230 0.231
HIS+1A0182_005 0.101 0.101 0.101 0.100 0.100
HIS+1A0182_006 0.174 0.173 0.174 0.175 0.172
TYR01A0183_001 0.000 0.001 0.000 0.000 0.000
TYR01A0183_002 1.000 0.999 1.000 1.000 1.000
TYR-1A0183_003 0.000 0.000 0.000 0.000 0.000
SER01A0184_001 0.016 0.016 0.016 0.016 0.016
SER01A0184_002 0.000 0.000 0.000 0.000 0.000
SER01A0184_003 0.984 0.984 0.984 0.984 0.984
VAL01A0185_001 1.000 1.000 1.000 1.000 1.000
GLN01A0186_001 0.312 0.313 0.312 0.311 0.312
GLN01A0186_002 0.688 0.687 0.688 0.689 0.688
SER01A0187_001 0.036 0.037 0.036 0.036 0.037
SER01A0187_002 0.038 0.038 0.038 0.038 0.038
SER01A0187_003 0.926 0.925 0.926 0.925 0.925
ASP01A0188_001 0.000 0.000 0.000 0.000 0.000
ASP01A0188_002 0.000 0.000 0.000 0.000 0.000
ASP02A0188_003 0.000 0.000 0.000 0.000 0.000
ASP02A0188_004 0.000 0.000 0.000 0.000 0.000
ASP-1A0188_005 1.000 1.000 1.000 1.000 1.000
ILE01A0189_001 1.000 1.000 1.000 1.000 1.000
TRP01A0190_001 1.000 1.000 1.000 1.000 1.000
SER01A0191_001 0.830 0.832 0.831 0.832 0.830
SER01A0191_002 0.170 0.168 0.169 0.168 0.170
MET01A0192_001 1.000 1.000 1.000 1.000 1.000
LEU01A0194_001 1.000 1.000 1.000 1.000 1.000
SER01A0195_001 0.030 0.030 0.030 0.030 0.030
SER01A0195_002 0.957 0.958 0.958 0.958 0.958
SER01A0195_003 0.012 0.012 0.012 0.012 0.012
LEU01A0196_001 1.000 1.000 1.000 1.000 1.000
VAL01A0197_001 1.000 1.000 1.000 1.000 1.000
GLU01A0198_001 0.000 0.000 0.000 0.000 0.000
GLU01A0198_002 0.000 0.000 0.000 0.000 0.000
GLU02A0198_003 0.000 0.000 0.000 0.000 0.000
GLU02A0198_004 0.013 0.013 0.013 0.012 0.013
GLU-1A0198_005 0.987 0.987 0.987 0.988 0.987
MET01A0199_001 1.000 1.000 1.000 1.000 1.000
ALA01A0200_001 1.000 1.000 1.000 1.000 1.000
VAL01A0201_001 1.000 1.000 1.000 1.000 1.000
ARG01A0203_001 0.000 0.000 0.000 0.000 0.000
ARG02A0203_002 0.000 0.000 0.000 0.000 0.000
ARG03A0203_003 0.000 0.000 0.000 0.000 0.000
ARG+1A0203_004 1.000 1.000 1.000 1.000 1.000
TYR01A0204_001 0.981 0.981 0.981 0.981 0.981
TYR01A0204_002 0.019 0.019 0.019 0.019 0.019
TYR-1A0204_003 0.000 0.000 0.000 0.000 0.000
PRO01A0205_001 1.000 1.000 1.000 1.000 1.000
ARG01A0206_001 0.000 0.000 0.000 0.000 0.000
ARG02A0206_002 0.000 0.000 0.000 0.000 0.000
ARG03A0206_003 0.000 0.000 0.000 0.000 0.000
ARG+1A0206_004 1.000 1.000 1.000 1.000 1.000
PRO01A0207_001 1.000 1.000 1.000 1.000 1.000
PRO01A0208_001 1.000 1.000 1.000 1.000 1.000
MET01A0209_001 1.000 1.000 1.000 1.000 1.000
ALA01A0210_001 1.000 1.000 1.000 1.000 1.000
ILE01A0211_001 1.000 1.000 1.000 1.000 1.000
PHE01A0212_001 1.000 1.000 1.000 1.000 1.000
GLU01A0213_001 0.000 0.000 0.000 0.000 0.000
GLU01A0213_002 0.000 0.000 0.000 0.000 0.000
GLU02A0213_003 0.000 0.000 0.000 0.000 0.000
GLU02A0213_004 0.001 0.000 0.000 0.000 0.000
GLU-1A0213_005 0.999 1.000 1.000 1.000 1.000
LEU01A0214_001 1.000 1.000 1.000 1.000 1.000
LEU01A0215_001 1.000 1.000 1.000 1.000 1.000
ASP01A0216_001 0.000 0.000 0.000 0.000 0.000
ASP01A0216_002 0.000 0.000 0.000 0.000 0.000
ASP02A0216_003 0.000 0.000 0.000 0.000 0.000
ASP02A0216_004 0.002 0.000 0.002 0.002 0.000
ASP-1A0216_005 0.998 1.000 0.998 0.998 1.000
TYR01A0217_001 1.000 1.000 1.000 1.000 1.000
TYR-1A0217_002 0.000 0.000 0.000 0.000 0.000
ILE01A0218_001 1.000 1.000 1.000 1.000 1.000
VAL01A0219_001 1.000 1.000 1.000 1.000 1.000
ASN01A0220_001 0.330 0.332 0.332 0.332 0.333
ASN01A0220_002 0.670 0.668 0.668 0.668 0.667
GLU01A0221_001 0.000 0.000 0.000 0.000 0.000
GLU01A0221_002 0.000 0.000 0.000 0.000 0.000
GLU02A0221_003 0.000 0.000 0.000 0.000 0.000
GLU02A0221_004 0.000 0.000 0.000 0.000 0.000
GLU-1A0221_005 1.000 1.000 1.000 1.000 1.000
PRO01A0222_001 1.000 1.000 1.000 1.000 1.000
PRO01A0223_001 1.000 1.000 1.000 1.000 1.000
PRO01A0224_001 1.000 1.000 1.000 1.000 1.000
LYS01A0225_001 0.000 0.000 0.000 0.000 0.000
LYS+1A0225_002 1.000 1.000 1.000 1.000 1.000
LEU01A0226_001 1.000 1.000 1.000 1.000 1.000
PRO01A0227_001 1.000 1.000 1.000 1.000 1.000
SER01A0228_001 1.000 1.000 1.000 1.000 1.000
ALA01A0229_001 1.000 1.000 1.000 1.000 1.000
VAL01A0230_001 1.000 1.000 1.000 1.000 1.000
PHE01A0231_001 1.000 1.000 1.000 1.000 1.000
SER01A0232_001 1.000 1.000 1.000 1.000 1.000
SER01A0232_002 0.000 0.000 0.000 0.000 0.000
SER01A0232_003 0.000 0.000 0.000 0.000 0.000
LEU01A0233_001 1.000 1.000 1.000 1.000 1.000
GLU01A0234_001 0.000 0.000 0.000 0.000 0.000
GLU01A0234_002 0.000 0.000 0.000 0.000 0.000
GLU02A0234_003 0.000 0.000 0.000 0.000 0.000
GLU02A0234_004 0.000 0.000 0.000 0.000 0.000
GLU-1A0234_005 1.000 1.000 1.000 1.000 1.000
PHE01A0235_001 1.000 1.000 1.000 1.000 1.000
GLN01A0236_001 0.951 0.952 0.952 0.952 0.952
GLN01A0236_002 0.049 0.048 0.048 0.048 0.048
ASP01A0237_001 0.000 0.000 0.000 0.000 0.000
ASP01A0237_002 0.000 0.000 0.000 0.000 0.000
ASP02A0237_003 0.000 0.000 0.000 0.000 0.000
ASP02A0237_004 0.000 0.000 0.000 0.000 0.000
ASP-1A0237_005 1.000 1.000 1.000 1.000 1.000
PHE01A0238_001 1.000 1.000 1.000 1.000 1.000
VAL01A0239_001 1.000 1.000 1.000 1.000 1.000
ASN01A0240_001 0.147 0.148 0.149 0.147 0.148
ASN01A0240_002 0.853 0.852 0.851 0.853 0.852
LYS01A0241_001 0.000 0.000 0.000 0.000 0.000
LYS+1A0241_002 1.000 1.000 1.000 1.000 1.000
CYS01A0242_001 0.252 0.253 0.252 0.252 0.251
CYS01A0242_002 0.529 0.528 0.528 0.528 0.530
CYS01A0242_003 0.220 0.219 0.220 0.219 0.219
CYS-1A0242_004 0.000 0.000 0.000 0.000 0.000
LEU01A0243_001 1.000 1.000 1.000 1.000 1.000
ILE01A0244_001 1.000 1.000 1.000 1.000 1.000
LYS01A0245_001 0.073 0.073 0.073 0.072 0.072
LYS+1A0245_002 0.927 0.927 0.927 0.928 0.928
ASN01A0246_001 1.000 1.000 1.000 1.000 1.000
ASN01A0246_002 0.000 0.000 0.000 0.000 0.000
PRO01A0247_001 1.000 1.000 1.000 1.000 1.000
ALA01A0248_001 1.000 1.000 1.000 1.000 1.000
GLU01A0249_001 0.000 0.000 0.000 0.000 0.000
GLU01A0249_002 0.000 0.000 0.000 0.000 0.000
GLU02A0249_003 0.000 0.000 0.000 0.000 0.000
GLU02A0249_004 0.000 0.000 0.000 0.000 0.000
GLU-1A0249_005 1.000 1.000 1.000 1.000 1.000
ARG01A0250_001 0.000 0.000 0.000 0.000 0.000
ARG02A0250_002 0.000 0.000 0.000 0.000 0.000
ARG02A0250_003 0.000 0.000 0.000 0.000 0.000
ARG03A0250_004 0.000 0.000 0.000 0.000 0.000
ARG03A0250_005 0.000 0.000 0.000 0.000 0.000
ARG+1A0250_006 1.000 1.000 1.000 1.000 1.000
ALA01A0251_001 1.000 1.000 1.000 1.000 1.000
ASP01A0252_001 0.000 0.000 0.000 0.000 0.000
ASP01A0252_002 0.000 0.000 0.000 0.000 0.000
ASP02A0252_003 0.000 0.000 0.000 0.000 0.000
ASP02A0252_004 0.000 0.000 0.000 0.000 0.000
ASP-1A0252_005 1.000 1.000 1.000 1.000 1.000
LEU01A0253_001 1.000 1.000 1.000 1.000 1.000
LYS01A0254_001 0.000 0.000 0.000 0.000 0.000
LYS+1A0254_002 1.000 1.000 1.000 1.000 1.000
GLN01A0255_001 0.996 0.996 0.996 0.996 0.996
GLN01A0255_002 0.004 0.004 0.004 0.004 0.004
LEU01A0256_001 1.000 1.000 1.000 1.000 1.000
MET01A0257_001 1.000 1.000 1.000 1.000 1.000
VAL01A0258_001 1.000 1.000 1.000 1.000 1.000
HIS01A0259_001 1.000 1.000 1.000 1.000 1.000
HIS02A0259_002 0.000 0.000 0.000 0.000 0.000
HIS+1A0259_003 0.000 0.000 0.000 0.000 0.000
ALA01A0260_001 1.000 1.000 1.000 1.000 1.000
PHE01A0261_001 1.000 1.000 1.000 1.000 1.000
ILE01A0262_001 1.000 1.000 1.000 1.000 1.000
LYS01A0263_001 0.000 0.000 0.000 0.000 0.000
LYS+1A0263_002 1.000 1.000 1.000 1.000 1.000
ARG01A0264_001 0.000 0.000 0.000 0.000 0.000
ARG02A0264_002 0.000 0.000 0.000 0.000 0.000
ARG02A0264_003 0.000 0.000 0.000 0.000 0.000
ARG03A0264_004 0.000 0.000 0.000 0.000 0.000
ARG03A0264_005 0.000 0.000 0.000 0.000 0.000
ARG+1A0264_006 1.000 1.000 1.000 1.000 1.000
SER01A0265_001 0.166 0.167 0.168 0.166 0.167
SER01A0265_002 0.753 0.752 0.752 0.753 0.752
SER01A0265_003 0.081 0.081 0.080 0.080 0.081
ASP01A0266_001 0.000 0.000 0.000 0.000 0.000
ASP01A0266_002 0.000 0.000 0.000 0.000 0.000
ASP02A0266_003 0.000 0.000 0.000 0.000 0.000
ASP02A0266_004 0.000 0.000 0.000 0.000 0.000
ASP-1A0266_005 1.000 1.000 1.000 1.000 1.000
ALA01A0267_001 1.000 1.000 1.000 1.000 1.000
GLU01A0268_001 0.000 0.000 0.000 0.000 0.000
GLU01A0268_002 0.000 0.000 0.000 0.000 0.000
GLU02A0268_003 0.002 0.002 0.000 0.002 0.002
GLU02A0268_004 0.000 0.000 0.000 0.000 0.000
GLU-1A0268_005 0.998 0.997 1.000 0.997 0.998
GLU01A0269_001 0.000 0.000 0.000 0.000 0.000
GLU01A0269_002 0.000 0.000 0.000 0.000 0.000
GLU02A0269_003 0.000 0.000 0.000 0.000 0.000
GLU02A0269_004 0.000 0.000 0.000 0.000 0.000
GLU-1A0269_005 1.000 1.000 1.000 1.000 1.000
VAL01A0270_001 1.000 1.000 1.000 1.000 1.000
ASP01A0271_001 0.000 0.000 0.000 0.000 0.000
ASP01A0271_002 0.000 0.000 0.000 0.000 0.000
ASP02A0271_003 0.000 0.000 0.000 0.000 0.000
ASP02A0271_004 0.000 0.000 0.000 0.000 0.000
ASP-1A0271_005 1.000 1.000 1.000 1.000 1.000
PHE01A0272_001 1.000 1.000 1.000 1.000 1.000
ALA01A0273_001 1.000 1.000 1.000 1.000 1.000
TRP01A0275_001 1.000 1.000 1.000 1.000 1.000
LEU01A0276_001 1.000 1.000 1.000 1.000 1.000
CYS01A0277_001 0.101 0.099 0.100 0.101 0.100
CYS01A0277_002 0.461 0.462 0.462 0.462 0.461
CYS01A0277_003 0.438 0.438 0.439 0.437 0.439
CYS-1A0277_004 0.000 0.000 0.000 0.000 0.000
SER01A0278_001 1.000 1.000 1.000 1.000 1.000
THR01A0279_001 1.000 1.000 1.000 1.000 1.000
ILE01A0280_001 1.000 1.000 1.000 1.000 1.000
LEU01A0282_001 1.000 1.000 1.000 1.000 1.000
EUI+1B0001_001 0.000 0.000 0.000 0.000 0.000
EUI+1B0001_002 0.000 0.000 0.000 0.000 0.000
EUI+1B0001_003 0.000 0.000 0.000 0.000 0.000
EUI01B0001_004 0.224 0.224 0.224 0.225 0.224
EUI01B0001_005 0.277 0.277 0.277 0.277 0.277
EUI01B0001_006 0.102 0.102 0.102 0.103 0.101
EUI02B0001_007 0.396 0.397 0.397 0.395 0.398
EUIDMB0001_008 0.000 0.000 0.000 0.000 0.000
