 ph              7.4   7.4   7.4   7.4   7.4
LEU01A0001_001 1.000 1.000 1.000 1.000 1.000
PRO01A0002_001 1.000 1.000 1.000 1.000 1.000
LEU01A0003_001 1.000 1.000 1.000 1.000 1.000
ASP01A0004_001 0.000 0.000 0.000 0.000 0.000
ASP01A0004_002 0.000 0.000 0.000 0.000 0.000
ASP02A0004_003 0.000 0.000 0.000 0.000 0.000
ASP02A0004_004 0.000 0.000 0.000 0.000 0.000
ASP-1A0004_005 1.000 1.000 1.000 1.000 1.000
PRO01A0005_001 1.000 1.000 1.000 1.000 1.000
LEU01A0006_001 1.000 1.000 1.000 1.000 1.000
TRP01A0007_001 1.000 1.000 1.000 1.000 1.000
GLU01A0008_001 0.000 0.000 0.000 0.000 0.000
GLU01A0008_002 0.000 0.000 0.000 0.000 0.000
GLU02A0008_003 0.000 0.000 0.000 0.001 0.000
GLU02A0008_004 0.000 0.000 0.000 0.000 0.000
GLU-1A0008_005 1.000 1.000 1.000 0.999 1.000
PHE01A0009_001 1.000 1.000 1.000 1.000 1.000
PRO01A0010_001 1.000 1.000 1.000 1.000 1.000
ARG01A0011_001 0.000 0.000 0.000 0.000 0.000
ARG02A0011_002 0.000 0.000 0.000 0.000 0.000
ARG03A0011_003 0.000 0.000 0.000 0.000 0.000
ARG+1A0011_004 1.000 1.000 1.000 1.000 1.000
ASP01A0012_001 0.000 0.000 0.000 0.000 0.000
ASP01A0012_002 0.000 0.000 0.000 0.000 0.000
ASP02A0012_003 0.000 0.000 0.000 0.000 0.000
ASP02A0012_004 0.000 0.000 0.000 0.000 0.000
ASP-1A0012_005 1.000 1.000 1.000 1.000 1.000
ARG01A0013_001 0.000 0.000 0.000 0.000 0.000
ARG02A0013_002 0.000 0.000 0.000 0.000 0.000
ARG03A0013_003 0.000 0.000 0.000 0.000 0.000
ARG+1A0013_004 1.000 1.000 1.000 1.000 1.000
LEU01A0014_001 1.000 1.000 1.000 1.000 1.000
VAL01A0015_001 1.000 1.000 1.000 1.000 1.000
LEU01A0016_001 1.000 1.000 1.000 1.000 1.000
LYS01A0018_001 0.000 0.001 0.001 0.002 0.002
LYS+1A0018_002 1.000 0.999 0.999 0.998 0.998
PRO01A0019_001 1.000 1.000 1.000 1.000 1.000
LEU01A0020_001 1.000 1.000 1.000 1.000 1.000
GLU01A0022_001 0.000 0.000 0.000 0.000 0.000
GLU01A0022_002 0.000 0.000 0.000 0.000 0.000
GLU02A0022_003 0.000 0.000 0.000 0.000 0.000
GLU02A0022_004 0.000 0.000 0.000 0.000 0.000
GLU-1A0022_005 1.000 1.000 1.000 1.000 1.000
ALA01A0024_001 1.000 1.000 1.000 1.000 1.000
PHE01A0025_001 1.000 1.000 1.000 1.000 1.000
GLN01A0027_001 0.910 0.913 0.908 0.910 0.912
GLN01A0027_002 0.090 0.087 0.092 0.090 0.088
VAL01A0028_001 1.000 1.000 1.000 1.000 1.000
VAL01A0029_001 1.000 1.000 1.000 1.000 1.000
ARG01A0030_001 0.000 0.000 0.000 0.000 0.000
ARG02A0030_002 0.000 0.000 0.000 0.000 0.000
ARG03A0030_003 0.000 0.000 0.000 0.000 0.000
ARG+1A0030_004 1.000 1.000 1.000 1.000 1.000
ALA01A0031_001 1.000 1.000 1.000 1.000 1.000
GLU01A0032_001 0.000 0.000 0.000 0.000 0.000
GLU01A0032_002 0.000 0.001 0.001 0.001 0.000
GLU02A0032_003 0.000 0.000 0.000 0.000 0.000
GLU02A0032_004 0.000 0.006 0.004 0.005 0.009
GLU-1A0032_005 1.000 0.993 0.995 0.993 0.991
ALA01A0033_001 1.000 1.000 1.000 1.000 1.000
PHE01A0034_001 1.000 1.000 1.000 1.000 1.000
MET01A0036_001 1.000 1.000 1.000 1.000 1.000
ASP01A0037_001 0.000 0.000 0.000 0.000 0.000
ASP01A0037_002 0.000 0.000 0.000 0.000 0.000
ASP02A0037_003 0.000 0.000 0.000 0.000 0.000
ASP02A0037_004 0.000 0.000 0.000 0.000 0.000
ASP-1A0037_005 1.000 1.000 1.000 1.000 1.000
PRO01A0038_001 1.000 1.000 1.000 1.000 1.000
ALA01A0039_001 1.000 1.000 1.000 1.000 1.000
ARG01A0040_001 0.000 0.000 0.000 0.000 0.000
ARG02A0040_002 0.000 0.000 0.000 0.000 0.000
ARG03A0040_003 0.000 0.000 0.000 0.000 0.000
ARG+1A0040_004 1.000 1.000 1.000 1.000 1.000
PRO01A0041_001 1.000 1.000 1.000 1.000 1.000
ASP01A0042_001 0.000 0.000 0.000 0.000 0.000
ASP01A0042_002 0.000 0.000 0.000 0.000 0.000
ASP02A0042_003 0.000 0.000 0.000 0.000 0.000
ASP02A0042_004 0.000 0.000 0.000 0.000 0.000
ASP-1A0042_005 1.000 1.000 1.000 1.000 1.000
GLN01A0043_001 0.614 0.604 0.611 0.613 0.613
GLN01A0043_002 0.386 0.396 0.389 0.387 0.387
ALA01A0044_001 1.000 1.000 1.000 1.000 1.000
SER01A0045_001 1.000 1.000 1.000 1.000 1.000
THR01A0046_001 1.000 1.000 1.000 1.000 1.000
VAL01A0047_001 1.000 1.000 1.000 1.000 1.000
ALA01A0048_001 1.000 1.000 1.000 1.000 1.000
VAL01A0049_001 1.000 1.000 1.000 1.000 1.000
LYS01A0050_001 0.000 0.000 0.000 0.000 0.000
LYS+1A0050_002 1.000 1.000 1.000 1.000 1.000
MET01A0051_001 1.000 1.000 1.000 1.000 1.000
LEU01A0052_001 1.000 1.000 1.000 1.000 1.000
LYS01A0053_001 0.000 0.000 0.000 0.000 0.000
LYS+1A0053_002 1.000 1.000 1.000 1.000 1.000
ASP01A0054_001 0.000 0.000 0.000 0.000 0.000
ASP01A0054_002 0.000 0.000 0.000 0.000 0.000
ASP02A0054_003 0.000 0.000 0.000 0.000 0.000
ASP02A0054_004 0.000 0.000 0.000 0.000 0.000
ASP-1A0054_005 1.000 1.000 1.000 1.000 1.000
ASN01A0055_001 0.341 0.348 0.343 0.344 0.346
ASN01A0055_002 0.659 0.652 0.657 0.656 0.654
ALA01A0056_001 1.000 1.000 1.000 1.000 1.000
SER01A0057_001 0.053 0.054 0.054 0.052 0.052
SER01A0057_002 0.947 0.946 0.946 0.948 0.948
ASP01A0058_001 0.000 0.000 0.000 0.000 0.000
ASP01A0058_002 0.000 0.000 0.000 0.000 0.000
ASP02A0058_003 0.000 0.000 0.000 0.000 0.000
ASP02A0058_004 0.000 0.000 0.000 0.000 0.000
ASP-1A0058_005 1.000 1.000 1.000 1.000 1.000
LYS01A0059_001 0.001 0.001 0.000 0.000 0.001
LYS+1A0059_002 0.999 0.999 1.000 1.000 0.999
ASP01A0060_001 0.000 0.000 0.000 0.000 0.000
ASP01A0060_002 0.000 0.000 0.000 0.000 0.000
ASP02A0060_003 0.000 0.000 0.000 0.000 0.000
ASP02A0060_004 0.000 0.000 0.000 0.000 0.000
ASP-1A0060_005 1.000 1.000 1.000 1.000 1.000
LEU01A0061_001 1.000 1.000 1.000 1.000 1.000
ALA01A0062_001 1.000 1.000 1.000 1.000 1.000
ASP01A0063_001 0.000 0.000 0.000 0.000 0.000
ASP01A0063_002 0.001 0.000 0.000 0.001 0.002
ASP02A0063_003 0.000 0.000 0.000 0.000 0.000
ASP02A0063_004 0.001 0.000 0.002 0.001 0.000
ASP-1A0063_005 0.998 1.000 0.998 0.998 0.998
LEU01A0064_001 1.000 1.000 1.000 1.000 1.000
VAL01A0065_001 1.000 1.000 1.000 1.000 1.000
SER01A0066_001 1.000 1.000 1.000 1.000 1.000
GLU01A0067_001 0.000 0.000 0.000 0.000 0.000
GLU01A0067_002 0.000 0.000 0.000 0.000 0.000
GLU02A0067_003 0.000 0.000 0.000 0.000 0.000
GLU02A0067_004 0.000 0.000 0.000 0.000 0.000
GLU-1A0067_005 1.000 1.000 1.000 1.000 1.000
MET01A0068_001 1.000 1.000 1.000 1.000 1.000
GLU01A0069_001 0.000 0.000 0.000 0.000 0.000
GLU01A0069_002 0.000 0.001 0.001 0.001 0.000
GLU02A0069_003 0.000 0.000 0.000 0.000 0.000
GLU02A0069_004 0.000 0.000 0.001 0.000 0.000
GLU-1A0069_005 1.000 0.999 0.997 0.998 1.000
VAL01A0070_001 1.000 1.000 1.000 1.000 1.000
MET01A0071_001 1.000 1.000 1.000 1.000 1.000
LYS01A0072_001 0.000 0.000 0.000 0.000 0.000
LYS+1A0072_002 1.000 1.000 1.000 1.000 1.000
LEU01A0073_001 1.000 1.000 1.000 1.000 1.000
ILE01A0074_001 1.000 1.000 1.000 1.000 1.000
ARG01A0076_001 0.000 0.000 0.000 0.000 0.000
ARG02A0076_002 0.000 0.000 0.000 0.000 0.000
ARG03A0076_003 0.000 0.000 0.000 0.000 0.000
ARG+1A0076_004 1.000 1.000 1.000 1.000 1.000
HIS01A0077_001 1.000 1.000 1.000 1.000 1.000
HIS02A0077_002 0.000 0.000 0.000 0.000 0.000
HIS+1A0077_003 0.000 0.000 0.000 0.000 0.000
LYS01A0078_001 0.007 0.008 0.007 0.008 0.009
LYS+1A0078_002 0.993 0.992 0.993 0.992 0.991
ASN01A0079_001 0.988 0.989 0.990 0.989 0.989
ASN01A0079_002 0.012 0.011 0.010 0.011 0.011
ILE01A0080_001 1.000 1.000 1.000 1.000 1.000
ILE01A0081_001 1.000 1.000 1.000 1.000 1.000
ASN01A0082_001 0.997 1.000 0.997 1.000 0.997
ASN01A0082_002 0.003 0.000 0.003 0.000 0.003
LEU01A0083_001 1.000 1.000 1.000 1.000 1.000
LEU01A0084_001 1.000 1.000 1.000 1.000 1.000
VAL01A0086_001 1.000 1.000 1.000 1.000 1.000
CYS01A0087_001 0.839 0.839 0.844 0.843 0.840
CYS01A0087_002 0.074 0.074 0.071 0.072 0.070
CYS01A0087_003 0.087 0.087 0.085 0.085 0.090
CYS-1A0087_004 0.000 0.000 0.000 0.000 0.000
THR01A0088_001 0.216 0.214 0.219 0.221 0.222
THR01A0088_002 0.062 0.062 0.066 0.064 0.063
THR01A0088_003 0.722 0.724 0.715 0.714 0.715
GLN01A0089_001 0.677 0.673 0.678 0.677 0.675
GLN01A0089_002 0.323 0.327 0.322 0.323 0.325
GLU01A0090_001 0.000 0.000 0.000 0.000 0.000
GLU01A0090_002 0.000 0.000 0.000 0.000 0.000
GLU02A0090_003 0.000 0.000 0.000 0.000 0.000
GLU02A0090_004 0.001 0.000 0.000 0.000 0.001
GLU-1A0090_005 0.999 1.000 1.000 1.000 0.999
PRO01A0092_001 1.000 1.000 1.000 1.000 1.000
LEU01A0093_001 1.000 1.000 1.000 1.000 1.000
TYR01A0094_001 1.000 1.000 1.000 1.000 1.000
TYR-1A0094_002 0.000 0.000 0.000 0.000 0.000
VAL01A0095_001 1.000 1.000 1.000 1.000 1.000
ILE01A0096_001 1.000 1.000 1.000 1.000 1.000
VAL01A0097_001 1.000 1.000 1.000 1.000 1.000
GLU01A0098_001 0.000 0.000 0.000 0.000 0.000
GLU01A0098_002 0.000 0.000 0.000 0.000 0.000
GLU02A0098_003 0.000 0.000 0.000 0.000 0.000
GLU02A0098_004 0.000 0.002 0.000 0.000 0.000
GLU-1A0098_005 1.000 0.998 1.000 1.000 1.000
CYS01A0099_001 0.452 0.450 0.448 0.448 0.450
CYS01A0099_002 0.206 0.208 0.210 0.206 0.204
CYS01A0099_003 0.342 0.341 0.342 0.347 0.345
CYS-1A0099_004 0.000 0.000 0.000 0.000 0.000
ALA01A0100_001 1.000 1.000 1.000 1.000 1.000
ALA01A0101_001 1.000 1.000 1.000 1.000 1.000
LYS01A0102_001 0.044 0.048 0.046 0.046 0.046
LYS+1A0102_002 0.956 0.952 0.954 0.954 0.954
ASN01A0104_001 1.000 1.000 1.000 1.000 1.000
ASN01A0104_002 0.000 0.000 0.000 0.000 0.000
LEU01A0105_001 1.000 1.000 1.000 1.000 1.000
ARG01A0106_001 0.000 0.000 0.000 0.000 0.000
ARG02A0106_002 0.000 0.000 0.000 0.000 0.000
ARG03A0106_003 0.000 0.000 0.000 0.000 0.000
ARG+1A0106_004 1.000 1.000 1.000 1.000 1.000
GLU01A0107_001 0.000 0.000 0.000 0.000 0.000
GLU01A0107_002 0.000 0.000 0.000 0.000 0.000
GLU02A0107_003 0.000 0.000 0.000 0.000 0.000
GLU02A0107_004 0.000 0.000 0.000 0.000 0.000
GLU-1A0107_005 1.000 1.000 1.000 1.000 1.000
PHE01A0108_001 1.000 1.000 1.000 1.000 1.000
LEU01A0109_001 1.000 1.000 1.000 1.000 1.000
ARG01A0110_001 0.000 0.000 0.000 0.000 0.000
ARG02A0110_002 0.000 0.000 0.000 0.000 0.000
ARG03A0110_003 0.000 0.000 0.000 0.000 0.000
ARG+1A0110_004 1.000 1.000 1.000 1.000 1.000
ALA01A0111_001 1.000 1.000 1.000 1.000 1.000
ARG01A0112_001 0.000 0.000 0.000 0.000 0.000
ARG02A0112_002 0.000 0.000 0.000 0.000 0.000
ARG03A0112_003 0.000 0.000 0.000 0.000 0.000
ARG03A0112_004 0.000 0.000 0.000 0.000 0.000
ARG+1A0112_005 1.000 1.000 1.000 1.000 1.000
ARG01A0113_001 0.000 0.000 0.000 0.000 0.000
ARG02A0113_002 0.000 0.000 0.000 0.000 0.000
ARG03A0113_003 0.000 0.000 0.000 0.000 0.000
ARG+1A0113_004 1.000 1.000 1.000 1.000 1.000
PRO01A0114_001 1.000 1.000 1.000 1.000 1.000
PRO01A0115_001 1.000 1.000 1.000 1.000 1.000
PRO01A0117_001 1.000 1.000 1.000 1.000 1.000
ASP01A0118_001 0.000 0.000 0.000 0.000 0.000
ASP01A0118_002 0.000 0.000 0.000 0.000 0.000
ASP02A0118_003 0.000 0.000 0.000 0.000 0.000
ASP02A0118_004 0.000 0.000 0.000 0.000 0.000
ASP-1A0118_005 1.000 1.000 1.000 1.000 1.000
LEU01A0119_001 1.000 1.000 1.000 1.000 1.000
SER01A0120_001 0.222 0.219 0.226 0.225 0.219
SER01A0120_002 0.778 0.781 0.774 0.775 0.781
PRO01A0121_001 1.000 1.000 1.000 1.000 1.000
ASP01A0122_001 0.000 0.000 0.000 0.000 0.000
ASP01A0122_002 0.000 0.000 0.000 0.000 0.000
ASP02A0122_003 0.000 0.000 0.000 0.000 0.000
ASP02A0122_004 0.000 0.000 0.000 0.000 0.000
ASP-1A0122_005 1.000 1.000 1.000 1.000 1.000
PRO01A0124_001 1.000 1.000 1.000 1.000 1.000
ARG01A0125_001 0.000 0.000 0.000 0.000 0.000
ARG02A0125_002 0.000 0.000 0.000 0.000 0.000
ARG02A0125_003 0.000 0.000 0.000 0.000 0.000
ARG03A0125_004 0.000 0.000 0.000 0.000 0.000
ARG+1A0125_005 1.000 1.000 1.000 1.000 1.000
SER01A0126_001 1.000 1.000 1.000 1.000 1.000
SER01A0127_001 1.000 1.000 1.000 1.000 1.000
GLU01A0128_001 0.000 0.000 0.000 0.000 0.000
GLU01A0128_002 0.000 0.000 0.000 0.000 0.000
GLU02A0128_003 0.000 0.000 0.000 0.000 0.000
GLU02A0128_004 0.001 0.002 0.000 0.000 0.001
GLU-1A0128_005 0.999 0.998 1.000 1.000 0.999
PRO01A0130_001 1.000 1.000 1.000 1.000 1.000
LEU01A0131_001 1.000 1.000 1.000 1.000 1.000
SER01A0132_001 1.000 1.000 1.000 1.000 1.000
PHE01A0133_001 1.000 1.000 1.000 1.000 1.000
PRO01A0134_001 1.000 1.000 1.000 1.000 1.000
VAL01A0135_001 1.000 1.000 1.000 1.000 1.000
LEU01A0136_001 1.000 1.000 1.000 1.000 1.000
VAL01A0137_001 1.000 1.000 1.000 1.000 1.000
SER01A0138_001 0.056 0.054 0.053 0.056 0.054
SER01A0138_002 0.944 0.946 0.947 0.944 0.946
CYS01A0139_001 0.271 0.273 0.269 0.268 0.272
CYS01A0139_002 0.591 0.589 0.596 0.595 0.594
CYS01A0139_003 0.138 0.138 0.135 0.137 0.134
CYS-1A0139_004 0.000 0.000 0.000 0.000 0.000
ALA01A0140_001 1.000 1.000 1.000 1.000 1.000
TYR01A0141_001 1.000 1.000 1.000 1.000 1.000
TYR-1A0141_002 0.000 0.000 0.000 0.000 0.000
GLN01A0142_001 1.000 1.000 1.000 1.000 1.000
GLN01A0142_002 0.000 0.000 0.000 0.000 0.000
VAL01A0143_001 1.000 1.000 1.000 1.000 1.000
ALA01A0144_001 1.000 1.000 1.000 1.000 1.000
ARG01A0145_001 0.000 0.000 0.000 0.000 0.000
ARG02A0145_002 0.000 0.000 0.000 0.000 0.000
ARG02A0145_003 0.000 0.000 0.000 0.000 0.000
ARG03A0145_004 0.000 0.000 0.000 0.000 0.000
ARG+1A0145_005 1.000 1.000 1.000 1.000 1.000
MET01A0147_001 1.000 1.000 1.000 1.000 1.000
GLN01A0148_001 0.918 0.915 0.914 0.922 0.919
GLN01A0148_002 0.082 0.085 0.086 0.078 0.081
TYR01A0149_001 0.002 0.002 0.003 0.002 0.000
TYR01A0149_002 0.998 0.998 0.997 0.998 1.000
TYR-1A0149_003 0.000 0.000 0.000 0.000 0.000
LEU01A0150_001 1.000 1.000 1.000 1.000 1.000
GLU01A0151_001 0.000 0.000 0.000 0.000 0.000
GLU01A0151_002 0.003 0.003 0.002 0.000 0.002
GLU02A0151_003 0.000 0.000 0.000 0.000 0.000
GLU02A0151_004 0.003 0.004 0.003 0.008 0.003
GLU-1A0151_005 0.994 0.993 0.995 0.992 0.995
SER01A0152_001 0.824 0.825 0.832 0.831 0.831
SER01A0152_002 0.006 0.006 0.006 0.007 0.006
SER01A0152_003 0.170 0.169 0.162 0.163 0.163
ARG01A0153_001 0.000 0.000 0.000 0.000 0.000
ARG02A0153_002 0.000 0.000 0.000 0.000 0.000
ARG03A0153_003 0.000 0.000 0.000 0.000 0.000
ARG03A0153_004 0.000 0.000 0.000 0.000 0.000
ARG+1A0153_005 1.000 1.000 1.000 1.000 1.000
LYS01A0154_001 0.000 0.001 0.000 0.000 0.000
LYS+1A0154_002 1.000 0.999 1.000 1.000 1.000
CYS01A0155_001 0.444 0.442 0.449 0.443 0.449
CYS01A0155_002 0.000 0.000 0.000 0.000 0.000
CYS01A0155_003 0.556 0.558 0.551 0.557 0.551
CYS-1A0155_004 0.000 0.000 0.000 0.000 0.000
ILE01A0156_001 1.000 1.000 1.000 1.000 1.000
HIS01A0157_001 1.000 1.000 1.000 1.000 1.000
HIS02A0157_002 0.000 0.000 0.000 0.000 0.000
HIS+1A0157_003 0.000 0.000 0.000 0.000 0.000
ARG01A0158_001 0.008 0.008 0.010 0.006 0.010
ARG02A0158_002 0.001 0.001 0.001 0.001 0.000
ARG03A0158_003 0.012 0.011 0.012 0.008 0.013
ARG+1A0158_004 0.980 0.979 0.976 0.985 0.977
ASP01A0159_001 0.000 0.000 0.000 0.000 0.000
ASP01A0159_002 0.000 0.000 0.000 0.000 0.000
ASP02A0159_003 0.000 0.000 0.000 0.000 0.000
ASP02A0159_004 0.000 0.000 0.000 0.000 0.000
ASP-1A0159_005 1.000 1.000 1.000 1.000 1.000
LEU01A0160_001 1.000 1.000 1.000 1.000 1.000
ALA01A0161_001 1.000 1.000 1.000 1.000 1.000
ALA01A0162_001 1.000 1.000 1.000 1.000 1.000
ARG01A0163_001 0.002 0.000 0.003 0.000 0.002
ARG02A0163_002 0.000 0.000 0.000 0.000 0.000
ARG03A0163_003 0.000 0.000 0.000 0.000 0.000
ARG+1A0163_004 0.998 1.000 0.997 1.000 0.998
ASN01A0164_001 1.000 1.000 1.000 1.000 1.000
ASN01A0164_002 0.000 0.000 0.000 0.000 0.000
VAL01A0165_001 1.000 1.000 1.000 1.000 1.000
LEU01A0166_001 1.000 1.000 1.000 1.000 1.000
VAL01A0167_001 1.000 1.000 1.000 1.000 1.000
THR01A0168_001 0.000 0.000 0.000 0.000 0.000
THR01A0168_002 0.000 0.000 0.000 0.000 0.000
THR01A0168_003 1.000 1.000 1.000 1.000 1.000
GLU01A0169_001 0.000 0.000 0.000 0.000 0.000
GLU01A0169_002 0.000 0.001 0.000 0.001 0.000
GLU02A0169_003 0.000 0.000 0.000 0.000 0.000
GLU02A0169_004 0.000 0.000 0.000 0.000 0.000
GLU-1A0169_005 1.000 0.999 1.000 0.999 1.000
ASP01A0170_001 0.000 0.000 0.000 0.000 0.000
ASP01A0170_002 0.000 0.000 0.000 0.000 0.001
ASP02A0170_003 0.000 0.000 0.000 0.000 0.000
ASP02A0170_004 0.000 0.001 0.000 0.000 0.000
ASP-1A0170_005 1.000 0.999 1.000 1.000 0.999
ASN01A0171_001 1.000 1.000 1.000 1.000 1.000
VAL01A0172_001 1.000 1.000 1.000 1.000 1.000
MET01A0173_001 1.000 1.000 1.000 1.000 1.000
LYS01A0174_001 0.002 0.002 0.000 0.000 0.002
LYS+1A0174_002 0.998 0.998 1.000 1.000 0.998
ILE01A0175_001 1.000 1.000 1.000 1.000 1.000
ALA01A0176_001 1.000 1.000 1.000 1.000 1.000
ASP01A0177_001 0.014 0.014 0.013 0.014 0.014
ASP01A0177_002 0.986 0.986 0.987 0.986 0.986
ASP02A0177_003 0.000 0.000 0.000 0.000 0.000
ASP02A0177_004 0.000 0.000 0.000 0.000 0.000
ASP-1A0177_005 0.000 0.000 0.000 0.000 0.000
PHE01A0178_001 1.000 1.000 1.000 1.000 1.000
LEU01A0180_001 1.000 1.000 1.000 1.000 1.000
ALA01A0181_001 1.000 1.000 1.000 1.000 1.000
ARG01A0182_001 0.000 0.000 0.000 0.000 0.000
ARG02A0182_002 0.002 0.002 0.000 0.002 0.002
ARG03A0182_003 0.000 0.000 0.000 0.000 0.000
ARG03A0182_004 0.000 0.000 0.000 0.000 0.000
ARG+1A0182_005 0.998 0.998 1.000 0.998 0.998
VAL01A0184_001 1.000 1.000 1.000 1.000 1.000
HIS01A0185_001 0.081 0.077 0.080 0.083 0.079
HIS02A0185_002 0.590 0.597 0.600 0.601 0.597
HIS+1A0185_003 0.330 0.326 0.320 0.316 0.324
HIS01A0186_001 0.056 0.056 0.056 0.061 0.054
HIS01A0186_002 0.028 0.026 0.028 0.027 0.027
HIS02A0186_003 0.702 0.715 0.711 0.717 0.727
HIS02A0186_004 0.062 0.062 0.063 0.066 0.059
HIS+1A0186_005 0.152 0.131 0.132 0.122 0.124
HIS+1A0186_006 0.000 0.009 0.009 0.008 0.008
ILE01A0187_001 1.000 1.000 1.000 1.000 1.000
ASP01A0188_001 0.000 0.000 0.000 0.000 0.000
ASP01A0188_002 0.000 0.000 0.000 0.000 0.000
ASP02A0188_003 0.000 0.000 0.000 0.000 0.000
ASP02A0188_004 0.000 0.000 0.000 0.000 0.000
ASP-1A0188_005 1.000 1.000 1.000 1.000 1.000
TYR01A0189_001 0.431 0.423 0.434 0.429 0.432
TYR01A0189_002 0.569 0.577 0.566 0.571 0.568
TYR-1A0189_003 0.000 0.000 0.000 0.000 0.000
TYR01A0190_001 0.207 0.206 0.209 0.208 0.204
TYR01A0190_002 0.793 0.794 0.791 0.792 0.796
TYR-1A0190_003 0.000 0.000 0.000 0.000 0.000
LYS01A0191_001 0.015 0.015 0.015 0.014 0.013
LYS+1A0191_002 0.985 0.985 0.985 0.986 0.987
LYS01A0192_001 0.008 0.008 0.008 0.007 0.008
LYS+1A0192_002 0.992 0.992 0.992 0.993 0.992
THR01A0193_001 0.617 0.618 0.622 0.613 0.622
THR01A0193_002 0.383 0.382 0.378 0.387 0.378
SER01A0194_001 1.000 1.000 1.000 1.000 1.000
ASN01A0195_001 0.260 0.257 0.263 0.264 0.262
ASN01A0195_002 0.740 0.743 0.737 0.736 0.738
ARG01A0197_001 0.001 0.001 0.000 0.000 0.000
ARG02A0197_002 0.000 0.000 0.000 0.000 0.000
ARG02A0197_003 0.000 0.000 0.000 0.000 0.000
ARG03A0197_004 0.000 0.000 0.000 0.000 0.000
ARG03A0197_005 0.001 0.001 0.000 0.000 0.000
ARG+1A0197_006 0.998 0.998 1.000 1.000 1.000
LEU01A0198_001 1.000 1.000 1.000 1.000 1.000
PRO01A0199_001 1.000 1.000 1.000 1.000 1.000
VAL01A0200_001 1.000 1.000 1.000 1.000 1.000
LYS01A0201_001 0.008 0.008 0.008 0.009 0.008
LYS+1A0201_002 0.992 0.992 0.992 0.991 0.992
TRP01A0202_001 1.000 1.000 1.000 1.000 1.000
MET01A0203_001 1.000 1.000 1.000 1.000 1.000
ALA01A0204_001 1.000 1.000 1.000 1.000 1.000
PRO01A0205_001 1.000 1.000 1.000 1.000 1.000
GLU01A0206_001 0.000 0.000 0.000 0.000 0.000
GLU01A0206_002 0.000 0.000 0.000 0.000 0.000
GLU02A0206_003 0.000 0.000 0.000 0.000 0.000
GLU02A0206_004 0.000 0.000 0.000 0.000 0.000
GLU-1A0206_005 1.000 1.000 1.000 1.000 1.000
ALA01A0207_001 1.000 1.000 1.000 1.000 1.000
LEU01A0208_001 1.000 1.000 1.000 1.000 1.000
PHE01A0209_001 1.000 1.000 1.000 1.000 1.000
ASP01A0210_001 0.000 0.000 0.000 0.000 0.000
ASP01A0210_002 0.000 0.000 0.000 0.000 0.000
ASP02A0210_003 0.000 0.000 0.000 0.000 0.000
ASP02A0210_004 0.000 0.000 0.000 0.000 0.001
ASP-1A0210_005 1.000 1.000 1.000 1.000 0.999
GLU01A0211_001 0.000 0.000 0.000 0.000 0.000
GLU01A0211_002 0.003 0.002 0.002 0.002 0.003
GLU02A0211_003 0.000 0.000 0.000 0.000 0.000
GLU02A0211_004 0.008 0.008 0.008 0.009 0.011
GLU-1A0211_005 0.989 0.989 0.989 0.989 0.987
VAL01A0212_001 1.000 1.000 1.000 1.000 1.000
TYR01A0213_001 1.000 1.000 1.000 1.000 1.000
TYR-1A0213_002 0.000 0.000 0.000 0.000 0.000
THR01A0214_001 1.000 1.000 1.000 1.000 1.000
HIS01A0215_001 0.003 0.004 0.004 0.005 0.004
HIS01A0215_002 0.168 0.174 0.176 0.172 0.176
HIS02A0215_003 0.711 0.694 0.683 0.694 0.697
HIS02A0215_004 0.032 0.037 0.036 0.035 0.033
HIS+1A0215_005 0.078 0.080 0.090 0.085 0.078
HIS+1A0215_006 0.009 0.011 0.011 0.009 0.011
GLN01A0216_001 0.974 0.972 0.975 0.972 0.973
GLN01A0216_002 0.026 0.028 0.025 0.028 0.027
SER01A0217_001 0.792 0.800 0.794 0.794 0.797
SER01A0217_002 0.208 0.200 0.206 0.206 0.203
ASP01A0218_001 0.000 0.000 0.000 0.000 0.000
ASP01A0218_002 0.000 0.000 0.000 0.000 0.000
ASP02A0218_003 0.000 0.000 0.000 0.000 0.000
ASP02A0218_004 0.000 0.000 0.000 0.000 0.000
ASP-1A0218_005 1.000 1.000 1.000 1.000 1.000
VAL01A0219_001 1.000 1.000 1.000 1.000 1.000
TRP01A0220_001 1.000 1.000 1.000 1.000 1.000
SER01A0221_001 0.970 0.974 0.971 0.972 0.973
SER01A0221_002 0.030 0.026 0.029 0.028 0.027
PHE01A0222_001 1.000 1.000 1.000 1.000 1.000
ILE01A0224_001 1.000 1.000 1.000 1.000 1.000
LEU01A0225_001 1.000 1.000 1.000 1.000 1.000
LEU01A0226_001 1.000 1.000 1.000 1.000 1.000
TRP01A0227_001 1.000 1.000 1.000 1.000 1.000
GLU01A0228_001 0.000 0.000 0.000 0.000 0.000
GLU01A0228_002 0.000 0.000 0.000 0.000 0.000
GLU02A0228_003 0.000 0.000 0.000 0.000 0.000
GLU02A0228_004 0.000 0.000 0.000 0.000 0.000
GLU-1A0228_005 1.000 1.000 1.000 1.000 1.000
ILE01A0229_001 1.000 1.000 1.000 1.000 1.000
PHE01A0230_001 1.000 1.000 1.000 1.000 1.000
THR01A0231_001 0.755 0.757 0.753 0.756 0.754
THR01A0231_002 0.000 0.000 0.000 0.000 0.000
THR01A0231_003 0.245 0.243 0.247 0.244 0.246
LEU01A0232_001 1.000 1.000 1.000 1.000 1.000
SER01A0235_001 1.000 1.000 1.000 1.000 1.000
PRO01A0236_001 1.000 1.000 1.000 1.000 1.000
TYR01A0237_001 1.000 1.000 1.000 1.000 1.000
TYR-1A0237_002 0.000 0.000 0.000 0.000 0.000
PRO01A0238_001 1.000 1.000 1.000 1.000 1.000
ILE01A0240_001 1.000 1.000 1.000 1.000 1.000
PRO01A0241_001 1.000 1.000 1.000 1.000 1.000
VAL01A0242_001 1.000 1.000 1.000 1.000 1.000
GLU01A0243_001 0.000 0.000 0.000 0.000 0.000
GLU01A0243_002 0.000 0.000 0.000 0.000 0.000
GLU02A0243_003 0.000 0.000 0.000 0.000 0.000
GLU02A0243_004 0.000 0.000 0.000 0.000 0.000
GLU-1A0243_005 1.000 1.000 1.000 1.000 1.000
GLU01A0244_001 0.000 0.000 0.000 0.000 0.000
GLU01A0244_002 0.002 0.000 0.002 0.000 0.002
GLU02A0244_003 0.000 0.000 0.000 0.000 0.000
GLU02A0244_004 0.002 0.002 0.002 0.000 0.002
GLU-1A0244_005 0.996 0.998 0.996 1.000 0.996
LEU01A0245_001 1.000 1.000 1.000 1.000 1.000
PHE01A0246_001 1.000 1.000 1.000 1.000 1.000
SER01A0247_001 1.000 1.000 1.000 1.000 1.000
LEU01A0248_001 1.000 1.000 1.000 1.000 1.000
LEU01A0249_001 1.000 1.000 1.000 1.000 1.000
ARG01A0250_001 0.000 0.000 0.000 0.000 0.000
ARG02A0250_002 0.000 0.000 0.000 0.000 0.000
ARG03A0250_003 0.000 0.000 0.000 0.000 0.000
ARG+1A0250_004 1.000 1.000 1.000 1.000 1.000
GLU01A0251_001 0.000 0.000 0.000 0.000 0.000
GLU01A0251_002 0.000 0.001 0.001 0.000 0.000
GLU02A0251_003 0.000 0.000 0.000 0.000 0.000
GLU02A0251_004 0.003 0.001 0.001 0.003 0.000
GLU-1A0251_005 0.997 0.997 0.999 0.997 1.000
HIS01A0253_001 0.436 0.431 0.439 0.434 0.437
HIS01A0253_002 0.150 0.150 0.151 0.146 0.148
HIS02A0253_003 0.125 0.129 0.126 0.126 0.129
HIS02A0253_004 0.289 0.286 0.284 0.294 0.280
HIS+1A0253_005 0.000 0.000 0.000 0.000 0.000
HIS+1A0253_006 0.000 0.005 0.000 0.000 0.006
ARG01A0254_001 0.000 0.000 0.000 0.000 0.000
ARG02A0254_002 0.000 0.000 0.000 0.000 0.000
ARG03A0254_003 0.000 0.000 0.000 0.000 0.000
ARG+1A0254_004 1.000 1.000 1.000 1.000 1.000
MET01A0255_001 1.000 1.000 1.000 1.000 1.000
ASP01A0256_001 0.000 0.000 0.000 0.000 0.000
ASP01A0256_002 0.000 0.000 0.000 0.000 0.000
ASP02A0256_003 0.000 0.000 0.000 0.000 0.000
ASP02A0256_004 0.000 0.000 0.000 0.000 0.000
ASP-1A0256_005 1.000 1.000 1.000 1.000 1.000
ARG01A0257_001 0.000 0.000 0.000 0.000 0.000
ARG02A0257_002 0.000 0.000 0.000 0.000 0.000
ARG03A0257_003 0.000 0.000 0.000 0.000 0.000
ARG+1A0257_004 1.000 1.000 1.000 1.000 1.000
PRO01A0258_001 1.000 1.000 1.000 1.000 1.000
PRO01A0259_001 1.000 1.000 1.000 1.000 1.000
HIS01A0260_001 0.196 0.189 0.199 0.201 0.198
HIS01A0260_002 0.091 0.091 0.092 0.088 0.087
HIS02A0260_003 0.348 0.352 0.344 0.353 0.353
HIS02A0260_004 0.117 0.116 0.122 0.115 0.116
HIS+1A0260_005 0.149 0.147 0.143 0.145 0.150
HIS+1A0260_006 0.100 0.105 0.101 0.098 0.095
CYS01A0261_001 0.293 0.293 0.290 0.293 0.295
CYS01A0261_002 0.306 0.312 0.313 0.306 0.305
CYS01A0261_003 0.401 0.395 0.397 0.401 0.400
CYS-1A0261_004 0.000 0.000 0.000 0.000 0.000
PRO01A0262_001 1.000 1.000 1.000 1.000 1.000
PRO01A0263_001 1.000 1.000 1.000 1.000 1.000
GLU01A0264_001 0.000 0.000 0.000 0.000 0.000
GLU01A0264_002 0.000 0.000 0.000 0.000 0.000
GLU02A0264_003 0.000 0.000 0.000 0.000 0.000
GLU02A0264_004 0.000 0.000 0.000 0.000 0.000
GLU-1A0264_005 1.000 1.000 1.000 1.000 1.000
LEU01A0265_001 1.000 1.000 1.000 1.000 1.000
TYR01A0266_001 1.000 0.991 0.989 0.990 0.990
TYR01A0266_002 0.000 0.009 0.011 0.010 0.010
TYR-1A0266_003 0.000 0.000 0.000 0.000 0.000
LEU01A0268_001 1.000 1.000 1.000 1.000 1.000
MET01A0269_001 1.000 1.000 1.000 1.000 1.000
ARG01A0270_001 0.000 0.000 0.000 0.000 0.000
ARG02A0270_002 0.000 0.000 0.000 0.000 0.000
ARG02A0270_003 0.000 0.000 0.000 0.000 0.000
ARG03A0270_004 0.000 0.000 0.000 0.000 0.000
ARG+1A0270_005 1.000 1.000 1.000 1.000 1.000
GLU01A0271_001 0.000 0.000 0.000 0.000 0.000
GLU01A0271_002 0.000 0.000 0.000 0.000 0.000
GLU02A0271_003 0.000 0.000 0.000 0.000 0.000
GLU02A0271_004 0.000 0.000 0.000 0.002 0.001
GLU-1A0271_005 0.999 1.000 1.000 0.998 0.999
CYS01A0272_001 0.291 0.295 0.291 0.294 0.293
CYS01A0272_002 0.508 0.510 0.511 0.516 0.510
CYS01A0272_003 0.200 0.195 0.197 0.191 0.198
CYS-1A0272_004 0.000 0.000 0.000 0.000 0.000
TRP01A0273_001 1.000 1.000 1.000 1.000 1.000
HIS01A0274_001 0.011 0.011 0.012 0.012 0.010
HIS01A0274_002 0.000 0.000 0.000 0.000 0.000
HIS02A0274_003 0.919 0.924 0.927 0.923 0.926
HIS02A0274_004 0.000 0.000 0.000 0.000 0.000
HIS+1A0274_005 0.070 0.065 0.062 0.065 0.064
HIS+1A0274_006 0.000 0.000 0.000 0.000 0.000
ALA01A0275_001 1.000 1.000 1.000 1.000 1.000
ALA01A0276_001 1.000 1.000 1.000 1.000 1.000
PRO01A0277_001 1.000 1.000 1.000 1.000 1.000
SER01A0278_001 0.238 0.245 0.239 0.242 0.249
SER01A0278_002 0.762 0.755 0.761 0.758 0.751
GLN01A0279_001 0.906 0.904 0.900 0.908 0.903
GLN01A0279_002 0.094 0.096 0.100 0.092 0.097
ARG01A0280_001 0.000 0.000 0.000 0.000 0.000
ARG02A0280_002 0.000 0.000 0.000 0.000 0.000
ARG02A0280_003 0.000 0.000 0.000 0.000 0.000
ARG03A0280_004 0.000 0.000 0.000 0.000 0.000
ARG03A0280_005 0.000 0.000 0.000 0.000 0.000
ARG+1A0280_006 1.000 1.000 1.000 1.000 1.000
PRO01A0281_001 1.000 1.000 1.000 1.000 1.000
THR01A0282_001 0.007 0.007 0.006 0.006 0.007
THR01A0282_002 0.993 0.993 0.994 0.994 0.993
PHE01A0283_001 1.000 1.000 1.000 1.000 1.000
LYS01A0284_001 0.000 0.000 0.000 0.000 0.000
LYS+1A0284_002 1.000 1.000 1.000 1.000 1.000
GLN01A0285_001 1.000 1.000 1.000 1.000 1.000
GLN01A0285_002 0.000 0.000 0.000 0.000 0.000
LEU01A0286_001 1.000 1.000 1.000 1.000 1.000
VAL01A0287_001 1.000 1.000 1.000 1.000 1.000
GLU01A0288_001 0.000 0.000 0.000 0.000 0.000
GLU01A0288_002 0.000 0.000 0.002 0.001 0.002
GLU02A0288_003 0.000 0.000 0.000 0.000 0.000
GLU02A0288_004 0.000 0.000 0.002 0.002 0.002
GLU-1A0288_005 1.000 1.000 0.996 0.997 0.996
ALA01A0289_001 1.000 1.000 1.000 1.000 1.000
LEU01A0290_001 1.000 1.000 1.000 1.000 1.000
ASP01A0291_001 0.000 0.000 0.000 0.000 0.000
ASP01A0291_002 0.013 0.006 0.006 0.007 0.010
ASP02A0291_003 0.000 0.000 0.000 0.000 0.000
ASP02A0291_004 0.000 0.004 0.004 0.004 0.000
ASP-1A0291_005 0.987 0.991 0.990 0.989 0.990
LYS01A0292_001 0.000 0.001 0.000 0.000 0.000
LYS+1A0292_002 1.000 0.999 1.000 1.000 1.000
VAL01A0293_001 1.000 1.000 1.000 1.000 1.000
LEU01A0294_001 1.000 1.000 1.000 1.000 1.000
LEU01A0295_001 1.000 1.000 1.000 1.000 1.000
ALA01A0296_001 1.000 1.000 1.000 1.000 1.000
VAL01A0297_001 1.000 1.000 1.000 1.000 1.000
0LI11B0002_001 0.000 0.000 0.000 0.000 0.000
0LI11B0002_002 0.000 0.000 0.000 0.000 0.000
0LI12B0002_003 0.000 0.000 0.000 0.000 0.000
0LI12B0002_004 0.805 0.800 0.797 0.800 0.804
0LI01B0002_005 0.000 0.000 0.000 0.000 0.000
0LI01B0002_006 0.195 0.200 0.203 0.200 0.196
0LIDMB0002_007 0.000 0.000 0.000 0.000 0.000
