 ph              7.4   7.4   7.4   7.4   7.4
0LI+1C0001_001 0.599 0.599 0.598 0.599 0.599
0LI+2C0001_002 0.364 0.364 0.365 0.364 0.364
0LI01C0001_003 0.037 0.037 0.037 0.037 0.037
0LIDMC0001_004 0.000 0.000 0.000 0.000 0.000
0LI+1C0004_001 0.610 0.609 0.611 0.610 0.611
0LI+2C0004_002 0.343 0.344 0.342 0.343 0.342
0LI01C0004_003 0.047 0.047 0.047 0.047 0.048
0LIDMC0004_004 0.000 0.000 0.000 0.000 0.000
0LI+1D0001_001 0.697 0.699 0.698 0.697 0.699
0LI+2D0001_002 0.263 0.261 0.262 0.263 0.261
0LI01D0001_003 0.040 0.040 0.040 0.040 0.040
0LIDMD0001_004 0.000 0.000 0.000 0.000 0.000
