 ph              7.4   7.4   7.4   7.4   7.4
TYR01A0001_001 0.917 0.918 0.918 0.918 0.918
TYR01A0001_002 0.083 0.082 0.082 0.082 0.082
TYR-1A0001_003 0.000 0.000 0.000 0.000 0.000
LEU01A0002_001 1.000 1.000 1.000 1.000 1.000
SER01A0003_001 0.039 0.039 0.039 0.039 0.039
SER01A0003_002 0.166 0.165 0.167 0.167 0.164
SER01A0003_003 0.796 0.796 0.794 0.794 0.797
ILE01A0004_001 1.000 1.000 1.000 1.000 1.000
VAL01A0005_001 1.000 1.000 1.000 1.000 1.000
MET01A0006_001 1.000 1.000 1.000 1.000 1.000
ASP01A0007_001 0.000 0.000 0.000 0.000 0.000
ASP01A0007_002 0.000 0.001 0.001 0.001 0.000
ASP02A0007_003 0.023 0.022 0.022 0.022 0.023
ASP02A0007_004 0.139 0.136 0.135 0.135 0.140
ASP-1A0007_005 0.838 0.840 0.841 0.842 0.837
PRO01A0008_001 1.000 1.000 1.000 1.000 1.000
ASP01A0009_001 0.000 0.000 0.000 0.000 0.000
ASP01A0009_002 0.025 0.025 0.025 0.025 0.025
ASP02A0009_003 0.007 0.007 0.007 0.007 0.007
ASP02A0009_004 0.012 0.011 0.012 0.011 0.012
ASP-1A0009_005 0.956 0.957 0.957 0.956 0.955
GLU01A0010_001 0.000 0.000 0.000 0.000 0.000
GLU01A0010_002 0.026 0.026 0.026 0.026 0.026
GLU02A0010_003 0.038 0.038 0.037 0.037 0.037
GLU02A0010_004 0.236 0.238 0.239 0.237 0.235
GLU-1A0010_005 0.700 0.699 0.698 0.700 0.702
LEU01A0011_001 1.000 1.000 1.000 1.000 1.000
PRO01A0012_001 1.000 1.000 1.000 1.000 1.000
LEU01A0013_001 1.000 1.000 1.000 1.000 1.000
PRO01A0014_001 1.000 1.000 1.000 1.000 1.000
TYR01A0015_001 0.000 0.000 0.000 0.000 0.000
TYR01A0015_002 1.000 1.000 1.000 1.000 1.000
TYR-1A0015_003 0.000 0.000 0.000 0.000 0.000
ASP01A0016_001 0.000 0.000 0.000 0.000 0.000
ASP01A0016_002 0.000 0.000 0.000 0.000 0.000
ASP02A0016_003 0.000 0.000 0.000 0.000 0.000
ASP02A0016_004 0.000 0.000 0.000 0.000 0.000
ASP-1A0016_005 1.000 1.000 1.000 1.000 1.000
ALA01A0017_001 1.000 1.000 1.000 1.000 1.000
SER01A0018_001 0.964 0.964 0.965 0.965 0.964
SER01A0018_002 0.036 0.036 0.035 0.035 0.036
LYS01A0019_001 0.000 0.000 0.000 0.000 0.000
LYS+1A0019_002 1.000 1.000 1.000 1.000 1.000
TRP01A0020_001 1.000 1.000 1.000 1.000 1.000
GLU01A0021_001 0.000 0.000 0.000 0.000 0.000
GLU01A0021_002 0.000 0.000 0.000 0.000 0.000
GLU02A0021_003 0.000 0.000 0.000 0.000 0.000
GLU02A0021_004 0.000 0.000 0.000 0.000 0.000
GLU-1A0021_005 1.000 1.000 1.000 1.000 1.000
PHE01A0022_001 1.000 1.000 1.000 1.000 1.000
PRO01A0023_001 1.000 1.000 1.000 1.000 1.000
ARG01A0024_001 0.000 0.000 0.000 0.000 0.000
ARG02A0024_002 0.000 0.000 0.000 0.000 0.000
ARG03A0024_003 0.000 0.000 0.000 0.000 0.000
ARG03A0024_004 0.000 0.000 0.000 0.000 0.000
ARG+1A0024_005 1.000 1.000 1.000 1.000 1.000
ASP01A0025_001 0.000 0.000 0.000 0.000 0.000
ASP01A0025_002 0.000 0.000 0.000 0.000 0.000
ASP02A0025_003 0.000 0.000 0.000 0.000 0.000
ASP02A0025_004 0.000 0.000 0.000 0.000 0.000
ASP-1A0025_005 1.000 1.000 1.000 1.000 1.000
ARG01A0026_001 0.000 0.000 0.000 0.000 0.000
ARG02A0026_002 0.000 0.000 0.000 0.000 0.000
ARG03A0026_003 0.000 0.000 0.000 0.000 0.000
ARG+1A0026_004 1.000 1.000 1.000 1.000 1.000
LEU01A0027_001 1.000 1.000 1.000 1.000 1.000
LYS01A0028_001 0.000 0.000 0.000 0.000 0.000
LYS+1A0028_002 1.000 1.000 1.000 1.000 1.000
LEU01A0029_001 1.000 1.000 1.000 1.000 1.000
LYS01A0031_001 0.000 0.000 0.000 0.000 0.000
LYS+1A0031_002 1.000 1.000 1.000 1.000 1.000
PRO01A0032_001 1.000 1.000 1.000 1.000 1.000
LEU01A0033_001 1.000 1.000 1.000 1.000 1.000
ARG01A0035_001 0.000 0.000 0.000 0.000 0.000
ARG02A0035_002 0.000 0.000 0.000 0.000 0.000
ARG03A0035_003 0.000 0.000 0.000 0.000 0.000
ARG+1A0035_004 1.000 1.000 1.000 1.000 1.000
ALA01A0037_001 1.000 1.000 1.000 1.000 1.000
PHE01A0038_001 1.000 1.000 1.000 1.000 1.000
GLN01A0040_001 1.000 1.000 1.000 1.000 1.000
GLN01A0040_002 0.000 0.000 0.000 0.000 0.000
VAL01A0041_001 1.000 1.000 1.000 1.000 1.000
ILE01A0042_001 1.000 1.000 1.000 1.000 1.000
GLU01A0043_001 0.000 0.000 0.000 0.000 0.000
GLU01A0043_002 0.000 0.000 0.000 0.000 0.000
GLU02A0043_003 0.000 0.000 0.000 0.000 0.000
GLU02A0043_004 0.000 0.000 0.000 0.000 0.000
GLU-1A0043_005 1.000 1.000 1.000 1.000 1.000
ALA01A0044_001 1.000 1.000 1.000 1.000 1.000
ASP01A0045_001 0.000 0.000 0.000 0.000 0.000
ASP01A0045_002 0.000 0.000 0.000 0.000 0.000
ASP02A0045_003 0.000 0.000 0.000 0.000 0.000
ASP02A0045_004 0.002 0.000 0.002 0.002 0.000
ASP-1A0045_005 0.998 1.000 0.998 0.998 1.000
ALA01A0046_001 1.000 1.000 1.000 1.000 1.000
PHE01A0047_001 1.000 1.000 1.000 1.000 1.000
ILE01A0049_001 1.000 1.000 1.000 1.000 1.000
ASP01A0050_001 0.000 0.000 0.000 0.000 0.000
ASP01A0050_002 0.000 0.000 0.000 0.000 0.000
ASP02A0050_003 0.000 0.000 0.000 0.000 0.000
ASP02A0050_004 0.000 0.000 0.000 0.000 0.000
ASP-1A0050_005 1.000 1.000 1.000 1.000 1.000
LYS01A0051_001 0.000 0.000 0.000 0.000 0.000
LYS+1A0051_002 1.000 1.000 1.000 1.000 1.000
THR01A0052_001 0.324 0.323 0.323 0.324 0.323
THR01A0052_002 0.676 0.677 0.677 0.676 0.677
ALA01A0053_001 1.000 1.000 1.000 1.000 1.000
THR01A0054_001 1.000 1.000 1.000 1.000 1.000
CYS01A0055_001 0.252 0.250 0.252 0.251 0.252
CYS01A0055_002 0.317 0.315 0.316 0.315 0.316
CYS01A0055_003 0.429 0.434 0.430 0.432 0.431
CYS-1A0055_004 0.002 0.002 0.002 0.002 0.002
ARG01A0056_001 0.000 0.000 0.000 0.000 0.000
ARG02A0056_002 0.000 0.000 0.000 0.000 0.000
ARG03A0056_003 0.000 0.000 0.000 0.000 0.000
ARG03A0056_004 0.000 0.000 0.000 0.000 0.000
ARG+1A0056_005 1.000 1.000 1.000 1.000 1.000
THR01A0057_001 1.000 1.000 1.000 1.000 1.000
VAL01A0058_001 1.000 1.000 1.000 1.000 1.000
ALA01A0059_001 1.000 1.000 1.000 1.000 1.000
VAL01A0060_001 1.000 1.000 1.000 1.000 1.000
LYS01A0061_001 0.000 0.000 0.000 0.000 0.000
LYS+1A0061_002 1.000 1.000 1.000 1.000 1.000
MET01A0062_001 1.000 1.000 1.000 1.000 1.000
LEU01A0063_001 1.000 1.000 1.000 1.000 1.000
LYS01A0064_001 0.000 0.000 0.000 0.000 0.000
LYS+1A0064_002 1.000 1.000 1.000 1.000 1.000
GLU01A0065_001 0.000 0.000 0.000 0.000 0.000
GLU01A0065_002 0.000 0.000 0.000 0.000 0.000
GLU02A0065_003 0.000 0.000 0.000 0.000 0.000
GLU02A0065_004 0.000 0.000 0.000 0.000 0.000
GLU-1A0065_005 1.000 1.000 1.000 1.000 1.000
ALA01A0067_001 1.000 1.000 1.000 1.000 1.000
THR01A0068_001 1.000 1.000 1.000 1.000 1.000
THR01A0068_002 0.000 0.000 0.000 0.000 0.000
HIS01A0069_001 0.143 0.144 0.144 0.144 0.143
HIS01A0069_002 0.211 0.212 0.212 0.212 0.212
HIS02A0069_003 0.247 0.245 0.246 0.244 0.247
HIS02A0069_004 0.238 0.238 0.238 0.238 0.237
HIS+1A0069_005 0.081 0.082 0.082 0.082 0.082
HIS+1A0069_006 0.079 0.079 0.079 0.080 0.079
SER01A0070_001 0.270 0.270 0.270 0.270 0.273
SER01A0070_002 0.730 0.730 0.730 0.730 0.727
GLU01A0071_001 0.000 0.000 0.000 0.000 0.000
GLU01A0071_002 0.000 0.000 0.000 0.000 0.000
GLU02A0071_003 0.000 0.000 0.000 0.000 0.000
GLU02A0071_004 0.000 0.000 0.000 0.000 0.000
GLU-1A0071_005 1.000 1.000 1.000 1.000 1.000
HIS01A0072_001 0.154 0.154 0.154 0.155 0.155
HIS01A0072_002 0.262 0.262 0.263 0.261 0.261
HIS02A0072_003 0.252 0.253 0.251 0.253 0.253
HIS02A0072_004 0.300 0.300 0.300 0.300 0.300
HIS+1A0072_005 0.009 0.009 0.009 0.009 0.009
HIS+1A0072_006 0.023 0.022 0.022 0.022 0.022
ARG01A0073_001 0.000 0.000 0.000 0.000 0.000
ARG02A0073_002 0.000 0.000 0.000 0.000 0.000
ARG03A0073_003 0.000 0.000 0.000 0.000 0.000
ARG+1A0073_004 1.000 1.000 1.000 1.000 1.000
ALA01A0074_001 1.000 1.000 1.000 1.000 1.000
LEU01A0075_001 1.000 1.000 1.000 1.000 1.000
MET01A0076_001 1.000 1.000 1.000 1.000 1.000
SER01A0077_001 0.206 0.206 0.206 0.207 0.207
SER01A0077_002 0.794 0.794 0.794 0.793 0.793
GLU01A0078_001 0.000 0.000 0.000 0.000 0.000
GLU01A0078_002 0.000 0.000 0.000 0.000 0.000
GLU02A0078_003 0.000 0.000 0.000 0.000 0.000
GLU02A0078_004 0.000 0.000 0.000 0.000 0.000
GLU-1A0078_005 1.000 1.000 1.000 1.000 1.000
LEU01A0079_001 1.000 1.000 1.000 1.000 1.000
LYS01A0080_001 0.000 0.000 0.000 0.000 0.000
LYS+1A0080_002 1.000 1.000 1.000 1.000 1.000
ILE01A0081_001 1.000 1.000 1.000 1.000 1.000
LEU01A0082_001 1.000 1.000 1.000 1.000 1.000
ILE01A0083_001 1.000 1.000 1.000 1.000 1.000
HIS01A0084_001 0.927 0.928 0.929 0.927 0.927
HIS02A0084_002 0.053 0.052 0.052 0.053 0.052
HIS+1A0084_003 0.020 0.020 0.020 0.020 0.020
ILE01A0085_001 1.000 1.000 1.000 1.000 1.000
HIS01A0087_001 0.057 0.058 0.057 0.057 0.057
HIS02A0087_002 0.815 0.814 0.815 0.814 0.816
HIS+1A0087_003 0.128 0.128 0.128 0.129 0.127
HIS01A0088_001 1.000 1.000 1.000 1.000 1.000
HIS02A0088_002 0.000 0.000 0.000 0.000 0.000
HIS+1A0088_003 0.000 0.000 0.000 0.000 0.000
LEU01A0089_001 1.000 1.000 1.000 1.000 1.000
ASN01A0090_001 1.000 1.000 1.000 1.000 1.000
ASN01A0090_002 0.000 0.000 0.000 0.000 0.000
VAL01A0091_001 1.000 1.000 1.000 1.000 1.000
VAL01A0092_001 1.000 1.000 1.000 1.000 1.000
ASN01A0093_001 0.062 0.064 0.063 0.063 0.064
ASN01A0093_002 0.938 0.936 0.937 0.937 0.936
LEU01A0094_001 1.000 1.000 1.000 1.000 1.000
LEU01A0095_001 1.000 1.000 1.000 1.000 1.000
ALA01A0097_001 1.000 1.000 1.000 1.000 1.000
CYS01A0098_001 0.829 0.829 0.828 0.828 0.829
CYS01A0098_002 0.090 0.090 0.090 0.091 0.090
CYS01A0098_003 0.081 0.081 0.081 0.082 0.081
CYS-1A0098_004 0.000 0.000 0.000 0.000 0.000
THR01A0099_001 0.996 0.996 0.996 0.996 0.996
THR01A0099_002 0.000 0.000 0.000 0.000 0.000
THR01A0099_003 0.004 0.004 0.004 0.004 0.004
LYS01A0100_001 0.002 0.002 0.002 0.002 0.002
LYS+1A0100_002 0.998 0.998 0.998 0.998 0.998
PRO01A0101_001 1.000 1.000 1.000 1.000 1.000
PRO01A0104_001 1.000 1.000 1.000 1.000 1.000
LEU01A0105_001 1.000 1.000 1.000 1.000 1.000
MET01A0106_001 1.000 1.000 1.000 1.000 1.000
VAL01A0107_001 1.000 1.000 1.000 1.000 1.000
ILE01A0108_001 1.000 1.000 1.000 1.000 1.000
VAL01A0109_001 1.000 1.000 1.000 1.000 1.000
GLU01A0110_001 0.000 0.000 0.000 0.000 0.000
GLU01A0110_002 0.000 0.000 0.000 0.000 0.000
GLU02A0110_003 0.000 0.000 0.000 0.000 0.000
GLU02A0110_004 0.000 0.000 0.000 0.000 0.000
GLU-1A0110_005 1.000 1.000 1.000 1.000 1.000
PHE01A0111_001 1.000 1.000 1.000 1.000 1.000
CYS01A0112_001 0.386 0.387 0.386 0.385 0.386
CYS01A0112_002 0.370 0.371 0.371 0.371 0.371
CYS01A0112_003 0.244 0.242 0.243 0.243 0.244
CYS-1A0112_004 0.000 0.000 0.000 0.000 0.000
LYS01A0113_001 0.001 0.001 0.001 0.001 0.000
LYS+1A0113_002 0.999 0.999 0.999 0.999 1.000
PHE01A0114_001 1.000 1.000 1.000 1.000 1.000
ASN01A0116_001 1.000 1.000 1.000 1.000 1.000
ASN01A0116_002 0.000 0.000 0.000 0.000 0.000
LEU01A0117_001 1.000 1.000 1.000 1.000 1.000
SER01A0118_001 0.000 0.000 0.000 0.000 0.000
SER01A0118_002 1.000 1.000 1.000 1.000 1.000
THR01A0119_001 0.513 0.512 0.513 0.512 0.511
THR01A0119_002 0.075 0.075 0.075 0.075 0.075
THR01A0119_003 0.411 0.412 0.412 0.414 0.414
TYR01A0120_001 1.000 1.000 1.000 1.000 1.000
TYR-1A0120_002 0.000 0.000 0.000 0.000 0.000
LEU01A0121_001 1.000 1.000 1.000 1.000 1.000
ARG01A0122_001 0.000 0.000 0.000 0.000 0.000
ARG02A0122_002 0.000 0.000 0.000 0.000 0.000
ARG02A0122_003 0.000 0.000 0.000 0.000 0.000
ARG03A0122_004 0.000 0.000 0.000 0.000 0.000
ARG+1A0122_005 1.000 1.000 1.000 1.000 1.000
SER01A0123_001 0.925 0.926 0.924 0.925 0.925
SER01A0123_002 0.075 0.074 0.076 0.075 0.075
LYS01A0124_001 0.000 0.000 0.000 0.000 0.000
LYS+1A0124_002 1.000 1.000 1.000 1.000 1.000
ARG01A0125_001 0.000 0.000 0.000 0.000 0.000
ARG02A0125_002 0.000 0.000 0.000 0.000 0.000
ARG03A0125_003 0.000 0.000 0.000 0.000 0.000
ARG+1A0125_004 1.000 1.000 1.000 1.000 1.000
ASN01A0126_001 0.658 0.659 0.659 0.658 0.659
ASN01A0126_002 0.342 0.341 0.341 0.342 0.341
GLU01A0127_001 0.000 0.000 0.000 0.000 0.000
GLU01A0127_002 0.000 0.000 0.000 0.000 0.000
GLU02A0127_003 0.000 0.000 0.000 0.000 0.000
GLU02A0127_004 0.000 0.000 0.000 0.000 0.000
GLU-1A0127_005 1.000 1.000 1.000 1.000 1.000
PHE01A0128_001 1.000 1.000 1.000 1.000 1.000
VAL01A0129_001 1.000 1.000 1.000 1.000 1.000
PRO01A0130_001 1.000 1.000 1.000 1.000 1.000
TYR01A0131_001 0.500 0.500 0.498 0.500 0.500
TYR01A0131_002 0.500 0.500 0.502 0.500 0.500
TYR-1A0131_003 0.000 0.000 0.000 0.000 0.000
TYR01A0132_001 0.503 0.504 0.505 0.504 0.503
TYR01A0132_002 0.494 0.492 0.491 0.492 0.493
TYR-1A0132_003 0.004 0.004 0.004 0.004 0.004
LYS01A0133_001 0.000 0.000 0.000 0.000 0.000
LYS+1A0133_002 1.000 1.000 1.000 1.000 1.000
ASP01A0134_001 0.000 0.000 0.000 0.000 0.000
ASP01A0134_002 0.000 0.000 0.000 0.000 0.000
ASP02A0134_003 0.000 0.000 0.000 0.000 0.000
ASP02A0134_004 0.000 0.000 0.000 0.000 0.000
ASP-1A0134_005 1.000 1.000 1.000 1.000 1.000
PHE01A0135_001 1.000 1.000 1.000 1.000 1.000
LEU01A0136_001 1.000 1.000 1.000 1.000 1.000
THR01A0137_001 0.538 0.540 0.538 0.539 0.538
THR01A0137_002 0.462 0.460 0.462 0.461 0.462
LEU01A0138_001 1.000 1.000 1.000 1.000 1.000
GLU01A0139_001 0.000 0.000 0.000 0.000 0.000
GLU01A0139_002 0.000 0.000 0.000 0.000 0.000
GLU02A0139_003 0.000 0.000 0.000 0.000 0.000
GLU02A0139_004 0.000 0.000 0.000 0.000 0.002
GLU-1A0139_005 1.000 1.000 1.000 1.000 0.998
HIS01A0140_001 0.800 0.802 0.800 0.800 0.801
HIS02A0140_002 0.200 0.197 0.200 0.199 0.199
HIS+1A0140_003 0.000 0.000 0.000 0.000 0.000
LEU01A0141_001 1.000 1.000 1.000 1.000 1.000
ILE01A0142_001 1.000 1.000 1.000 1.000 1.000
CYS01A0143_001 0.007 0.007 0.007 0.007 0.007
CYS01A0143_002 0.479 0.477 0.477 0.476 0.477
CYS01A0143_003 0.511 0.513 0.512 0.514 0.512
CYS-1A0143_004 0.003 0.003 0.003 0.003 0.003
TYR01A0144_001 0.926 0.925 0.927 0.927 0.926
TYR01A0144_002 0.074 0.075 0.073 0.073 0.074
TYR-1A0144_003 0.000 0.000 0.000 0.000 0.000
SER01A0145_001 0.026 0.026 0.026 0.026 0.026
SER01A0145_002 0.974 0.974 0.974 0.974 0.974
PHE01A0146_001 1.000 1.000 1.000 1.000 1.000
GLN01A0147_001 1.000 1.000 1.000 1.000 1.000
GLN01A0147_002 0.000 0.000 0.000 0.000 0.000
VAL01A0148_001 1.000 1.000 1.000 1.000 1.000
ALA01A0149_001 1.000 1.000 1.000 1.000 1.000
LYS01A0150_001 0.002 0.002 0.002 0.002 0.002
LYS+1A0150_002 0.998 0.998 0.998 0.998 0.998
MET01A0152_001 1.000 1.000 1.000 1.000 1.000
GLU01A0153_001 0.000 0.000 0.000 0.000 0.000
GLU01A0153_002 0.000 0.000 0.000 0.000 0.000
GLU02A0153_003 0.000 0.000 0.000 0.000 0.000
GLU02A0153_004 0.000 0.000 0.000 0.000 0.000
GLU-1A0153_005 1.000 1.000 1.000 1.000 1.000
PHE01A0154_001 1.000 1.000 1.000 1.000 1.000
LEU01A0155_001 1.000 1.000 1.000 1.000 1.000
ALA01A0156_001 1.000 1.000 1.000 1.000 1.000
SER01A0157_001 0.622 0.624 0.623 0.623 0.623
SER01A0157_002 0.014 0.014 0.014 0.015 0.015
SER01A0157_003 0.364 0.361 0.362 0.362 0.362
ARG01A0158_001 0.000 0.000 0.000 0.000 0.000
ARG02A0158_002 0.000 0.000 0.000 0.000 0.000
ARG03A0158_003 0.000 0.000 0.000 0.000 0.000
ARG+1A0158_004 1.000 1.000 1.000 1.000 1.000
LYS01A0159_001 0.000 0.000 0.000 0.000 0.000
LYS+1A0159_002 1.000 1.000 1.000 1.000 1.000
CYS01A0160_001 0.364 0.364 0.364 0.363 0.364
CYS01A0160_002 0.475 0.474 0.475 0.476 0.476
CYS01A0160_003 0.161 0.161 0.161 0.161 0.161
CYS-1A0160_004 0.000 0.000 0.000 0.000 0.000
ILE01A0161_001 1.000 1.000 1.000 1.000 1.000
HIS01A0162_001 1.000 1.000 1.000 1.000 1.000
HIS02A0162_002 0.000 0.000 0.000 0.000 0.000
HIS+1A0162_003 0.000 0.000 0.000 0.000 0.000
ARG01A0163_001 0.000 0.000 0.000 0.000 0.000
ARG02A0163_002 0.000 0.000 0.000 0.000 0.000
ARG03A0163_003 0.000 0.000 0.000 0.000 0.000
ARG+1A0163_004 1.000 1.000 1.000 1.000 1.000
ASP01A0164_001 0.000 0.000 0.000 0.000 0.000
ASP01A0164_002 0.000 0.000 0.000 0.000 0.000
ASP02A0164_003 0.000 0.000 0.000 0.000 0.000
ASP02A0164_004 0.000 0.000 0.000 0.000 0.000
ASP-1A0164_005 1.000 1.000 1.000 1.000 1.000
LEU01A0165_001 1.000 1.000 1.000 1.000 1.000
ALA01A0166_001 1.000 1.000 1.000 1.000 1.000
ALA01A0167_001 1.000 1.000 1.000 1.000 1.000
ARG01A0168_001 0.000 0.000 0.000 0.000 0.000
ARG02A0168_002 0.000 0.000 0.000 0.000 0.000
ARG03A0168_003 0.000 0.000 0.000 0.000 0.000
ARG03A0168_004 0.000 0.000 0.000 0.000 0.000
ARG+1A0168_005 1.000 1.000 1.000 1.000 1.000
ASN01A0169_001 1.000 1.000 1.000 1.000 1.000
ASN01A0169_002 0.000 0.000 0.000 0.000 0.000
ILE01A0170_001 1.000 1.000 1.000 1.000 1.000
LEU01A0171_001 1.000 1.000 1.000 1.000 1.000
LEU01A0172_001 1.000 1.000 1.000 1.000 1.000
SER01A0173_001 1.000 1.000 1.000 1.000 1.000
GLU01A0174_001 0.000 0.000 0.000 0.000 0.000
GLU01A0174_002 0.000 0.000 0.000 0.000 0.000
GLU02A0174_003 0.000 0.000 0.000 0.000 0.000
GLU02A0174_004 0.000 0.000 0.000 0.000 0.000
GLU-1A0174_005 1.000 1.000 1.000 1.000 1.000
LYS01A0175_001 0.000 0.000 0.000 0.000 0.000
LYS+1A0175_002 1.000 1.000 1.000 1.000 1.000
ASN01A0176_001 0.989 0.989 0.989 0.989 0.989
ASN01A0176_002 0.011 0.011 0.011 0.011 0.011
VAL01A0177_001 1.000 1.000 1.000 1.000 1.000
VAL01A0178_001 1.000 1.000 1.000 1.000 1.000
LYS01A0179_001 0.000 0.000 0.000 0.000 0.000
LYS+1A0179_002 1.000 1.000 1.000 1.000 1.000
ILE01A0180_001 1.000 1.000 1.000 1.000 1.000
CYS01A0181_001 0.381 0.380 0.379 0.382 0.382
CYS01A0181_002 0.322 0.324 0.323 0.322 0.322
CYS01A0181_003 0.298 0.296 0.297 0.296 0.296
CYS-1A0181_004 0.000 0.000 0.000 0.000 0.000
ASP01A0182_001 0.000 0.000 0.000 0.000 0.000
ASP01A0182_002 0.000 0.000 0.000 0.000 0.000
ASP02A0182_003 0.000 0.000 0.000 0.000 0.000
ASP02A0182_004 0.000 0.000 0.000 0.000 0.000
ASP-1A0182_005 1.000 1.000 1.000 1.000 1.000
PHE01A0183_001 1.000 1.000 1.000 1.000 1.000
LEU01A0185_001 1.000 1.000 1.000 1.000 1.000
ALA01A0186_001 1.000 1.000 1.000 1.000 1.000
ARG01A0187_001 0.000 0.000 0.000 0.000 0.000
ARG02A0187_002 0.000 0.000 0.000 0.000 0.000
ARG02A0187_003 0.000 0.000 0.000 0.000 0.000
ARG03A0187_004 0.000 0.000 0.000 0.000 0.000
ARG+1A0187_005 1.000 1.000 1.000 1.000 1.000
ASP01A0188_001 0.000 0.000 0.000 0.000 0.000
ASP01A0188_002 0.000 0.000 0.000 0.000 0.000
ASP02A0188_003 0.000 0.000 0.000 0.000 0.000
ASP02A0188_004 0.000 0.000 0.000 0.000 0.000
ASP-1A0188_005 1.000 1.000 1.000 1.000 1.000
ILE01A0189_001 1.000 1.000 1.000 1.000 1.000
TYR01A0190_001 0.992 0.992 0.992 0.992 0.992
TYR-1A0190_002 0.008 0.008 0.008 0.008 0.008
LYS01A0191_001 0.001 0.001 0.000 0.000 0.000
LYS+1A0191_002 0.999 0.999 1.000 1.000 1.000
ASP01A0192_001 0.000 0.000 0.000 0.000 0.000
ASP01A0192_002 0.000 0.000 0.000 0.000 0.000
ASP02A0192_003 0.000 0.000 0.000 0.000 0.000
ASP02A0192_004 0.000 0.000 0.000 0.000 0.000
ASP-1A0192_005 1.000 1.000 1.000 1.000 1.000
PRO01A0193_001 1.000 1.000 1.000 1.000 1.000
ASP01A0194_001 0.000 0.000 0.000 0.000 0.000
ASP01A0194_002 0.000 0.000 0.000 0.000 0.000
ASP02A0194_003 0.000 0.000 0.000 0.000 0.000
ASP02A0194_004 0.000 0.000 0.000 0.000 0.000
ASP-1A0194_005 1.000 1.000 1.000 1.000 1.000
TYR01A0195_001 0.000 0.000 0.000 0.000 0.000
TYR01A0195_002 1.000 1.000 1.000 1.000 1.000
TYR-1A0195_003 0.000 0.000 0.000 0.000 0.000
VAL01A0196_001 1.000 1.000 1.000 1.000 1.000
ARG01A0197_001 0.000 0.000 0.000 0.000 0.000
ARG02A0197_002 0.000 0.000 0.000 0.000 0.000
ARG03A0197_003 0.000 0.000 0.000 0.000 0.000
ARG+1A0197_004 1.000 1.000 1.000 1.000 1.000
LYS01A0198_001 0.014 0.014 0.014 0.014 0.014
LYS+1A0198_002 0.986 0.986 0.986 0.986 0.986
ASP01A0200_001 0.000 0.000 0.000 0.000 0.000
ASP01A0200_002 0.000 0.000 0.000 0.000 0.000
ASP02A0200_003 0.000 0.000 0.000 0.000 0.000
ASP02A0200_004 0.000 0.000 0.000 0.000 0.000
ASP-1A0200_005 1.000 1.000 1.000 1.000 1.000
ALA01A0201_001 1.000 1.000 1.000 1.000 1.000
ARG01A0202_001 0.000 0.000 0.000 0.000 0.000
ARG02A0202_002 0.000 0.000 0.000 0.000 0.000
ARG03A0202_003 0.000 0.000 0.000 0.000 0.000
ARG+1A0202_004 1.000 1.000 1.000 1.000 1.000
LEU01A0203_001 1.000 1.000 1.000 1.000 1.000
PRO01A0204_001 1.000 1.000 1.000 1.000 1.000
LEU01A0205_001 1.000 1.000 1.000 1.000 1.000
LYS01A0206_001 0.009 0.009 0.009 0.009 0.009
LYS+1A0206_002 0.991 0.991 0.991 0.991 0.991
TRP01A0207_001 1.000 1.000 1.000 1.000 1.000
MET01A0208_001 1.000 1.000 1.000 1.000 1.000
ALA01A0209_001 1.000 1.000 1.000 1.000 1.000
PRO01A0210_001 1.000 1.000 1.000 1.000 1.000
GLU01A0211_001 0.000 0.000 0.000 0.000 0.000
GLU01A0211_002 0.000 0.000 0.000 0.000 0.000
GLU02A0211_003 0.000 0.000 0.000 0.000 0.000
GLU02A0211_004 0.000 0.000 0.000 0.000 0.000
GLU-1A0211_005 1.000 1.000 1.000 1.000 1.000
THR01A0212_001 0.982 0.982 0.982 0.982 0.982
THR01A0212_002 0.002 0.002 0.002 0.002 0.002
THR01A0212_003 0.016 0.016 0.016 0.016 0.016
ILE01A0213_001 1.000 1.000 1.000 1.000 1.000
PHE01A0214_001 1.000 1.000 1.000 1.000 1.000
ASP01A0215_001 0.000 0.000 0.000 0.000 0.000
ASP01A0215_002 0.000 0.000 0.000 0.000 0.000
ASP02A0215_003 0.000 0.000 0.000 0.000 0.000
ASP02A0215_004 0.000 0.000 0.000 0.000 0.001
ASP-1A0215_005 1.000 1.000 1.000 1.000 0.999
ARG01A0216_001 0.000 0.000 0.000 0.000 0.000
ARG02A0216_002 0.000 0.000 0.000 0.000 0.000
ARG03A0216_003 0.000 0.000 0.000 0.000 0.000
ARG+1A0216_004 1.000 1.000 1.000 1.000 1.000
VAL01A0217_001 1.000 1.000 1.000 1.000 1.000
TYR01A0218_001 1.000 1.000 1.000 1.000 1.000
TYR-1A0218_002 0.000 0.000 0.000 0.000 0.000
THR01A0219_001 1.000 1.000 1.000 1.000 1.000
ILE01A0220_001 1.000 1.000 1.000 1.000 1.000
GLN01A0221_001 0.993 0.993 0.993 0.993 0.993
GLN01A0221_002 0.007 0.007 0.007 0.007 0.007
SER01A0222_001 0.002 0.002 0.002 0.002 0.002
SER01A0222_002 0.982 0.982 0.982 0.982 0.982
SER01A0222_003 0.016 0.016 0.016 0.016 0.016
ASP01A0223_001 0.000 0.000 0.000 0.000 0.000
ASP01A0223_002 0.873 0.874 0.873 0.873 0.871
ASP02A0223_003 0.002 0.002 0.002 0.002 0.002
ASP02A0223_004 0.000 0.000 0.000 0.000 0.000
ASP-1A0223_005 0.124 0.124 0.125 0.125 0.127
VAL01A0224_001 1.000 1.000 1.000 1.000 1.000
TRP01A0225_001 1.000 1.000 1.000 1.000 1.000
SER01A0226_001 0.956 0.955 0.956 0.956 0.955
SER01A0226_002 0.044 0.045 0.044 0.044 0.045
PHE01A0227_001 1.000 1.000 1.000 1.000 1.000
VAL01A0229_001 1.000 1.000 1.000 1.000 1.000
LEU01A0230_001 1.000 1.000 1.000 1.000 1.000
LEU01A0231_001 1.000 1.000 1.000 1.000 1.000
TRP01A0232_001 1.000 1.000 1.000 1.000 1.000
GLU01A0233_001 0.000 0.000 0.000 0.000 0.000
GLU01A0233_002 0.000 0.000 0.000 0.000 0.000
GLU02A0233_003 0.000 0.000 0.000 0.000 0.000
GLU02A0233_004 0.000 0.000 0.000 0.000 0.000
GLU-1A0233_005 1.000 1.000 1.000 1.000 1.000
ILE01A0234_001 1.000 1.000 1.000 1.000 1.000
PHE01A0235_001 1.000 1.000 1.000 1.000 1.000
SER01A0236_001 1.000 1.000 1.000 1.000 1.000
SER01A0236_002 0.000 0.000 0.000 0.000 0.000
LEU01A0237_001 1.000 1.000 1.000 1.000 1.000
ALA01A0239_001 1.000 1.000 1.000 1.000 1.000
SER01A0240_001 0.000 0.000 0.000 0.000 0.000
SER01A0240_002 1.000 1.000 1.000 1.000 1.000
PRO01A0241_001 1.000 1.000 1.000 1.000 1.000
TYR01A0242_001 0.082 0.081 0.082 0.082 0.081
TYR01A0242_002 0.918 0.919 0.918 0.918 0.919
TYR-1A0242_003 0.000 0.000 0.000 0.000 0.000
PRO01A0243_001 1.000 1.000 1.000 1.000 1.000
VAL01A0245_001 1.000 1.000 1.000 1.000 1.000
LYS01A0246_001 0.000 0.000 0.000 0.000 0.000
LYS+1A0246_002 1.000 1.000 1.000 1.000 1.000
ILE01A0247_001 1.000 1.000 1.000 1.000 1.000
ASP01A0248_001 0.000 0.000 0.000 0.000 0.000
ASP01A0248_002 0.000 0.000 0.000 0.000 0.000
ASP02A0248_003 0.000 0.000 0.000 0.000 0.000
ASP02A0248_004 0.000 0.000 0.000 0.000 0.000
ASP-1A0248_005 1.000 1.000 1.000 1.000 1.000
GLU01A0249_001 0.000 0.000 0.000 0.000 0.000
GLU01A0249_002 0.000 0.000 0.000 0.000 0.000
GLU02A0249_003 0.000 0.000 0.000 0.000 0.000
GLU02A0249_004 0.000 0.000 0.000 0.000 0.000
GLU-1A0249_005 1.000 1.000 1.000 1.000 1.000
GLU01A0250_001 0.000 0.000 0.000 0.000 0.000
GLU01A0250_002 0.000 0.000 0.000 0.000 0.000
GLU02A0250_003 0.000 0.000 0.000 0.000 0.000
GLU02A0250_004 0.000 0.000 0.000 0.000 0.000
GLU-1A0250_005 1.000 1.000 1.000 1.000 1.000
PHE01A0251_001 1.000 1.000 1.000 1.000 1.000
CYS01A0252_001 0.069 0.069 0.068 0.069 0.068
CYS01A0252_002 0.613 0.615 0.615 0.614 0.618
CYS01A0252_003 0.318 0.316 0.317 0.317 0.314
CYS-1A0252_004 0.000 0.000 0.000 0.000 0.000
ARG01A0253_001 0.000 0.000 0.000 0.000 0.000
ARG02A0253_002 0.000 0.000 0.000 0.000 0.000
ARG03A0253_003 0.000 0.000 0.000 0.000 0.000
ARG03A0253_004 0.000 0.000 0.000 0.000 0.000
ARG+1A0253_005 1.000 1.000 1.000 1.000 1.000
ARG01A0254_001 0.000 0.000 0.000 0.000 0.000
ARG02A0254_002 0.000 0.000 0.000 0.000 0.000
ARG03A0254_003 0.000 0.000 0.000 0.000 0.000
ARG+1A0254_004 1.000 1.000 1.000 1.000 1.000
LEU01A0255_001 1.000 1.000 1.000 1.000 1.000
LYS01A0256_001 0.004 0.004 0.004 0.004 0.004
LYS+1A0256_002 0.996 0.996 0.996 0.996 0.996
GLU01A0257_001 0.000 0.000 0.000 0.000 0.000
GLU01A0257_002 0.000 0.000 0.000 0.000 0.000
GLU02A0257_003 0.000 0.000 0.000 0.000 0.000
GLU02A0257_004 0.000 0.000 0.000 0.000 0.000
GLU-1A0257_005 1.000 1.000 1.000 1.000 1.000
THR01A0259_001 0.687 0.687 0.686 0.686 0.687
THR01A0259_002 0.313 0.313 0.314 0.314 0.313
ARG01A0260_001 0.000 0.000 0.000 0.000 0.000
ARG02A0260_002 0.000 0.000 0.000 0.000 0.000
ARG02A0260_003 0.000 0.000 0.000 0.000 0.000
ARG03A0260_004 0.000 0.000 0.000 0.000 0.000
ARG+1A0260_005 1.000 1.000 1.000 1.000 1.000
MET01A0261_001 1.000 1.000 1.000 1.000 1.000
ARG01A0262_001 0.000 0.000 0.000 0.000 0.000
ARG02A0262_002 0.000 0.000 0.000 0.000 0.000
ARG03A0262_003 0.000 0.000 0.000 0.000 0.000
ARG+1A0262_004 1.000 1.000 1.000 1.000 1.000
ALA01A0263_001 1.000 1.000 1.000 1.000 1.000
PRO01A0264_001 1.000 1.000 1.000 1.000 1.000
ASP01A0265_001 0.000 0.000 0.000 0.000 0.000
ASP01A0265_002 0.000 0.000 0.000 0.000 0.000
ASP02A0265_003 0.000 0.000 0.000 0.000 0.000
ASP02A0265_004 0.000 0.000 0.000 0.000 0.000
ASP-1A0265_005 1.000 1.000 1.000 1.000 1.000
TYR01A0266_001 0.781 0.782 0.781 0.781 0.782
TYR01A0266_002 0.219 0.218 0.219 0.219 0.218
TYR-1A0266_003 0.000 0.000 0.000 0.000 0.000
THR01A0267_001 0.971 0.972 0.972 0.972 0.972
THR01A0267_002 0.029 0.028 0.028 0.028 0.028
THR01A0268_001 0.000 0.000 0.000 0.000 0.000
THR01A0268_002 0.000 0.000 0.000 0.000 0.000
THR01A0268_003 1.000 1.000 1.000 1.000 1.000
PRO01A0269_001 1.000 1.000 1.000 1.000 1.000
GLU01A0270_001 0.000 0.000 0.000 0.000 0.000
GLU01A0270_002 0.000 0.000 0.000 0.000 0.000
GLU02A0270_003 0.000 0.000 0.000 0.000 0.000
GLU02A0270_004 0.000 0.000 0.000 0.000 0.000
GLU-1A0270_005 1.000 1.000 1.000 1.000 1.000
MET01A0271_001 1.000 1.000 1.000 1.000 1.000
TYR01A0272_001 0.971 0.971 0.971 0.971 0.971
TYR01A0272_002 0.029 0.029 0.029 0.029 0.029
TYR-1A0272_003 0.000 0.000 0.000 0.000 0.000
GLN01A0273_001 0.980 0.980 0.980 0.980 0.980
GLN01A0273_002 0.020 0.020 0.020 0.020 0.020
THR01A0274_001 0.442 0.444 0.442 0.441 0.442
THR01A0274_002 0.558 0.556 0.558 0.559 0.558
MET01A0275_001 1.000 1.000 1.000 1.000 1.000
LEU01A0276_001 1.000 1.000 1.000 1.000 1.000
ASP01A0277_001 0.000 0.000 0.000 0.000 0.000
ASP01A0277_002 0.002 0.002 0.002 0.002 0.000
ASP02A0277_003 0.000 0.000 0.000 0.000 0.000
ASP02A0277_004 0.005 0.005 0.005 0.005 0.008
ASP-1A0277_005 0.993 0.993 0.994 0.993 0.992
CYS01A0278_001 0.157 0.158 0.157 0.157 0.158
CYS01A0278_002 0.677 0.676 0.679 0.678 0.676
CYS01A0278_003 0.165 0.166 0.164 0.165 0.166
CYS-1A0278_004 0.000 0.000 0.000 0.000 0.000
TRP01A0279_001 1.000 1.000 1.000 1.000 1.000
HIS01A0280_001 1.000 1.000 1.000 1.000 1.000
HIS02A0280_002 0.000 0.000 0.000 0.000 0.000
HIS+1A0280_003 0.000 0.000 0.000 0.000 0.000
GLU01A0282_001 0.000 0.000 0.000 0.000 0.000
GLU01A0282_002 0.000 0.000 0.000 0.000 0.000
GLU02A0282_003 0.000 0.000 0.000 0.000 0.000
GLU02A0282_004 0.000 0.000 0.000 0.000 0.000
GLU-1A0282_005 1.000 1.000 1.000 1.000 1.000
PRO01A0283_001 1.000 1.000 1.000 1.000 1.000
SER01A0284_001 0.794 0.793 0.793 0.793 0.793
SER01A0284_002 0.206 0.207 0.207 0.207 0.207
GLN01A0285_001 0.447 0.446 0.446 0.446 0.447
GLN01A0285_002 0.553 0.554 0.554 0.554 0.553
ARG01A0286_001 0.000 0.000 0.000 0.000 0.000
ARG02A0286_002 0.000 0.000 0.000 0.000 0.000
ARG02A0286_003 0.000 0.000 0.000 0.000 0.000
ARG03A0286_004 0.000 0.000 0.000 0.000 0.000
ARG03A0286_005 0.000 0.000 0.000 0.000 0.000
ARG+1A0286_006 1.000 1.000 1.000 1.000 1.000
PRO01A0287_001 1.000 1.000 1.000 1.000 1.000
THR01A0288_001 0.085 0.086 0.086 0.085 0.085
THR01A0288_002 0.915 0.914 0.914 0.915 0.915
PHE01A0289_001 1.000 1.000 1.000 1.000 1.000
SER01A0290_001 0.954 0.955 0.955 0.955 0.955
SER01A0290_002 0.046 0.045 0.045 0.045 0.045
GLU01A0291_001 0.000 0.000 0.000 0.000 0.000
GLU01A0291_002 0.000 0.000 0.000 0.000 0.000
GLU02A0291_003 0.000 0.000 0.000 0.000 0.000
GLU02A0291_004 0.005 0.005 0.005 0.005 0.005
GLU-1A0291_005 0.995 0.995 0.995 0.995 0.995
LEU01A0292_001 1.000 1.000 1.000 1.000 1.000
VAL01A0293_001 1.000 1.000 1.000 1.000 1.000
GLU01A0294_001 0.000 0.000 0.000 0.000 0.000
GLU01A0294_002 0.000 0.000 0.000 0.000 0.000
GLU02A0294_003 0.000 0.000 0.000 0.000 0.000
GLU02A0294_004 0.000 0.000 0.000 0.000 0.000
GLU-1A0294_005 1.000 1.000 1.000 1.000 1.000
HIS01A0295_001 0.180 0.181 0.181 0.179 0.181
HIS01A0295_002 0.103 0.103 0.103 0.103 0.103
HIS02A0295_003 0.327 0.326 0.325 0.326 0.324
HIS02A0295_004 0.137 0.137 0.137 0.138 0.137
HIS+1A0295_005 0.191 0.191 0.192 0.192 0.193
HIS+1A0295_006 0.062 0.062 0.062 0.062 0.062
LEU01A0296_001 1.000 1.000 1.000 1.000 1.000
ASN01A0298_001 0.977 0.977 0.977 0.977 0.977
ASN01A0298_002 0.023 0.023 0.023 0.023 0.023
LEU01A0299_001 1.000 1.000 1.000 1.000 1.000
LEU01A0300_001 1.000 1.000 1.000 1.000 1.000
GLN01A0301_001 0.068 0.068 0.067 0.067 0.068
GLN01A0301_002 0.932 0.932 0.933 0.933 0.932
ALA01A0302_001 1.000 1.000 1.000 1.000 1.000
ASN01A0303_001 0.714 0.714 0.715 0.714 0.715
ASN01A0303_002 0.286 0.286 0.285 0.286 0.285
ALA01A0304_001 1.000 1.000 1.000 1.000 1.000
GLN01A0305_001 0.340 0.341 0.338 0.341 0.340
GLN01A0305_002 0.660 0.659 0.662 0.659 0.660
AXI01B0001_001 0.050 0.049 0.049 0.050 0.051
AXI01B0001_002 0.950 0.951 0.951 0.950 0.949
AXI02B0001_003 0.000 0.000 0.000 0.000 0.000
AXI02B0001_004 0.000 0.000 0.000 0.000 0.000
AXI+1B0001_005 0.000 0.000 0.000 0.000 0.000
AXI+1B0001_006 0.000 0.000 0.000 0.000 0.000
AXIDMB0001_007 0.000 0.000 0.000 0.000 0.000
