 ph              7.4   7.4   7.4   7.4   7.4   7.4   7.4   7.4   7.4   7.4
LQQ+1D0002_001 0.138 0.138 0.138 0.138 0.138 0.138 0.138 0.138 0.138 0.138
LQQ+1D0002_002 0.207 0.207 0.207 0.207 0.207 0.207 0.207 0.207 0.207 0.207
LQQ01D0002_003 0.004 0.004 0.004 0.004 0.004 0.004 0.004 0.004 0.004 0.004
LQQ01D0002_004 0.007 0.007 0.007 0.007 0.007 0.007 0.007 0.007 0.007 0.007
LQQ01D0002_005 0.007 0.007 0.007 0.007 0.007 0.007 0.007 0.007 0.007 0.007
LQQ02D0002_006 0.213 0.213 0.213 0.213 0.213 0.213 0.213 0.213 0.213 0.213
LQQ02D0002_007 0.213 0.213 0.213 0.213 0.213 0.213 0.213 0.213 0.213 0.213
LQQ03D0002_008 0.213 0.213 0.213 0.213 0.213 0.213 0.213 0.213 0.213 0.213
LQQDMD0002_009 0.000 0.000 0.000 0.000 0.000 0.000 0.000 0.000 0.000 0.000
