 ph              7.4   7.4   7.4   7.4   7.4
HIS01A0001_001 0.084 0.083 0.083 0.084 0.083
HIS01A0001_002 0.080 0.080 0.080 0.080 0.080
HIS02A0001_003 0.271 0.271 0.270 0.272 0.269
HIS02A0001_004 0.109 0.110 0.109 0.109 0.109
HIS+1A0001_005 0.211 0.211 0.212 0.211 0.212
HIS+1A0001_006 0.245 0.244 0.246 0.245 0.247
ILE01A0002_001 1.000 1.000 1.000 1.000 1.000
ASP01A0003_001 0.000 0.000 0.000 0.000 0.000
ASP01A0003_002 0.000 0.000 0.000 0.000 0.000
ASP02A0003_003 0.000 0.000 0.000 0.000 0.000
ASP02A0003_004 0.000 0.000 0.000 0.000 0.000
ASP-1A0003_005 1.000 1.000 1.000 1.000 1.000
LEU01A0004_001 1.000 1.000 1.000 1.000 1.000
SER01A0005_001 0.083 0.082 0.083 0.083 0.083
SER01A0005_002 0.917 0.918 0.917 0.917 0.917
ALA01A0006_001 1.000 1.000 1.000 1.000 1.000
LEU01A0007_001 1.000 1.000 1.000 1.000 1.000
ASN01A0008_001 0.999 1.000 1.000 1.000 0.999
ASN01A0008_002 0.001 0.000 0.000 0.000 0.001
PRO01A0009_001 1.000 1.000 1.000 1.000 1.000
GLU01A0010_001 0.000 0.000 0.000 0.000 0.000
GLU01A0010_002 0.000 0.000 0.000 0.000 0.000
GLU02A0010_003 0.000 0.000 0.000 0.000 0.000
GLU02A0010_004 0.000 0.000 0.000 0.000 0.000
GLU-1A0010_005 1.000 1.000 1.000 1.000 1.000
LEU01A0011_001 1.000 1.000 1.000 1.000 1.000
VAL01A0012_001 1.000 1.000 1.000 1.000 1.000
GLN01A0013_001 0.144 0.144 0.146 0.145 0.146
GLN01A0013_002 0.856 0.856 0.854 0.855 0.854
ALA01A0014_001 1.000 1.000 1.000 1.000 1.000
VAL01A0015_001 1.000 1.000 1.000 1.000 1.000
GLN01A0016_001 0.554 0.553 0.555 0.554 0.554
GLN01A0016_002 0.446 0.447 0.445 0.446 0.446
HIS01A0017_001 0.214 0.215 0.215 0.214 0.214
HIS01A0017_002 0.042 0.043 0.043 0.042 0.042
HIS02A0017_003 0.646 0.643 0.645 0.648 0.647
HIS02A0017_004 0.042 0.042 0.042 0.041 0.042
HIS+1A0017_005 0.044 0.045 0.043 0.043 0.043
HIS+1A0017_006 0.012 0.012 0.012 0.012 0.012
VAL01A0018_001 1.000 1.000 1.000 1.000 1.000
VAL01A0019_001 1.000 1.000 1.000 1.000 1.000
ILE01A0020_001 1.000 1.000 1.000 1.000 1.000
PRO01A0022_001 1.000 1.000 1.000 1.000 1.000
SER01A0023_001 0.029 0.029 0.030 0.029 0.029
SER01A0023_002 0.971 0.971 0.970 0.971 0.971
SER01A0024_001 1.000 1.000 1.000 1.000 1.000
LEU01A0025_001 1.000 1.000 1.000 1.000 1.000
ILE01A0026_001 1.000 1.000 1.000 1.000 1.000
VAL01A0027_001 1.000 1.000 1.000 1.000 1.000
HIS01A0028_001 0.107 0.109 0.109 0.109 0.108
HIS01A0028_002 0.085 0.086 0.085 0.085 0.085
HIS02A0028_003 0.363 0.361 0.360 0.360 0.361
HIS02A0028_004 0.110 0.109 0.110 0.110 0.110
HIS+1A0028_005 0.278 0.277 0.277 0.278 0.278
HIS+1A0028_006 0.058 0.058 0.059 0.058 0.058
PHE01A0029_001 1.000 1.000 1.000 1.000 1.000
ASN01A0030_001 0.997 0.997 0.998 0.997 0.997
ASN01A0030_002 0.003 0.003 0.002 0.003 0.003
GLU01A0031_001 0.000 0.000 0.000 0.000 0.000
GLU01A0031_002 0.002 0.002 0.002 0.002 0.002
GLU02A0031_003 0.000 0.000 0.000 0.000 0.000
GLU02A0031_004 0.004 0.004 0.004 0.004 0.005
GLU-1A0031_005 0.994 0.994 0.994 0.994 0.993
VAL01A0032_001 1.000 1.000 1.000 1.000 1.000
ILE01A0033_001 1.000 1.000 1.000 1.000 1.000
ARG01A0035_001 0.000 0.000 0.000 0.000 0.000
ARG02A0035_002 0.000 0.000 0.000 0.000 0.000
ARG02A0035_003 0.000 0.000 0.000 0.000 0.000
ARG03A0035_004 0.000 0.000 0.000 0.000 0.000
ARG+1A0035_005 1.000 1.000 1.000 1.000 1.000
HIS01A0037_001 0.066 0.066 0.066 0.066 0.066
HIS01A0037_002 0.349 0.349 0.351 0.349 0.349
HIS02A0037_003 0.204 0.204 0.203 0.204 0.204
HIS02A0037_004 0.236 0.237 0.235 0.236 0.237
HIS+1A0037_005 0.043 0.043 0.042 0.042 0.043
HIS+1A0037_006 0.103 0.102 0.102 0.102 0.102
PHE01A0038_001 1.000 1.000 1.000 1.000 1.000
CYS01A0040_001 0.249 0.250 0.249 0.249 0.251
CYS01A0040_002 0.401 0.400 0.399 0.400 0.398
CYS01A0040_003 0.343 0.343 0.345 0.344 0.344
CYS-1A0040_004 0.007 0.007 0.007 0.007 0.007
VAL01A0041_001 1.000 1.000 1.000 1.000 1.000
TYR01A0042_001 1.000 1.000 1.000 1.000 1.000
TYR-1A0042_002 0.000 0.000 0.000 0.000 0.000
HIS01A0043_001 0.000 0.000 0.000 0.000 0.000
HIS01A0043_002 0.385 0.386 0.387 0.386 0.386
HIS02A0043_003 0.000 0.000 0.000 0.000 0.000
HIS02A0043_004 0.469 0.468 0.469 0.468 0.469
HIS+1A0043_005 0.000 0.000 0.000 0.000 0.000
HIS+1A0043_006 0.146 0.146 0.144 0.146 0.145
THR01A0045_001 0.400 0.401 0.400 0.399 0.399
THR01A0045_002 0.600 0.599 0.600 0.601 0.601
LEU01A0046_001 1.000 1.000 1.000 1.000 1.000
LEU01A0047_001 1.000 1.000 1.000 1.000 1.000
ASP01A0048_001 0.000 0.000 0.000 0.000 0.000
ASP01A0048_002 0.000 0.000 0.000 0.000 0.000
ASP02A0048_003 0.000 0.000 0.000 0.000 0.000
ASP02A0048_004 0.002 0.002 0.002 0.000 0.002
ASP-1A0048_005 0.998 0.998 0.998 1.000 0.998
ASN01A0049_001 1.000 1.000 1.000 1.000 1.000
ASN01A0049_002 0.000 0.000 0.000 0.000 0.000
ASP01A0050_001 0.000 0.000 0.000 0.000 0.000
ASP01A0050_002 0.000 0.000 0.000 0.000 0.000
ASP02A0050_003 0.000 0.000 0.000 0.000 0.000
ASP02A0050_004 0.000 0.000 0.000 0.000 0.000
ASP-1A0050_005 1.000 1.000 1.000 1.000 1.000
LYS01A0052_001 0.000 0.000 0.000 0.000 0.000
LYS+1A0052_002 1.000 1.000 1.000 1.000 1.000
LYS01A0053_001 0.003 0.003 0.003 0.003 0.003
LYS+1A0053_002 0.997 0.997 0.997 0.997 0.997
ILE01A0054_001 1.000 1.000 1.000 1.000 1.000
HIS01A0055_001 0.318 0.317 0.318 0.316 0.317
HIS02A0055_002 0.644 0.644 0.644 0.646 0.644
HIS+1A0055_003 0.039 0.039 0.038 0.038 0.038
CYS01A0056_001 0.584 0.583 0.584 0.584 0.585
CYS01A0056_002 0.188 0.189 0.187 0.187 0.188
CYS01A0056_003 0.227 0.229 0.229 0.229 0.227
CYS-1A0056_004 0.000 0.000 0.000 0.000 0.000
ALA01A0057_001 1.000 1.000 1.000 1.000 1.000
VAL01A0058_001 1.000 1.000 1.000 1.000 1.000
LYS01A0059_001 0.000 0.000 0.000 0.000 0.000
LYS+1A0059_002 1.000 1.000 1.000 1.000 1.000
SER01A0060_001 1.000 1.000 1.000 1.000 1.000
LEU01A0061_001 1.000 1.000 1.000 1.000 1.000
ASN01A0062_001 1.000 1.000 1.000 1.000 1.000
ARG01A0063_001 0.000 0.000 0.000 0.000 0.000
ARG02A0063_002 0.000 0.000 0.000 0.000 0.000
ARG03A0063_003 0.000 0.000 0.000 0.000 0.000
ARG+1A0063_004 1.000 1.000 1.000 1.000 1.000
ILE01A0064_001 1.000 1.000 1.000 1.000 1.000
THR01A0065_001 0.054 0.054 0.054 0.054 0.054
THR01A0065_002 0.946 0.946 0.946 0.946 0.946
ASP01A0066_001 0.000 0.000 0.000 0.000 0.000
ASP01A0066_002 0.000 0.000 0.000 0.000 0.000
ASP02A0066_003 0.000 0.000 0.000 0.000 0.000
ASP02A0066_004 0.000 0.000 0.000 0.000 0.000
ASP-1A0066_005 1.000 1.000 1.000 1.000 1.000
ILE01A0067_001 1.000 1.000 1.000 1.000 1.000
GLU01A0069_001 0.000 0.000 0.000 0.000 0.000
GLU01A0069_002 0.003 0.003 0.003 0.002 0.003
GLU02A0069_003 0.000 0.000 0.000 0.000 0.000
GLU02A0069_004 0.002 0.002 0.002 0.002 0.002
GLU-1A0069_005 0.995 0.995 0.996 0.996 0.996
VAL01A0070_001 1.000 1.000 1.000 1.000 1.000
SER01A0071_001 0.106 0.106 0.106 0.106 0.107
SER01A0071_002 0.894 0.894 0.894 0.894 0.893
GLN01A0072_001 0.867 0.868 0.868 0.869 0.868
GLN01A0072_002 0.133 0.132 0.132 0.131 0.132
PHE01A0073_001 1.000 1.000 1.000 1.000 1.000
LEU01A0074_001 1.000 1.000 1.000 1.000 1.000
THR01A0075_001 0.034 0.034 0.035 0.033 0.034
THR01A0075_002 0.966 0.966 0.965 0.967 0.966
GLU01A0076_001 0.000 0.000 0.000 0.000 0.000
GLU01A0076_002 0.000 0.000 0.000 0.000 0.000
GLU02A0076_003 0.000 0.000 0.000 0.000 0.000
GLU02A0076_004 0.002 0.000 0.000 0.000 0.000
GLU-1A0076_005 0.998 1.000 1.000 1.000 1.000
ILE01A0078_001 1.000 1.000 1.000 1.000 1.000
ILE01A0079_001 1.000 1.000 1.000 1.000 1.000
MET01A0080_001 1.000 1.000 1.000 1.000 1.000
LYS01A0081_001 0.000 0.000 0.000 0.000 0.000
LYS+1A0081_002 1.000 1.000 1.000 1.000 1.000
ASP01A0082_001 0.000 0.000 0.000 0.000 0.000
ASP01A0082_002 0.000 0.000 0.000 0.000 0.000
ASP02A0082_003 0.000 0.000 0.000 0.000 0.000
ASP02A0082_004 0.000 0.000 0.000 0.000 0.000
ASP-1A0082_005 1.000 1.000 1.000 1.000 1.000
PHE01A0083_001 1.000 1.000 1.000 1.000 1.000
SER01A0084_001 0.103 0.105 0.105 0.104 0.104
SER01A0084_002 0.897 0.895 0.895 0.896 0.896
HIS01A0085_001 1.000 1.000 1.000 1.000 1.000
HIS02A0085_002 0.000 0.000 0.000 0.000 0.000
HIS+1A0085_003 0.000 0.000 0.000 0.000 0.000
PRO01A0086_001 1.000 1.000 1.000 1.000 1.000
ASN01A0087_001 1.000 1.000 1.000 1.000 1.000
ASN01A0087_002 0.000 0.000 0.000 0.000 0.000
VAL01A0088_001 1.000 1.000 1.000 1.000 1.000
LEU01A0089_001 1.000 1.000 1.000 1.000 1.000
SER01A0090_001 1.000 1.000 1.000 1.000 1.000
LEU01A0091_001 1.000 1.000 1.000 1.000 1.000
LEU01A0092_001 1.000 1.000 1.000 1.000 1.000
ILE01A0094_001 1.000 1.000 1.000 1.000 1.000
CYS01A0095_001 0.204 0.204 0.204 0.205 0.204
CYS01A0095_002 0.380 0.378 0.380 0.379 0.380
CYS01A0095_003 0.416 0.418 0.416 0.416 0.416
CYS-1A0095_004 0.000 0.000 0.000 0.000 0.000
LEU01A0096_001 1.000 1.000 1.000 1.000 1.000
ARG01A0097_001 0.000 0.000 0.000 0.000 0.000
ARG02A0097_002 0.000 0.000 0.000 0.000 0.000
ARG03A0097_003 0.000 0.000 0.000 0.000 0.000
ARG+1A0097_004 1.000 1.000 1.000 1.000 1.000
SER01A0098_001 0.636 0.637 0.637 0.638 0.638
SER01A0098_002 0.364 0.363 0.363 0.362 0.362
GLU01A0099_001 0.000 0.000 0.000 0.000 0.000
GLU01A0099_002 0.000 0.000 0.000 0.000 0.000
GLU02A0099_003 0.000 0.000 0.000 0.000 0.000
GLU02A0099_004 0.000 0.000 0.000 0.000 0.000
GLU-1A0099_005 1.000 1.000 1.000 1.000 1.000
SER01A0101_001 1.000 1.000 1.000 1.000 1.000
PRO01A0102_001 1.000 1.000 1.000 1.000 1.000
LEU01A0103_001 1.000 1.000 1.000 1.000 1.000
VAL01A0104_001 1.000 1.000 1.000 1.000 1.000
VAL01A0105_001 1.000 1.000 1.000 1.000 1.000
LEU01A0106_001 1.000 1.000 1.000 1.000 1.000
PRO01A0107_001 1.000 1.000 1.000 1.000 1.000
TYR01A0108_001 0.989 0.990 0.990 0.990 0.990
TYR-1A0108_002 0.011 0.010 0.010 0.010 0.010
MET01A0109_001 1.000 1.000 1.000 1.000 1.000
LYS01A0110_001 0.002 0.002 0.002 0.002 0.002
LYS+1A0110_002 0.998 0.998 0.998 0.998 0.998
HIS01A0111_001 0.000 0.000 0.000 0.000 0.000
HIS02A0111_002 0.997 0.997 0.997 0.997 0.997
HIS+1A0111_003 0.003 0.003 0.003 0.003 0.003
ASP01A0113_001 0.000 0.000 0.000 0.000 0.000
ASP01A0113_002 0.000 0.000 0.000 0.000 0.000
ASP02A0113_003 0.000 0.000 0.000 0.000 0.000
ASP02A0113_004 0.000 0.000 0.000 0.000 0.000
ASP-1A0113_005 1.000 1.000 1.000 1.000 1.000
LEU01A0114_001 1.000 1.000 1.000 1.000 1.000
ARG01A0115_001 0.000 0.000 0.000 0.000 0.000
ARG02A0115_002 0.000 0.000 0.000 0.000 0.000
ARG03A0115_003 0.000 0.000 0.000 0.000 0.000
ARG03A0115_004 0.000 0.000 0.000 0.000 0.000
ARG+1A0115_005 1.000 1.000 1.000 1.000 1.000
ASN01A0116_001 0.954 0.954 0.953 0.954 0.954
ASN01A0116_002 0.046 0.046 0.047 0.046 0.046
PHE01A0117_001 1.000 1.000 1.000 1.000 1.000
ILE01A0118_001 1.000 1.000 1.000 1.000 1.000
ARG01A0119_001 0.000 0.000 0.000 0.000 0.000
ARG02A0119_002 0.000 0.000 0.000 0.000 0.000
ARG03A0119_003 0.000 0.000 0.000 0.000 0.000
ARG+1A0119_004 1.000 1.000 1.000 1.000 1.000
ASN01A0120_001 1.000 1.000 1.000 1.000 1.000
GLU01A0121_001 0.000 0.000 0.000 0.000 0.000
GLU01A0121_002 0.000 0.000 0.000 0.000 0.000
GLU02A0121_003 0.000 0.000 0.000 0.000 0.000
GLU02A0121_004 0.000 0.000 0.000 0.000 0.000
GLU-1A0121_005 1.000 1.000 1.000 1.000 1.000
THR01A0122_001 0.177 0.177 0.176 0.176 0.178
THR01A0122_002 0.046 0.045 0.046 0.046 0.046
THR01A0122_003 0.777 0.778 0.778 0.778 0.776
HIS01A0123_001 0.000 0.000 0.000 0.000 0.000
HIS01A0123_002 0.015 0.014 0.014 0.015 0.015
HIS02A0123_003 0.000 0.000 0.000 0.000 0.000
HIS02A0123_004 0.931 0.932 0.933 0.932 0.932
HIS+1A0123_005 0.000 0.000 0.000 0.000 0.000
HIS+1A0123_006 0.054 0.053 0.053 0.053 0.053
ASN01A0124_001 0.591 0.591 0.591 0.592 0.591
ASN01A0124_002 0.409 0.409 0.409 0.408 0.409
PRO01A0125_001 1.000 1.000 1.000 1.000 1.000
THR01A0126_001 0.341 0.344 0.342 0.342 0.342
THR01A0126_002 0.659 0.656 0.658 0.658 0.658
VAL01A0127_001 1.000 1.000 1.000 1.000 1.000
LYS01A0128_001 0.000 0.000 0.000 0.000 0.000
LYS+1A0128_002 1.000 1.000 1.000 1.000 1.000
ASP01A0129_001 0.000 0.000 0.000 0.000 0.000
ASP01A0129_002 0.000 0.000 0.000 0.000 0.000
ASP02A0129_003 0.000 0.000 0.000 0.000 0.000
ASP02A0129_004 0.000 0.000 0.000 0.000 0.000
ASP-1A0129_005 1.000 1.000 1.000 1.000 1.000
LEU01A0130_001 1.000 1.000 1.000 1.000 1.000
ILE01A0131_001 1.000 1.000 1.000 1.000 1.000
PHE01A0133_001 1.000 1.000 1.000 1.000 1.000
LEU01A0135_001 1.000 1.000 1.000 1.000 1.000
GLN01A0136_001 1.000 1.000 1.000 1.000 1.000
GLN01A0136_002 0.000 0.000 0.000 0.000 0.000
VAL01A0137_001 1.000 1.000 1.000 1.000 1.000
ALA01A0138_001 1.000 1.000 1.000 1.000 1.000
LYS01A0139_001 0.004 0.004 0.004 0.004 0.004
LYS+1A0139_002 0.996 0.996 0.996 0.996 0.996
MET01A0141_001 1.000 1.000 1.000 1.000 1.000
LYS01A0142_001 0.006 0.006 0.006 0.006 0.006
LYS+1A0142_002 0.994 0.994 0.994 0.994 0.994
TYR01A0143_001 1.000 1.000 1.000 1.000 1.000
TYR-1A0143_002 0.000 0.000 0.000 0.000 0.000
LEU01A0144_001 1.000 1.000 1.000 1.000 1.000
ALA01A0145_001 1.000 1.000 1.000 1.000 1.000
SER01A0146_001 0.434 0.435 0.435 0.434 0.433
SER01A0146_002 0.566 0.565 0.565 0.566 0.567
LYS01A0147_001 0.000 0.000 0.000 0.000 0.000
LYS+1A0147_002 1.000 1.000 1.000 1.000 1.000
LYS01A0148_001 0.007 0.007 0.007 0.007 0.007
LYS+1A0148_002 0.993 0.993 0.993 0.993 0.993
PHE01A0149_001 1.000 1.000 1.000 1.000 1.000
VAL01A0150_001 1.000 1.000 1.000 1.000 1.000
HIS01A0151_001 0.000 0.000 0.000 0.000 0.000
HIS01A0151_002 1.000 1.000 1.000 1.000 1.000
HIS02A0151_003 0.000 0.000 0.000 0.000 0.000
HIS02A0151_004 0.000 0.000 0.000 0.000 0.000
HIS+1A0151_005 0.000 0.000 0.000 0.000 0.000
HIS+1A0151_006 0.000 0.000 0.000 0.000 0.000
ARG01A0152_001 0.000 0.000 0.000 0.000 0.000
ARG02A0152_002 0.000 0.000 0.000 0.000 0.000
ARG03A0152_003 0.000 0.000 0.000 0.000 0.000
ARG+1A0152_004 1.000 1.000 1.000 1.000 1.000
ASP01A0153_001 0.000 0.000 0.000 0.000 0.000
ASP01A0153_002 0.000 0.000 0.000 0.000 0.000
ASP02A0153_003 0.000 0.000 0.000 0.000 0.000
ASP02A0153_004 0.000 0.000 0.000 0.000 0.000
ASP-1A0153_005 1.000 1.000 1.000 1.000 1.000
LEU01A0154_001 1.000 1.000 1.000 1.000 1.000
ALA01A0155_001 1.000 1.000 1.000 1.000 1.000
ALA01A0156_001 1.000 1.000 1.000 1.000 1.000
ARG01A0157_001 0.000 0.000 0.000 0.000 0.000
ARG02A0157_002 0.000 0.000 0.000 0.000 0.000
ARG03A0157_003 0.000 0.000 0.000 0.000 0.000
ARG03A0157_004 0.000 0.000 0.000 0.000 0.000
ARG+1A0157_005 1.000 1.000 1.000 1.000 1.000
ASN01A0158_001 1.000 1.000 1.000 1.000 1.000
ASN01A0158_002 0.000 0.000 0.000 0.000 0.000
CYS01A0159_001 0.159 0.159 0.158 0.160 0.159
CYS01A0159_002 0.643 0.644 0.644 0.642 0.644
CYS01A0159_003 0.198 0.197 0.198 0.198 0.197
CYS-1A0159_004 0.000 0.000 0.000 0.000 0.000
MET01A0160_001 1.000 1.000 1.000 1.000 1.000
LEU01A0161_001 1.000 1.000 1.000 1.000 1.000
ASP01A0162_001 0.000 0.000 0.000 0.000 0.000
ASP01A0162_002 0.000 0.000 0.000 0.000 0.000
ASP02A0162_003 0.000 0.000 0.000 0.000 0.000
ASP02A0162_004 0.000 0.000 0.000 0.000 0.000
ASP-1A0162_005 1.000 1.000 1.000 1.000 1.000
GLU01A0163_001 0.000 0.000 0.000 0.000 0.000
GLU01A0163_002 0.000 0.000 0.000 0.000 0.000
GLU02A0163_003 0.000 0.000 0.000 0.000 0.000
GLU02A0163_004 0.000 0.000 0.000 0.000 0.000
GLU-1A0163_005 1.000 1.000 1.000 1.000 1.000
LYS01A0164_001 0.000 0.000 0.000 0.000 0.000
LYS+1A0164_002 1.000 1.000 1.000 1.000 1.000
PHE01A0165_001 1.000 1.000 1.000 1.000 1.000
THR01A0166_001 0.695 0.694 0.694 0.695 0.695
THR01A0166_002 0.305 0.306 0.306 0.305 0.305
VAL01A0167_001 1.000 1.000 1.000 1.000 1.000
LYS01A0168_001 0.000 0.000 0.000 0.000 0.000
LYS+1A0168_002 1.000 1.000 1.000 1.000 1.000
VAL01A0169_001 1.000 1.000 1.000 1.000 1.000
ALA01A0170_001 1.000 1.000 1.000 1.000 1.000
ASP01A0171_001 0.000 0.000 0.000 0.000 0.000
ASP01A0171_002 0.000 0.000 0.000 0.000 0.000
ASP02A0171_003 0.007 0.007 0.007 0.007 0.007
ASP02A0171_004 0.993 0.993 0.993 0.993 0.993
ASP-1A0171_005 0.000 0.000 0.000 0.000 0.000
PHE01A0172_001 1.000 1.000 1.000 1.000 1.000
LEU01A0174_001 1.000 1.000 1.000 1.000 1.000
ALA01A0175_001 1.000 1.000 1.000 1.000 1.000
ARG01A0176_001 0.000 0.000 0.000 0.000 0.000
ARG02A0176_002 0.000 0.000 0.000 0.000 0.000
ARG03A0176_003 0.000 0.000 0.000 0.000 0.000
ARG+1A0176_004 1.000 1.000 1.000 1.000 1.000
ASP01A0177_001 0.000 0.000 0.000 0.000 0.000
ASP01A0177_002 0.000 0.000 0.000 0.000 0.000
ASP02A0177_003 0.000 0.000 0.000 0.000 0.000
ASP02A0177_004 0.000 0.000 0.000 0.000 0.000
ASP-1A0177_005 1.000 1.000 1.000 1.000 1.000
MET01A0178_001 1.000 1.000 1.000 1.000 1.000
TYR01A0179_001 0.000 0.000 0.000 0.000 0.000
TYR01A0179_002 1.000 1.000 1.000 1.000 1.000
TYR-1A0179_003 0.000 0.000 0.000 0.000 0.000
ASP01A0180_001 0.000 0.000 0.000 0.000 0.000
ASP01A0180_002 0.000 0.000 0.000 0.000 0.000
ASP02A0180_003 0.000 0.000 0.000 0.000 0.000
ASP02A0180_004 0.000 0.000 0.000 0.000 0.000
ASP-1A0180_005 1.000 1.000 1.000 1.000 1.000
LYS01A0181_001 0.002 0.002 0.002 0.002 0.002
LYS+1A0181_002 0.998 0.998 0.998 0.998 0.998
GLU01A0182_001 0.000 0.000 0.000 0.000 0.000
GLU01A0182_002 0.000 0.000 0.000 0.000 0.000
GLU02A0182_003 0.000 0.000 0.000 0.000 0.000
GLU02A0182_004 0.000 0.000 0.000 0.000 0.000
GLU-1A0182_005 1.000 1.000 1.000 1.000 1.000
TYR01A0183_001 0.497 0.497 0.497 0.496 0.498
TYR01A0183_002 0.503 0.503 0.503 0.504 0.502
TYR-1A0183_003 0.000 0.000 0.000 0.000 0.000
TYR01A0184_001 0.000 0.000 0.000 0.000 0.000
TYR01A0184_002 1.000 1.000 1.000 1.000 1.000
TYR-1A0184_003 0.000 0.000 0.000 0.000 0.000
SER01A0185_001 0.000 0.000 0.000 0.000 0.000
SER01A0185_002 1.000 1.000 1.000 1.000 1.000
VAL01A0186_001 1.000 1.000 1.000 1.000 1.000
HIS01A0187_001 0.762 0.764 0.763 0.763 0.763
HIS02A0187_002 0.232 0.230 0.231 0.231 0.231
HIS+1A0187_003 0.006 0.006 0.006 0.006 0.006
ASN01A0188_001 1.000 1.000 1.000 1.000 1.000
ASN01A0188_002 0.000 0.000 0.000 0.000 0.000
LYS01A0189_001 0.000 0.000 0.000 0.000 0.000
LYS+1A0189_002 1.000 1.000 1.000 1.000 1.000
THR01A0190_001 0.726 0.725 0.726 0.726 0.728
THR01A0190_002 0.000 0.000 0.000 0.000 0.000
THR01A0190_003 0.274 0.275 0.274 0.274 0.272
ALA01A0192_001 1.000 1.000 1.000 1.000 1.000
LYS01A0193_001 0.041 0.041 0.040 0.041 0.040
LYS+1A0193_002 0.959 0.959 0.960 0.959 0.960
LEU01A0194_001 1.000 1.000 1.000 1.000 1.000
PRO01A0195_001 1.000 1.000 1.000 1.000 1.000
VAL01A0196_001 1.000 1.000 1.000 1.000 1.000
LYS01A0197_001 0.000 0.000 0.000 0.000 0.000
LYS+1A0197_002 1.000 1.000 1.000 1.000 1.000
TRP01A0198_001 1.000 1.000 1.000 1.000 1.000
MET01A0199_001 1.000 1.000 1.000 1.000 1.000
ALA01A0200_001 1.000 1.000 1.000 1.000 1.000
LEU01A0201_001 1.000 1.000 1.000 1.000 1.000
GLU01A0202_001 0.000 0.000 0.000 0.000 0.000
GLU01A0202_002 0.000 0.000 0.000 0.000 0.000
GLU02A0202_003 0.000 0.000 0.000 0.000 0.000
GLU02A0202_004 0.000 0.000 0.000 0.000 0.000
GLU-1A0202_005 1.000 1.000 1.000 1.000 1.000
SER01A0203_001 0.961 0.963 0.963 0.962 0.962
SER01A0203_002 0.013 0.013 0.013 0.013 0.013
SER01A0203_003 0.025 0.024 0.024 0.025 0.025
LEU01A0204_001 1.000 1.000 1.000 1.000 1.000
GLN01A0205_001 0.068 0.069 0.069 0.070 0.070
GLN01A0205_002 0.932 0.931 0.931 0.930 0.930
THR01A0206_001 0.091 0.091 0.089 0.090 0.091
THR01A0206_002 0.909 0.909 0.911 0.910 0.909
GLN01A0207_001 0.073 0.073 0.073 0.074 0.073
GLN01A0207_002 0.927 0.927 0.927 0.926 0.927
LYS01A0208_001 0.000 0.000 0.000 0.000 0.000
LYS+1A0208_002 1.000 1.000 1.000 1.000 1.000
PHE01A0209_001 1.000 1.000 1.000 1.000 1.000
THR01A0210_001 0.139 0.141 0.140 0.140 0.140
THR01A0210_002 0.000 0.000 0.000 0.000 0.000
THR01A0210_003 0.861 0.859 0.860 0.860 0.860
THR01A0211_001 0.914 0.914 0.913 0.915 0.914
THR01A0211_002 0.086 0.086 0.087 0.085 0.086
LYS01A0212_001 0.394 0.393 0.394 0.393 0.394
LYS+1A0212_002 0.606 0.607 0.606 0.607 0.606
SER01A0213_001 0.000 0.000 0.000 0.000 0.000
SER01A0213_002 0.982 0.982 0.983 0.982 0.982
SER01A0213_003 0.018 0.018 0.017 0.018 0.018
ASP01A0214_001 0.000 0.000 0.000 0.000 0.000
ASP01A0214_002 0.000 0.000 0.000 0.000 0.000
ASP02A0214_003 0.000 0.000 0.000 0.000 0.000
ASP02A0214_004 0.000 0.000 0.000 0.000 0.000
ASP-1A0214_005 1.000 1.000 1.000 1.000 1.000
VAL01A0215_001 1.000 1.000 1.000 1.000 1.000
TRP01A0216_001 1.000 1.000 1.000 1.000 1.000
SER01A0217_001 0.953 0.954 0.954 0.953 0.953
SER01A0217_002 0.047 0.046 0.046 0.047 0.047
PHE01A0218_001 1.000 1.000 1.000 1.000 1.000
VAL01A0220_001 1.000 1.000 1.000 1.000 1.000
LEU01A0221_001 1.000 1.000 1.000 1.000 1.000
LEU01A0222_001 1.000 1.000 1.000 1.000 1.000
TRP01A0223_001 1.000 1.000 1.000 1.000 1.000
GLU01A0224_001 0.000 0.000 0.000 0.000 0.000
GLU01A0224_002 0.000 0.000 0.000 0.000 0.000
GLU02A0224_003 0.000 0.000 0.000 0.000 0.000
GLU02A0224_004 0.000 0.000 0.000 0.000 0.000
GLU-1A0224_005 1.000 1.000 1.000 1.000 1.000
LEU01A0225_001 1.000 1.000 1.000 1.000 1.000
MET01A0226_001 1.000 1.000 1.000 1.000 1.000
THR01A0227_001 0.815 0.814 0.815 0.815 0.815
THR01A0227_002 0.185 0.186 0.185 0.185 0.185
ARG01A0228_001 0.000 0.000 0.000 0.000 0.000
ARG02A0228_002 0.000 0.000 0.000 0.000 0.000
ARG03A0228_003 0.000 0.000 0.000 0.000 0.000
ARG+1A0228_004 1.000 1.000 1.000 1.000 1.000
ALA01A0230_001 1.000 1.000 1.000 1.000 1.000
PRO01A0231_001 1.000 1.000 1.000 1.000 1.000
PRO01A0232_001 1.000 1.000 1.000 1.000 1.000
TYR01A0233_001 1.000 1.000 1.000 1.000 1.000
TYR-1A0233_002 0.000 0.000 0.000 0.000 0.000
PRO01A0234_001 1.000 1.000 1.000 1.000 1.000
ASP01A0235_001 0.000 0.000 0.000 0.000 0.000
ASP01A0235_002 0.000 0.000 0.000 0.000 0.000
ASP02A0235_003 0.000 0.000 0.000 0.000 0.000
ASP02A0235_004 0.000 0.000 0.000 0.000 0.000
ASP-1A0235_005 1.000 1.000 1.000 1.000 1.000
VAL01A0236_001 1.000 1.000 1.000 1.000 1.000
ASN01A0237_001 1.000 1.000 1.000 1.000 1.000
THR01A0238_001 0.171 0.171 0.171 0.172 0.172
THR01A0238_002 0.199 0.200 0.199 0.200 0.201
THR01A0238_003 0.629 0.629 0.630 0.628 0.627
PHE01A0239_001 1.000 1.000 1.000 1.000 1.000
ASP01A0240_001 0.000 0.000 0.000 0.000 0.000
ASP01A0240_002 0.000 0.000 0.000 0.000 0.000
ASP02A0240_003 0.000 0.000 0.000 0.000 0.000
ASP02A0240_004 0.000 0.000 0.000 0.000 0.000
ASP-1A0240_005 1.000 1.000 1.000 1.000 1.000
ILE01A0241_001 1.000 1.000 1.000 1.000 1.000
THR01A0242_001 1.000 1.000 1.000 1.000 1.000
VAL01A0243_001 1.000 1.000 1.000 1.000 1.000
TYR01A0244_001 0.488 0.490 0.488 0.488 0.487
TYR01A0244_002 0.491 0.490 0.491 0.491 0.493
TYR-1A0244_003 0.021 0.020 0.020 0.021 0.021
LEU01A0245_001 1.000 1.000 1.000 1.000 1.000
LEU01A0246_001 1.000 1.000 1.000 1.000 1.000
GLN01A0247_001 0.970 0.970 0.970 0.970 0.970
GLN01A0247_002 0.030 0.030 0.030 0.030 0.030
ARG01A0249_001 0.000 0.000 0.000 0.000 0.000
ARG02A0249_002 0.000 0.000 0.000 0.000 0.000
ARG03A0249_003 0.000 0.000 0.000 0.000 0.000
ARG03A0249_004 0.000 0.000 0.000 0.000 0.000
ARG+1A0249_005 1.000 1.000 1.000 1.000 1.000
ARG01A0250_001 0.000 0.000 0.000 0.000 0.000
ARG02A0250_002 0.000 0.000 0.000 0.000 0.000
ARG02A0250_003 0.000 0.000 0.000 0.000 0.000
ARG03A0250_004 0.000 0.000 0.000 0.000 0.000
ARG+1A0250_005 1.000 1.000 1.000 1.000 1.000
LEU01A0251_001 1.000 1.000 1.000 1.000 1.000
LEU01A0252_001 1.000 1.000 1.000 1.000 1.000
GLN01A0253_001 0.976 0.977 0.977 0.976 0.977
GLN01A0253_002 0.024 0.023 0.023 0.024 0.023
PRO01A0254_001 1.000 1.000 1.000 1.000 1.000
GLU01A0255_001 0.000 0.000 0.000 0.000 0.000
GLU01A0255_002 0.000 0.000 0.000 0.000 0.000
GLU02A0255_003 0.000 0.000 0.000 0.000 0.000
GLU02A0255_004 0.002 0.002 0.000 0.002 0.002
GLU-1A0255_005 0.998 0.998 1.000 0.998 0.998
TYR01A0256_001 1.000 1.000 1.000 1.000 1.000
TYR-1A0256_002 0.000 0.000 0.000 0.000 0.000
CYS01A0257_001 0.447 0.445 0.447 0.446 0.449
CYS01A0257_002 0.265 0.266 0.265 0.266 0.265
CYS01A0257_003 0.288 0.289 0.288 0.288 0.287
CYS-1A0257_004 0.000 0.000 0.000 0.000 0.000
PRO01A0258_001 1.000 1.000 1.000 1.000 1.000
ASP01A0259_001 0.000 0.000 0.000 0.000 0.000
ASP01A0259_002 0.000 0.000 0.000 0.000 0.000
ASP02A0259_003 0.000 0.000 0.000 0.000 0.000
ASP02A0259_004 0.000 0.000 0.000 0.000 0.000
ASP-1A0259_005 1.000 1.000 1.000 1.000 1.000
PRO01A0260_001 1.000 1.000 1.000 1.000 1.000
LEU01A0261_001 1.000 1.000 1.000 1.000 1.000
TYR01A0262_001 0.993 0.993 0.993 0.993 0.993
TYR01A0262_002 0.007 0.007 0.007 0.007 0.007
TYR-1A0262_003 0.000 0.000 0.000 0.000 0.000
GLU01A0263_001 0.000 0.000 0.000 0.000 0.000
GLU01A0263_002 0.000 0.000 0.000 0.000 0.000
GLU02A0263_003 0.000 0.000 0.000 0.000 0.000
GLU02A0263_004 0.000 0.000 0.000 0.000 0.000
GLU-1A0263_005 1.000 1.000 1.000 1.000 1.000
VAL01A0264_001 1.000 1.000 1.000 1.000 1.000
MET01A0265_001 1.000 1.000 1.000 1.000 1.000
LEU01A0266_001 1.000 1.000 1.000 1.000 1.000
LYS01A0267_001 0.001 0.002 0.001 0.001 0.000
LYS+1A0267_002 0.999 0.998 0.999 0.999 1.000
CYS01A0268_001 0.217 0.216 0.216 0.217 0.217
CYS01A0268_002 0.513 0.514 0.514 0.513 0.513
CYS01A0268_003 0.270 0.269 0.270 0.270 0.270
CYS-1A0268_004 0.000 0.000 0.000 0.000 0.000
TRP01A0269_001 1.000 1.000 1.000 1.000 1.000
HIS01A0270_001 0.161 0.161 0.160 0.161 0.160
HIS01A0270_002 0.719 0.721 0.720 0.720 0.720
HIS02A0270_003 0.114 0.112 0.114 0.112 0.113
HIS02A0270_004 0.007 0.007 0.006 0.006 0.007
HIS+1A0270_005 0.000 0.000 0.000 0.000 0.000
HIS+1A0270_006 0.000 0.000 0.000 0.000 0.000
PRO01A0271_001 1.000 1.000 1.000 1.000 1.000
LYS01A0272_001 0.014 0.014 0.014 0.014 0.014
LYS+1A0272_002 0.986 0.986 0.986 0.986 0.986
ALA01A0273_001 1.000 1.000 1.000 1.000 1.000
GLU01A0274_001 0.000 0.000 0.000 0.000 0.000
GLU01A0274_002 0.000 0.000 0.000 0.000 0.000
GLU02A0274_003 0.000 0.000 0.000 0.000 0.000
GLU02A0274_004 0.000 0.000 0.000 0.000 0.000
GLU-1A0274_005 1.000 1.000 1.000 1.000 1.000
MET01A0275_001 1.000 1.000 1.000 1.000 1.000
ARG01A0276_001 0.000 0.000 0.000 0.000 0.000
ARG02A0276_002 0.000 0.000 0.000 0.000 0.000
ARG02A0276_003 0.000 0.000 0.000 0.000 0.000
ARG03A0276_004 0.000 0.000 0.000 0.000 0.000
ARG03A0276_005 0.000 0.000 0.000 0.000 0.000
ARG+1A0276_006 1.000 1.000 1.000 1.000 1.000
PRO01A0277_001 1.000 1.000 1.000 1.000 1.000
SER01A0278_001 0.011 0.011 0.011 0.010 0.011
SER01A0278_002 0.000 0.000 0.000 0.000 0.000
SER01A0278_003 0.989 0.989 0.989 0.990 0.989
PHE01A0279_001 1.000 1.000 1.000 1.000 1.000
SER01A0280_001 0.044 0.044 0.045 0.045 0.044
SER01A0280_002 0.956 0.956 0.955 0.955 0.956
GLU01A0281_001 0.000 0.000 0.000 0.000 0.000
GLU01A0281_002 0.000 0.000 0.000 0.000 0.000
GLU02A0281_003 0.000 0.000 0.000 0.000 0.000
GLU02A0281_004 0.000 0.000 0.000 0.000 0.000
GLU-1A0281_005 1.000 1.000 1.000 1.000 1.000
LEU01A0282_001 1.000 1.000 1.000 1.000 1.000
VAL01A0283_001 1.000 1.000 1.000 1.000 1.000
SER01A0284_001 1.000 1.000 1.000 1.000 1.000
ARG01A0285_001 0.000 0.000 0.000 0.000 0.000
ARG02A0285_002 0.000 0.000 0.000 0.000 0.000
ARG03A0285_003 0.000 0.000 0.000 0.000 0.000
ARG+1A0285_004 1.000 1.000 1.000 1.000 1.000
ILE01A0286_001 1.000 1.000 1.000 1.000 1.000
SER01A0287_001 1.000 1.000 1.000 1.000 1.000
ALA01A0288_001 1.000 1.000 1.000 1.000 1.000
ILE01A0289_001 1.000 1.000 1.000 1.000 1.000
PHE01A0290_001 1.000 1.000 1.000 1.000 1.000
SER01A0291_001 1.000 1.000 1.000 1.000 1.000
THR01A0292_001 0.975 0.975 0.976 0.976 0.975
THR01A0292_002 0.025 0.025 0.024 0.024 0.025
PHE01A0293_001 1.000 1.000 1.000 1.000 1.000
ILE01A0294_001 1.000 1.000 1.000 1.000 1.000
VGH+aB0001_001 0.000 0.000 0.000 0.000 0.000
VGH+aB0001_002 0.000 0.000 0.000 0.000 0.000
VGH+1B0001_003 0.784 0.782 0.785 0.783 0.784
VGH01B0001_004 0.216 0.218 0.215 0.217 0.216
VGH+2B0001_005 0.000 0.000 0.000 0.000 0.000
VGH+2B0001_006 0.000 0.000 0.000 0.000 0.000
VGHDMB0001_007 0.000 0.000 0.000 0.000 0.000
