 ph              7.4   7.4   7.4   7.4   7.4
GLU01A0002_001 0.000 0.000 0.000 0.000 0.000
GLU01A0002_002 0.000 0.000 0.000 0.000 0.000
GLU02A0002_003 0.000 0.000 0.000 0.000 0.000
GLU02A0002_004 0.000 0.000 0.000 0.000 0.000
GLU-1A0002_005 1.000 1.000 1.000 1.000 1.000
ALA01A0003_001 1.000 1.000 1.000 1.000 1.000
PRO01A0004_001 1.000 1.000 1.000 1.000 1.000
ASN01A0005_001 0.004 0.006 0.005 0.005 0.005
ASN01A0005_002 0.996 0.994 0.995 0.995 0.995
GLN01A0006_001 0.033 0.033 0.031 0.034 0.031
GLN01A0006_002 0.967 0.967 0.969 0.966 0.969
ALA01A0007_001 1.000 1.000 1.000 1.000 1.000
LEU01A0008_001 1.000 1.000 1.000 1.000 1.000
LEU01A0009_001 1.000 1.000 1.000 1.000 1.000
ARG01A0010_001 0.000 0.000 0.000 0.000 0.000
ARG02A0010_002 0.000 0.000 0.000 0.000 0.000
ARG03A0010_003 0.000 0.000 0.000 0.000 0.000
ARG+1A0010_004 1.000 1.000 1.000 1.000 1.000
ILE01A0011_001 1.000 1.000 1.000 1.000 1.000
LEU01A0012_001 1.000 1.000 1.000 1.000 1.000
LYS01A0013_001 0.001 0.000 0.000 0.000 0.000
LYS+1A0013_002 0.999 1.000 1.000 1.000 1.000
GLU01A0014_001 0.000 0.000 0.000 0.000 0.000
GLU01A0014_002 0.000 0.000 0.000 0.000 0.000
GLU02A0014_003 0.000 0.000 0.000 0.000 0.000
GLU02A0014_004 0.000 0.001 0.000 0.000 0.000
GLU-1A0014_005 1.000 0.999 1.000 1.000 1.000
THR01A0015_001 1.000 1.000 1.000 1.000 1.000
GLU01A0016_001 0.000 0.000 0.000 0.000 0.000
GLU01A0016_002 0.000 0.002 0.002 0.000 0.001
GLU02A0016_003 0.000 0.000 0.000 0.000 0.000
GLU02A0016_004 0.010 0.007 0.006 0.008 0.005
GLU-1A0016_005 0.990 0.992 0.992 0.992 0.994
PHE01A0017_001 1.000 1.000 1.000 1.000 1.000
LYS01A0018_001 0.001 0.000 0.002 0.000 0.001
LYS+1A0018_002 0.999 1.000 0.998 1.000 0.999
LYS01A0019_001 0.010 0.010 0.010 0.011 0.010
LYS+1A0019_002 0.990 0.990 0.990 0.989 0.990
ILE01A0020_001 1.000 1.000 1.000 1.000 1.000
LYS01A0021_001 0.005 0.005 0.004 0.005 0.004
LYS+1A0021_002 0.995 0.995 0.996 0.995 0.996
VAL01A0022_001 1.000 1.000 1.000 1.000 1.000
LEU01A0023_001 1.000 1.000 1.000 1.000 1.000
SER01A0025_001 0.063 0.062 0.062 0.059 0.060
SER01A0025_002 0.937 0.938 0.938 0.941 0.940
ALA01A0027_001 1.000 1.000 1.000 1.000 1.000
PHE01A0028_001 1.000 1.000 1.000 1.000 1.000
THR01A0030_001 0.046 0.048 0.045 0.048 0.049
THR01A0030_002 0.954 0.952 0.955 0.952 0.951
VAL01A0031_001 1.000 1.000 1.000 1.000 1.000
TYR01A0032_001 0.515 0.520 0.528 0.520 0.521
TYR01A0032_002 0.485 0.480 0.472 0.480 0.479
TYR-1A0032_003 0.000 0.000 0.000 0.000 0.000
LYS01A0033_001 0.009 0.009 0.008 0.007 0.007
LYS+1A0033_002 0.991 0.991 0.992 0.993 0.993
LEU01A0035_001 1.000 1.000 1.000 1.000 1.000
TRP01A0036_001 1.000 1.000 1.000 1.000 1.000
ILE01A0037_001 1.000 1.000 1.000 1.000 1.000
PRO01A0038_001 1.000 1.000 1.000 1.000 1.000
GLU01A0039_001 0.000 0.000 0.000 0.000 0.000
GLU01A0039_002 0.000 0.000 0.000 0.000 0.000
GLU02A0039_003 0.000 0.000 0.000 0.000 0.000
GLU02A0039_004 0.000 0.000 0.000 0.000 0.000
GLU-1A0039_005 1.000 1.000 1.000 1.000 1.000
GLU01A0041_001 0.000 0.000 0.000 0.000 0.000
GLU01A0041_002 0.000 0.000 0.000 0.001 0.000
GLU02A0041_003 0.000 0.000 0.000 0.000 0.000
GLU02A0041_004 0.001 0.000 0.000 0.000 0.000
GLU-1A0041_005 0.999 1.000 0.999 0.999 1.000
LYS01A0042_001 0.000 0.000 0.000 0.000 0.000
LYS+1A0042_002 1.000 1.000 1.000 1.000 1.000
VAL01A0043_001 1.000 1.000 1.000 1.000 1.000
LYS01A0044_001 0.021 0.020 0.021 0.022 0.021
LYS+1A0044_002 0.979 0.980 0.979 0.978 0.979
ILE01A0045_001 1.000 1.000 1.000 1.000 1.000
PRO01A0046_001 1.000 1.000 1.000 1.000 1.000
VAL01A0047_001 1.000 1.000 1.000 1.000 1.000
ALA01A0048_001 1.000 1.000 1.000 1.000 1.000
ILE01A0049_001 1.000 1.000 1.000 1.000 1.000
LYS01A0050_001 0.000 0.000 0.000 0.000 0.000
LYS+1A0050_002 1.000 1.000 1.000 1.000 1.000
GLU01A0051_001 0.000 0.000 0.000 0.001 0.000
GLU01A0051_002 0.063 0.060 0.067 0.064 0.062
GLU02A0051_003 0.004 0.003 0.004 0.004 0.004
GLU02A0051_004 0.113 0.108 0.105 0.109 0.109
GLU-1A0051_005 0.820 0.829 0.824 0.822 0.826
LEU01A0052_001 1.000 1.000 1.000 1.000 1.000
ARG01A0053_001 0.000 0.000 0.000 0.000 0.000
ARG02A0053_002 0.000 0.000 0.000 0.000 0.000
ARG03A0053_003 0.000 0.000 0.000 0.000 0.000
ARG03A0053_004 0.000 0.000 0.000 0.000 0.000
ARG+1A0053_005 1.000 1.000 1.000 1.000 1.000
GLU01A0054_001 0.002 0.003 0.004 0.004 0.003
GLU01A0054_002 0.006 0.005 0.008 0.007 0.007
GLU02A0054_003 0.000 0.000 0.000 0.000 0.000
GLU02A0054_004 0.002 0.001 0.002 0.002 0.001
GLU-1A0054_005 0.990 0.991 0.987 0.987 0.988
ALA01A0055_001 1.000 1.000 1.000 1.000 1.000
THR01A0056_001 0.884 0.885 0.887 0.886 0.884
THR01A0056_002 0.116 0.115 0.113 0.114 0.116
SER01A0057_001 0.261 0.257 0.253 0.254 0.253
SER01A0057_002 0.739 0.743 0.747 0.746 0.747
PRO01A0058_001 1.000 1.000 1.000 1.000 1.000
LYS01A0059_001 0.743 0.747 0.749 0.751 0.747
LYS+1A0059_002 0.257 0.253 0.251 0.249 0.253
ALA01A0060_001 1.000 1.000 1.000 1.000 1.000
ASN01A0061_001 0.959 0.958 0.956 0.958 0.959
ASN01A0061_002 0.041 0.042 0.044 0.042 0.041
LYS01A0062_001 0.000 0.000 0.000 0.000 0.000
LYS+1A0062_002 1.000 1.000 1.000 1.000 1.000
GLU01A0063_001 0.000 0.000 0.000 0.000 0.000
GLU01A0063_002 0.000 0.000 0.000 0.000 0.000
GLU02A0063_003 0.000 0.000 0.000 0.000 0.000
GLU02A0063_004 0.005 0.005 0.000 0.004 0.000
GLU-1A0063_005 0.995 0.995 1.000 0.996 1.000
ILE01A0064_001 1.000 1.000 1.000 1.000 1.000
LEU01A0065_001 1.000 1.000 1.000 1.000 1.000
ASP01A0066_001 0.000 0.000 0.000 0.000 0.000
ASP01A0066_002 0.000 0.000 0.000 0.000 0.000
ASP02A0066_003 0.000 0.000 0.000 0.000 0.000
ASP02A0066_004 0.000 0.000 0.000 0.001 0.000
ASP-1A0066_005 1.000 1.000 1.000 0.999 1.000
GLU01A0067_001 0.000 0.000 0.000 0.000 0.000
GLU01A0067_002 0.005 0.005 0.000 0.000 0.006
GLU02A0067_003 0.000 0.000 0.000 0.000 0.000
GLU02A0067_004 0.000 0.001 0.000 0.000 0.000
GLU-1A0067_005 0.995 0.994 1.000 1.000 0.994
ALA01A0068_001 1.000 1.000 1.000 1.000 1.000
TYR01A0069_001 1.000 1.000 1.000 1.000 1.000
TYR-1A0069_002 0.000 0.000 0.000 0.000 0.000
VAL01A0070_001 1.000 1.000 1.000 1.000 1.000
MET01A0071_001 1.000 1.000 1.000 1.000 1.000
ALA01A0072_001 1.000 1.000 1.000 1.000 1.000
SER01A0073_001 0.009 0.009 0.009 0.009 0.007
SER01A0073_002 0.943 0.944 0.945 0.944 0.949
SER01A0073_003 0.048 0.047 0.046 0.047 0.043
VAL01A0074_001 1.000 1.000 1.000 1.000 1.000
ASP01A0075_001 0.000 0.000 0.000 0.000 0.000
ASP01A0075_002 0.000 0.000 0.000 0.000 0.000
ASP02A0075_003 0.000 0.000 0.000 0.000 0.000
ASP02A0075_004 0.000 0.000 0.000 0.000 0.000
ASP-1A0075_005 1.000 1.000 1.000 1.000 1.000
ASN01A0076_001 1.000 1.000 1.000 1.000 1.000
ASN01A0076_002 0.000 0.000 0.000 0.000 0.000
PRO01A0077_001 1.000 1.000 1.000 1.000 1.000
HIS01A0078_001 0.007 0.008 0.007 0.006 0.008
HIS01A0078_002 0.013 0.014 0.015 0.015 0.015
HIS02A0078_003 0.956 0.954 0.952 0.957 0.950
HIS02A0078_004 0.020 0.021 0.024 0.019 0.024
HIS+1A0078_005 0.003 0.003 0.003 0.003 0.003
HIS+1A0078_006 0.000 0.000 0.000 0.000 0.000
VAL01A0079_001 1.000 1.000 1.000 1.000 1.000
CYS01A0080_001 0.324 0.325 0.320 0.322 0.321
CYS01A0080_002 0.190 0.195 0.190 0.198 0.192
CYS01A0080_003 0.486 0.479 0.490 0.480 0.486
CYS-1A0080_004 0.000 0.000 0.000 0.000 0.000
ARG01A0081_001 0.000 0.000 0.000 0.000 0.000
ARG02A0081_002 0.000 0.000 0.000 0.000 0.000
ARG03A0081_003 0.000 0.000 0.000 0.000 0.000
ARG+1A0081_004 1.000 1.000 1.000 1.000 1.000
LEU01A0082_001 1.000 1.000 1.000 1.000 1.000
LEU01A0083_001 1.000 1.000 1.000 1.000 1.000
ILE01A0085_001 1.000 1.000 1.000 1.000 1.000
CYS01A0086_001 0.052 0.050 0.054 0.048 0.049
CYS01A0086_002 0.524 0.525 0.520 0.531 0.531
CYS01A0086_003 0.424 0.426 0.426 0.421 0.419
CYS-1A0086_004 0.000 0.000 0.000 0.000 0.000
LEU01A0087_001 1.000 1.000 1.000 1.000 1.000
THR01A0088_001 0.595 0.588 0.595 0.588 0.586
THR01A0088_002 0.090 0.089 0.090 0.088 0.087
THR01A0088_003 0.315 0.323 0.315 0.324 0.327
SER01A0089_001 0.993 0.993 0.994 0.993 0.994
SER01A0089_002 0.007 0.007 0.006 0.007 0.006
THR01A0090_001 0.025 0.025 0.028 0.025 0.026
THR01A0090_002 0.975 0.975 0.972 0.975 0.974
VAL01A0091_001 1.000 1.000 1.000 1.000 1.000
GLN01A0092_001 0.028 0.027 0.028 0.025 0.027
GLN01A0092_002 0.972 0.973 0.972 0.975 0.973
LEU01A0093_001 1.000 1.000 1.000 1.000 1.000
ILE01A0094_001 1.000 1.000 1.000 1.000 1.000
THR01A0095_001 0.047 0.046 0.047 0.049 0.046
THR01A0095_002 0.953 0.954 0.953 0.951 0.954
GLN01A0096_001 0.626 0.621 0.617 0.618 0.617
GLN01A0096_002 0.374 0.379 0.383 0.382 0.383
LEU01A0097_001 1.000 1.000 1.000 1.000 1.000
MET01A0098_001 1.000 1.000 1.000 1.000 1.000
PRO01A0099_001 1.000 1.000 1.000 1.000 1.000
PHE01A0100_001 1.000 1.000 1.000 1.000 1.000
CYS01A0102_001 0.467 0.479 0.474 0.471 0.470
CYS01A0102_002 0.029 0.027 0.029 0.029 0.033
CYS01A0102_003 0.501 0.491 0.497 0.497 0.497
CYS-1A0102_004 0.003 0.003 0.000 0.002 0.000
LEU01A0103_001 1.000 1.000 1.000 1.000 1.000
LEU01A0104_001 1.000 1.000 1.000 1.000 1.000
ASP01A0105_001 0.000 0.000 0.000 0.000 0.000
ASP01A0105_002 0.000 0.000 0.000 0.000 0.000
ASP02A0105_003 0.000 0.000 0.000 0.000 0.000
ASP02A0105_004 0.000 0.000 0.000 0.000 0.000
ASP-1A0105_005 1.000 1.000 1.000 1.000 1.000
TYR01A0106_001 0.483 0.479 0.476 0.482 0.481
TYR01A0106_002 0.517 0.521 0.524 0.518 0.519
TYR-1A0106_003 0.000 0.000 0.000 0.000 0.000
VAL01A0107_001 1.000 1.000 1.000 1.000 1.000
ARG01A0108_001 0.000 0.000 0.000 0.000 0.000
ARG02A0108_002 0.000 0.000 0.000 0.000 0.000
ARG03A0108_003 0.000 0.000 0.000 0.000 0.000
ARG+1A0108_004 1.000 1.000 1.000 1.000 1.000
GLU01A0109_001 0.000 0.000 0.000 0.000 0.000
GLU01A0109_002 0.000 0.000 0.000 0.000 0.000
GLU02A0109_003 0.000 0.000 0.000 0.000 0.000
GLU02A0109_004 0.001 0.000 0.000 0.001 0.000
GLU-1A0109_005 0.999 1.000 1.000 0.999 1.000
HIS01A0110_001 0.190 0.206 0.207 0.203 0.203
HIS01A0110_002 0.011 0.012 0.012 0.013 0.012
HIS02A0110_003 0.160 0.170 0.169 0.165 0.170
HIS02A0110_004 0.274 0.271 0.273 0.273 0.265
HIS+1A0110_005 0.239 0.225 0.225 0.228 0.234
HIS+1A0110_006 0.125 0.116 0.114 0.118 0.116
LYS01A0111_001 0.000 0.000 0.000 0.000 0.000
LYS+1A0111_002 1.000 1.000 1.000 1.000 1.000
ASP01A0112_001 0.000 0.000 0.000 0.000 0.000
ASP01A0112_002 0.000 0.000 0.000 0.000 0.000
ASP02A0112_003 0.000 0.000 0.000 0.000 0.000
ASP02A0112_004 0.000 0.000 0.000 0.000 0.000
ASP-1A0112_005 1.000 1.000 1.000 1.000 0.999
ASN01A0113_001 0.346 0.357 0.357 0.355 0.355
ASN01A0113_002 0.654 0.643 0.643 0.645 0.645
ILE01A0114_001 1.000 1.000 1.000 1.000 1.000
SER01A0116_001 0.788 0.790 0.785 0.786 0.794
SER01A0116_002 0.014 0.016 0.014 0.014 0.014
SER01A0116_003 0.198 0.194 0.201 0.200 0.192
GLN01A0117_001 0.824 0.826 0.823 0.824 0.823
GLN01A0117_002 0.176 0.174 0.177 0.176 0.177
TYR01A0118_001 0.611 0.605 0.613 0.608 0.608
TYR01A0118_002 0.389 0.395 0.387 0.392 0.392
TYR-1A0118_003 0.000 0.000 0.000 0.000 0.000
LEU01A0119_001 1.000 1.000 1.000 1.000 1.000
LEU01A0120_001 1.000 1.000 1.000 1.000 1.000
ASN01A0121_001 0.907 0.908 0.904 0.905 0.906
ASN01A0121_002 0.093 0.092 0.096 0.095 0.094
TRP01A0122_001 1.000 1.000 1.000 1.000 1.000
CYS01A0123_001 0.176 0.184 0.177 0.181 0.181
CYS01A0123_002 0.656 0.640 0.656 0.646 0.653
CYS01A0123_003 0.168 0.175 0.167 0.173 0.166
CYS-1A0123_004 0.000 0.000 0.000 0.000 0.000
VAL01A0124_001 1.000 1.000 1.000 1.000 1.000
GLN01A0125_001 1.000 1.000 1.000 1.000 1.000
ILE01A0126_001 1.000 1.000 1.000 1.000 1.000
ALA01A0127_001 1.000 1.000 1.000 1.000 1.000
LYS01A0128_001 0.000 0.000 0.000 0.000 0.000
LYS+1A0128_002 1.000 1.000 1.000 1.000 1.000
MET01A0130_001 1.000 1.000 1.000 1.000 1.000
ASN01A0131_001 0.342 0.344 0.346 0.344 0.348
ASN01A0131_002 0.658 0.656 0.654 0.656 0.652
TYR01A0132_001 0.996 1.000 0.996 0.995 0.996
TYR01A0132_002 0.004 0.000 0.004 0.005 0.004
TYR-1A0132_003 0.000 0.000 0.000 0.000 0.000
LEU01A0133_001 1.000 1.000 1.000 1.000 1.000
GLU01A0134_001 0.000 0.000 0.000 0.000 0.000
GLU01A0134_002 0.001 0.000 0.001 0.002 0.001
GLU02A0134_003 0.002 0.004 0.002 0.004 0.002
GLU02A0134_004 0.002 0.003 0.002 0.003 0.002
GLU-1A0134_005 0.995 0.993 0.995 0.991 0.994
ASP01A0135_001 0.000 0.000 0.000 0.000 0.000
ASP01A0135_002 0.003 0.003 0.002 0.003 0.000
ASP02A0135_003 0.000 0.000 0.000 0.000 0.000
ASP02A0135_004 0.003 0.004 0.002 0.005 0.006
ASP-1A0135_005 0.994 0.993 0.996 0.992 0.994
ARG01A0136_001 0.000 0.000 0.000 0.000 0.000
ARG02A0136_002 0.000 0.000 0.000 0.000 0.000
ARG03A0136_003 0.000 0.000 0.000 0.000 0.000
ARG+1A0136_004 1.000 1.000 1.000 1.000 1.000
ARG01A0137_001 0.000 0.000 0.000 0.000 0.000
ARG02A0137_002 0.000 0.000 0.000 0.000 0.000
ARG03A0137_003 0.000 0.000 0.000 0.000 0.000
ARG+1A0137_004 1.000 1.000 1.000 1.000 1.000
LEU01A0138_001 1.000 1.000 1.000 1.000 1.000
VAL01A0139_001 1.000 1.000 1.000 1.000 1.000
HIS01A0140_001 1.000 1.000 1.000 1.000 1.000
HIS02A0140_002 0.000 0.000 0.000 0.000 0.000
HIS+1A0140_003 0.000 0.000 0.000 0.000 0.000
ARG01A0141_001 0.000 0.000 0.000 0.000 0.000
ARG02A0141_002 0.000 0.000 0.000 0.000 0.000
ARG03A0141_003 0.000 0.000 0.000 0.000 0.000
ARG03A0141_004 0.000 0.000 0.000 0.000 0.000
ARG+1A0141_005 1.000 1.000 1.000 1.000 1.000
ASP01A0142_001 0.014 0.014 0.013 0.012 0.014
ASP01A0142_002 0.101 0.106 0.106 0.105 0.101
ASP02A0142_003 0.097 0.098 0.092 0.094 0.094
ASP02A0142_004 0.743 0.734 0.744 0.735 0.741
ASP-1A0142_005 0.045 0.049 0.045 0.053 0.050
LEU01A0143_001 1.000 1.000 1.000 1.000 1.000
ALA01A0144_001 1.000 1.000 1.000 1.000 1.000
ALA01A0145_001 1.000 1.000 1.000 1.000 1.000
ARG01A0146_001 0.000 0.000 0.000 0.000 0.000
ARG02A0146_002 0.000 0.000 0.000 0.000 0.000
ARG02A0146_003 0.000 0.000 0.000 0.000 0.000
ARG03A0146_004 0.000 0.000 0.000 0.000 0.000
ARG+1A0146_005 1.000 1.000 1.000 1.000 1.000
ASN01A0147_001 0.192 0.192 0.192 0.202 0.193
ASN01A0147_002 0.808 0.808 0.808 0.798 0.807
VAL01A0148_001 1.000 1.000 1.000 1.000 1.000
LEU01A0149_001 1.000 1.000 1.000 1.000 1.000
VAL01A0150_001 1.000 1.000 1.000 1.000 1.000
LYS01A0151_001 0.022 0.023 0.023 0.024 0.021
LYS+1A0151_002 0.978 0.977 0.977 0.976 0.979
THR01A0152_001 0.012 0.011 0.012 0.012 0.011
THR01A0152_002 0.000 0.000 0.000 0.000 0.000
THR01A0152_003 0.988 0.989 0.988 0.988 0.989
PRO01A0153_001 1.000 1.000 1.000 1.000 1.000
GLN01A0154_001 0.998 0.998 0.998 0.998 0.997
GLN01A0154_002 0.002 0.002 0.002 0.002 0.003
HIS01A0155_001 0.984 0.983 0.983 0.983 0.981
HIS02A0155_002 0.016 0.017 0.015 0.015 0.016
HIS+1A0155_003 0.000 0.000 0.002 0.002 0.002
VAL01A0156_001 1.000 1.000 1.000 1.000 1.000
LYS01A0157_001 0.272 0.271 0.274 0.277 0.277
LYS+1A0157_002 0.728 0.729 0.726 0.723 0.723
ILE01A0158_001 1.000 1.000 1.000 1.000 1.000
THR01A0159_001 0.148 0.151 0.146 0.149 0.148
THR01A0159_002 0.852 0.849 0.854 0.851 0.852
ASP01A0160_001 0.000 0.000 0.000 0.000 0.000
ASP01A0160_002 0.001 0.000 0.000 0.000 0.000
ASP02A0160_003 0.000 0.000 0.000 0.000 0.000
ASP02A0160_004 0.001 0.000 0.001 0.000 0.000
ASP-1A0160_005 0.999 1.000 0.999 1.000 1.000
PHE01A0161_001 1.000 1.000 1.000 1.000 1.000
LEU01A0163_001 1.000 1.000 1.000 1.000 1.000
ALA01A0164_001 1.000 1.000 1.000 1.000 1.000
LYS01A0165_001 0.000 0.000 0.000 0.000 0.000
LYS+1A0165_002 1.000 1.000 1.000 1.000 1.000
LEU01A0166_001 1.000 1.000 1.000 1.000 1.000
LEU01A0167_001 1.000 1.000 1.000 1.000 1.000
ALA01A0169_001 1.000 1.000 1.000 1.000 1.000
GLU01A0170_001 0.000 0.000 0.000 0.000 0.000
GLU01A0170_002 0.000 0.000 0.000 0.000 0.000
GLU02A0170_003 0.000 0.000 0.000 0.000 0.000
GLU02A0170_004 0.000 0.000 0.000 0.000 0.000
GLU-1A0170_005 1.000 1.000 1.000 1.000 1.000
GLU01A0171_001 0.000 0.000 0.000 0.000 0.000
GLU01A0171_002 0.000 0.000 0.001 0.000 0.000
GLU02A0171_003 0.000 0.000 0.000 0.000 0.000
GLU02A0171_004 0.000 0.000 0.000 0.000 0.000
GLU-1A0171_005 1.000 1.000 0.999 1.000 0.999
LYS01A0172_001 0.000 0.000 0.000 0.000 0.000
LYS+1A0172_002 1.000 1.000 1.000 1.000 1.000
GLU01A0173_001 0.000 0.000 0.000 0.000 0.000
GLU01A0173_002 0.000 0.000 0.000 0.001 0.000
GLU02A0173_003 0.000 0.000 0.000 0.000 0.000
GLU02A0173_004 0.000 0.000 0.000 0.001 0.000
GLU-1A0173_005 1.000 1.000 1.000 0.998 1.000
TYR01A0174_001 1.000 1.000 1.000 1.000 1.000
TYR-1A0174_002 0.000 0.000 0.000 0.000 0.000
HIS01A0175_001 0.102 0.099 0.106 0.105 0.102
HIS01A0175_002 0.072 0.071 0.074 0.074 0.074
HIS02A0175_003 0.253 0.242 0.248 0.246 0.243
HIS02A0175_004 0.216 0.206 0.216 0.220 0.217
HIS+1A0175_005 0.182 0.197 0.186 0.185 0.187
HIS+1A0175_006 0.175 0.185 0.170 0.171 0.177
ALA01A0176_001 1.000 1.000 1.000 1.000 1.000
GLU01A0177_001 0.000 0.000 0.000 0.000 0.000
GLU01A0177_002 0.000 0.000 0.000 0.000 0.000
GLU02A0177_003 0.000 0.000 0.000 0.000 0.000
GLU02A0177_004 0.000 0.000 0.000 0.000 0.000
GLU-1A0177_005 1.000 1.000 1.000 1.000 1.000
LYS01A0180_001 0.000 0.000 0.000 0.000 0.000
LYS+1A0180_002 1.000 1.000 1.000 1.000 1.000
VAL01A0181_001 1.000 1.000 1.000 1.000 1.000
PRO01A0182_001 1.000 1.000 1.000 1.000 1.000
ILE01A0183_001 1.000 1.000 1.000 1.000 1.000
LYS01A0184_001 0.028 0.029 0.029 0.026 0.028
LYS+1A0184_002 0.972 0.971 0.971 0.974 0.972
TRP01A0185_001 1.000 1.000 1.000 1.000 1.000
MET01A0186_001 1.000 1.000 1.000 1.000 1.000
ALA01A0187_001 1.000 1.000 1.000 1.000 1.000
LEU01A0188_001 1.000 1.000 1.000 1.000 1.000
GLU01A0189_001 0.004 0.003 0.003 0.000 0.003
GLU01A0189_002 0.008 0.007 0.006 0.012 0.006
GLU02A0189_003 0.000 0.000 0.000 0.000 0.000
GLU02A0189_004 0.000 0.000 0.000 0.000 0.000
GLU-1A0189_005 0.988 0.990 0.990 0.988 0.991
SER01A0190_001 0.921 0.920 0.926 0.922 0.921
SER01A0190_002 0.003 0.002 0.000 0.000 0.003
SER01A0190_003 0.077 0.078 0.074 0.078 0.076
ILE01A0191_001 1.000 1.000 1.000 1.000 1.000
LEU01A0192_001 1.000 1.000 1.000 1.000 1.000
HIS01A0193_001 0.097 0.093 0.097 0.098 0.097
HIS01A0193_002 0.321 0.315 0.314 0.313 0.311
HIS02A0193_003 0.126 0.120 0.126 0.123 0.126
HIS02A0193_004 0.240 0.251 0.248 0.243 0.247
HIS+1A0193_005 0.095 0.099 0.095 0.100 0.099
HIS+1A0193_006 0.121 0.124 0.120 0.123 0.119
ARG01A0194_001 0.000 0.000 0.000 0.000 0.000
ARG02A0194_002 0.000 0.000 0.000 0.000 0.000
ARG03A0194_003 0.000 0.000 0.000 0.000 0.000
ARG+1A0194_004 1.000 1.000 1.000 1.000 1.000
ILE01A0195_001 1.000 1.000 1.000 1.000 1.000
TYR01A0196_001 1.000 1.000 1.000 1.000 1.000
TYR-1A0196_002 0.000 0.000 0.000 0.000 0.000
THR01A0197_001 0.000 0.000 0.000 0.000 0.000
THR01A0197_002 1.000 1.000 1.000 1.000 1.000
HIS01A0198_001 0.022 0.022 0.020 0.018 0.020
HIS01A0198_002 0.263 0.273 0.268 0.267 0.260
HIS02A0198_003 0.605 0.592 0.603 0.607 0.607
HIS02A0198_004 0.020 0.018 0.018 0.019 0.017
HIS+1A0198_005 0.056 0.062 0.057 0.056 0.061
HIS+1A0198_006 0.034 0.033 0.034 0.033 0.036
GLN01A0199_001 0.981 0.982 0.983 0.981 0.983
GLN01A0199_002 0.019 0.018 0.017 0.019 0.017
SER01A0200_001 0.030 0.030 0.029 0.029 0.027
SER01A0200_002 0.877 0.880 0.880 0.881 0.882
SER01A0200_003 0.093 0.089 0.091 0.090 0.091
ASP01A0201_001 0.000 0.000 0.000 0.000 0.000
ASP01A0201_002 0.000 0.000 0.000 0.000 0.000
ASP02A0201_003 0.000 0.000 0.000 0.000 0.000
ASP02A0201_004 0.000 0.000 0.000 0.000 0.000
ASP-1A0201_005 1.000 1.000 1.000 1.000 1.000
VAL01A0202_001 1.000 1.000 1.000 1.000 1.000
TRP01A0203_001 1.000 1.000 1.000 1.000 1.000
SER01A0204_001 1.000 1.000 1.000 1.000 1.000
TYR01A0205_001 0.029 0.028 0.031 0.029 0.028
TYR01A0205_002 0.971 0.972 0.969 0.971 0.972
TYR-1A0205_003 0.000 0.000 0.000 0.000 0.000
VAL01A0207_001 1.000 1.000 1.000 1.000 1.000
THR01A0208_001 0.015 0.018 0.015 0.018 0.017
THR01A0208_002 0.947 0.942 0.948 0.944 0.939
THR01A0208_003 0.038 0.040 0.037 0.038 0.043
VAL01A0209_001 1.000 1.000 1.000 1.000 1.000
TRP01A0210_001 1.000 1.000 1.000 1.000 1.000
GLU01A0211_001 0.000 0.000 0.000 0.000 0.000
GLU01A0211_002 0.000 0.000 0.000 0.000 0.000
GLU02A0211_003 0.000 0.000 0.000 0.000 0.000
GLU02A0211_004 0.000 0.003 0.000 0.000 0.004
GLU-1A0211_005 1.000 0.997 1.000 1.000 0.996
LEU01A0212_001 1.000 1.000 1.000 1.000 1.000
MET01A0213_001 1.000 1.000 1.000 1.000 1.000
THR01A0214_001 0.995 0.995 0.995 0.996 0.994
THR01A0214_002 0.005 0.005 0.005 0.004 0.006
PHE01A0215_001 1.000 1.000 1.000 1.000 1.000
SER01A0217_001 0.258 0.248 0.254 0.247 0.252
SER01A0217_002 0.209 0.210 0.211 0.212 0.212
SER01A0217_003 0.533 0.542 0.535 0.541 0.537
LYS01A0218_001 0.000 0.001 0.000 0.000 0.000
LYS+1A0218_002 1.000 0.999 1.000 1.000 1.000
PRO01A0219_001 1.000 1.000 1.000 1.000 1.000
TYR01A0220_001 1.000 1.000 1.000 1.000 1.000
TYR-1A0220_002 0.000 0.000 0.000 0.000 0.000
ASP01A0221_001 0.000 0.000 0.000 0.000 0.000
ASP01A0221_002 0.000 0.000 0.000 0.000 0.000
ASP02A0221_003 0.000 0.000 0.000 0.000 0.000
ASP02A0221_004 0.000 0.001 0.000 0.000 0.000
ASP-1A0221_005 1.000 0.999 1.000 1.000 1.000
ILE01A0223_001 1.000 1.000 1.000 1.000 1.000
PRO01A0224_001 1.000 1.000 1.000 1.000 1.000
ALA01A0225_001 1.000 1.000 1.000 1.000 1.000
SER01A0226_001 1.000 1.000 1.000 1.000 1.000
GLU01A0227_001 0.000 0.000 0.000 0.000 0.000
GLU01A0227_002 0.001 0.000 0.002 0.002 0.001
GLU02A0227_003 0.000 0.000 0.000 0.000 0.000
GLU02A0227_004 0.001 0.000 0.002 0.000 0.001
GLU-1A0227_005 0.998 1.000 0.997 0.998 0.998
ILE01A0228_001 1.000 1.000 1.000 1.000 1.000
SER01A0229_001 0.044 0.047 0.045 0.043 0.042
SER01A0229_002 0.064 0.065 0.069 0.062 0.064
SER01A0229_003 0.893 0.888 0.886 0.895 0.893
SER01A0230_001 0.314 0.303 0.305 0.306 0.304
SER01A0230_002 0.686 0.697 0.695 0.694 0.696
ILE01A0231_001 1.000 1.000 1.000 1.000 1.000
LEU01A0232_001 1.000 1.000 1.000 1.000 1.000
GLU01A0233_001 0.000 0.000 0.000 0.000 0.000
GLU01A0233_002 0.006 0.004 0.007 0.008 0.009
GLU02A0233_003 0.001 0.001 0.000 0.000 0.000
GLU02A0233_004 0.008 0.006 0.009 0.009 0.010
GLU-1A0233_005 0.985 0.989 0.984 0.983 0.982
LYS01A0234_001 0.000 0.000 0.000 0.000 0.000
LYS+1A0234_002 1.000 1.000 1.000 1.000 1.000
GLU01A0236_001 0.000 0.000 0.000 0.000 0.000
GLU01A0236_002 0.002 0.001 0.001 0.000 0.000
GLU02A0236_003 0.000 0.000 0.000 0.000 0.000
GLU02A0236_004 0.000 0.003 0.003 0.000 0.004
GLU-1A0236_005 0.998 0.996 0.996 1.000 0.996
ARG01A0237_001 0.000 0.000 0.000 0.000 0.000
ARG02A0237_002 0.000 0.000 0.000 0.000 0.000
ARG03A0237_003 0.000 0.000 0.000 0.000 0.000
ARG+1A0237_004 1.000 1.000 1.000 1.000 1.000
LEU01A0238_001 1.000 1.000 1.000 1.000 1.000
PRO01A0239_001 1.000 1.000 1.000 1.000 1.000
GLN01A0240_001 0.949 0.947 0.948 0.948 0.943
GLN01A0240_002 0.051 0.053 0.052 0.052 0.057
PRO01A0241_001 1.000 1.000 1.000 1.000 1.000
PRO01A0242_001 1.000 1.000 1.000 1.000 1.000
ILE01A0243_001 1.000 1.000 1.000 1.000 1.000
CYS01A0244_001 0.393 0.389 0.390 0.390 0.404
CYS01A0244_002 0.298 0.301 0.294 0.294 0.290
CYS01A0244_003 0.310 0.310 0.316 0.315 0.307
CYS-1A0244_004 0.000 0.000 0.000 0.000 0.000
THR01A0245_001 1.000 1.000 1.000 1.000 1.000
THR01A0245_002 0.000 0.000 0.000 0.000 0.000
ILE01A0246_001 1.000 1.000 1.000 1.000 1.000
ASP01A0247_001 0.000 0.000 0.000 0.000 0.000
ASP01A0247_002 0.000 0.000 0.000 0.000 0.000
ASP02A0247_003 0.000 0.000 0.000 0.000 0.000
ASP02A0247_004 0.000 0.000 0.000 0.000 0.000
ASP-1A0247_005 1.000 1.000 1.000 1.000 1.000
VAL01A0248_001 1.000 1.000 1.000 1.000 1.000
TYR01A0249_001 0.875 0.877 0.876 0.876 0.877
TYR01A0249_002 0.125 0.123 0.124 0.124 0.123
TYR-1A0249_003 0.000 0.000 0.000 0.000 0.000
MET01A0250_001 1.000 1.000 1.000 1.000 1.000
ILE01A0251_001 1.000 1.000 1.000 1.000 1.000
MET01A0252_001 1.000 1.000 1.000 1.000 1.000
VAL01A0253_001 1.000 1.000 1.000 1.000 1.000
LYS01A0254_001 0.000 0.000 0.000 0.000 0.000
LYS+1A0254_002 1.000 1.000 1.000 1.000 1.000
CYS01A0255_001 0.124 0.127 0.126 0.119 0.125
CYS01A0255_002 0.476 0.480 0.480 0.482 0.480
CYS01A0255_003 0.401 0.394 0.394 0.400 0.396
CYS-1A0255_004 0.000 0.000 0.000 0.000 0.000
TRP01A0256_001 1.000 1.000 1.000 1.000 1.000
MET01A0257_001 1.000 1.000 1.000 1.000 1.000
ILE01A0258_001 1.000 1.000 1.000 1.000 1.000
ASP01A0259_001 0.000 0.000 0.000 0.000 0.000
ASP01A0259_002 0.000 0.000 0.000 0.000 0.000
ASP02A0259_003 0.000 0.000 0.000 0.000 0.000
ASP02A0259_004 0.000 0.000 0.000 0.000 0.000
ASP-1A0259_005 1.000 1.000 1.000 1.000 1.000
ALA01A0260_001 1.000 1.000 1.000 1.000 1.000
ASP01A0261_001 0.000 0.000 0.000 0.000 0.000
ASP01A0261_002 0.000 0.000 0.000 0.000 0.000
ASP02A0261_003 0.000 0.000 0.000 0.000 0.000
ASP02A0261_004 0.000 0.000 0.000 0.001 0.000
ASP-1A0261_005 1.000 1.000 1.000 0.999 1.000
SER01A0262_001 0.909 0.909 0.907 0.906 0.906
SER01A0262_002 0.091 0.091 0.093 0.094 0.094
ARG01A0263_001 0.000 0.000 0.000 0.000 0.000
ARG02A0263_002 0.000 0.000 0.000 0.000 0.000
ARG02A0263_003 0.000 0.000 0.000 0.000 0.000
ARG03A0263_004 0.000 0.000 0.000 0.000 0.000
ARG03A0263_005 0.000 0.000 0.000 0.000 0.000
ARG+1A0263_006 1.000 1.000 1.000 1.000 1.000
PRO01A0264_001 1.000 1.000 1.000 1.000 1.000
LYS01A0265_001 0.002 0.003 0.002 0.003 0.000
LYS+1A0265_002 0.998 0.997 0.998 0.997 1.000
PHE01A0266_001 1.000 1.000 1.000 1.000 1.000
ARG01A0267_001 0.000 0.000 0.000 0.000 0.000
ARG02A0267_002 0.000 0.000 0.000 0.000 0.000
ARG02A0267_003 0.000 0.000 0.000 0.000 0.000
ARG03A0267_004 0.000 0.000 0.000 0.000 0.000
ARG03A0267_005 0.000 0.000 0.000 0.000 0.000
ARG+1A0267_006 1.000 1.000 1.000 1.000 1.000
GLU01A0268_001 0.000 0.000 0.000 0.000 0.000
GLU01A0268_002 0.000 0.000 0.000 0.000 0.000
GLU02A0268_003 0.000 0.000 0.000 0.000 0.000
GLU02A0268_004 0.000 0.001 0.000 0.000 0.000
GLU-1A0268_005 1.000 0.999 1.000 1.000 1.000
LEU01A0269_001 1.000 1.000 1.000 1.000 1.000
ILE01A0270_001 1.000 1.000 1.000 1.000 1.000
ILE01A0271_001 1.000 1.000 1.000 1.000 1.000
GLU01A0272_001 0.000 0.000 0.000 0.000 0.000
GLU01A0272_002 0.000 0.000 0.000 0.000 0.000
GLU02A0272_003 0.000 0.000 0.000 0.000 0.000
GLU02A0272_004 0.000 0.001 0.000 0.000 0.001
GLU-1A0272_005 1.000 0.999 1.000 1.000 0.999
PHE01A0273_001 1.000 1.000 1.000 1.000 1.000
SER01A0274_001 0.024 0.023 0.022 0.022 0.022
SER01A0274_002 0.098 0.090 0.094 0.092 0.090
SER01A0274_003 0.878 0.887 0.884 0.886 0.888
LYS01A0275_001 0.000 0.000 0.001 0.000 0.001
LYS+1A0275_002 1.000 1.000 0.999 1.000 0.999
MET01A0276_001 1.000 1.000 1.000 1.000 1.000
ALA01A0277_001 1.000 1.000 1.000 1.000 1.000
ARG01A0278_001 0.000 0.000 0.000 0.000 0.000
ARG02A0278_002 0.000 0.000 0.000 0.000 0.000
ARG03A0278_003 0.000 0.000 0.000 0.000 0.000
ARG+1A0278_004 1.000 1.000 1.000 1.000 1.000
ASP01A0279_001 0.000 0.000 0.000 0.000 0.000
ASP01A0279_002 0.000 0.000 0.000 0.000 0.000
ASP02A0279_003 0.000 0.000 0.000 0.000 0.000
ASP02A0279_004 0.000 0.000 0.002 0.001 0.000
ASP-1A0279_005 1.000 1.000 0.998 0.999 1.000
PRO01A0280_001 1.000 1.000 1.000 1.000 1.000
GLN01A0281_001 0.375 0.375 0.367 0.373 0.377
GLN01A0281_002 0.625 0.625 0.633 0.627 0.623
ARG01A0282_001 0.000 0.000 0.000 0.000 0.000
ARG02A0282_002 0.000 0.000 0.000 0.000 0.000
ARG03A0282_003 0.000 0.000 0.000 0.000 0.000
ARG+1A0282_004 1.000 1.000 1.000 1.000 1.000
TYR01A0283_001 0.518 0.521 0.516 0.514 0.516
TYR01A0283_002 0.482 0.479 0.484 0.486 0.484
TYR-1A0283_003 0.000 0.000 0.000 0.000 0.000
LEU01A0284_001 1.000 1.000 1.000 1.000 1.000
VAL01A0285_001 1.000 1.000 1.000 1.000 1.000
ILE01A0286_001 1.000 1.000 1.000 1.000 1.000
GLN01A0287_001 0.644 0.646 0.648 0.646 0.648
GLN01A0287_002 0.356 0.354 0.352 0.354 0.352
ASP01A0289_001 0.000 0.000 0.000 0.000 0.000
ASP01A0289_002 0.000 0.000 0.000 0.000 0.000
ASP02A0289_003 0.000 0.000 0.000 0.000 0.000
ASP02A0289_004 0.000 0.000 0.000 0.000 0.000
ASP-1A0289_005 1.000 1.000 0.999 1.000 1.000
GLU01A0290_001 0.000 0.000 0.000 0.000 0.000
GLU01A0290_002 0.000 0.000 0.000 0.000 0.000
GLU02A0290_003 0.000 0.000 0.000 0.000 0.000
GLU02A0290_004 0.000 0.000 0.000 0.000 0.000
GLU-1A0290_005 1.000 1.000 1.000 1.000 1.000
ARG01A0291_001 0.000 0.000 0.000 0.000 0.000
ARG02A0291_002 0.000 0.000 0.000 0.000 0.000
ARG03A0291_003 0.000 0.000 0.000 0.000 0.000
ARG+1A0291_004 1.000 1.000 1.000 1.000 1.000
MET01A0292_001 1.000 1.000 1.000 1.000 1.000
HIS01A0293_001 0.000 0.000 0.000 0.000 0.000
HIS01A0293_002 0.295 0.292 0.291 0.288 0.291
HIS02A0293_003 0.000 0.000 0.000 0.001 0.000
HIS02A0293_004 0.506 0.511 0.507 0.509 0.510
HIS+1A0293_005 0.000 0.000 0.000 0.000 0.000
HIS+1A0293_006 0.199 0.197 0.202 0.202 0.200
LEU01A0294_001 1.000 1.000 1.000 1.000 1.000
PRO01A0295_001 1.000 1.000 1.000 1.000 1.000
SER01A0296_001 0.291 0.281 0.281 0.287 0.284
SER01A0296_002 0.709 0.719 0.719 0.713 0.716
PRO01A0297_001 1.000 1.000 1.000 1.000 1.000
THR01A0298_001 0.009 0.011 0.010 0.011 0.011
THR01A0298_002 0.000 0.000 0.000 0.000 0.000
THR01A0298_003 0.991 0.989 0.990 0.989 0.989
ASP01A0299_001 0.000 0.000 0.000 0.000 0.000
ASP01A0299_002 0.001 0.000 0.000 0.001 0.000
ASP02A0299_003 0.000 0.000 0.000 0.000 0.000
ASP02A0299_004 0.002 0.000 0.000 0.000 0.000
ASP-1A0299_005 0.998 1.000 1.000 0.999 1.000
SER01A0300_001 0.019 0.018 0.020 0.017 0.020
SER01A0300_002 0.122 0.122 0.117 0.120 0.120
SER01A0300_003 0.859 0.860 0.863 0.863 0.860
ASN01A0301_001 0.913 0.915 0.916 0.914 0.917
ASN01A0301_002 0.087 0.085 0.084 0.086 0.083
PHE01A0302_001 1.000 1.000 1.000 1.000 1.000
TYR01A0303_001 1.000 1.000 1.000 1.000 1.000
TYR-1A0303_002 0.000 0.000 0.000 0.000 0.000
ARG01A0304_001 0.000 0.000 0.000 0.000 0.000
ARG02A0304_002 0.000 0.000 0.000 0.000 0.000
ARG03A0304_003 0.000 0.000 0.000 0.000 0.000
ARG+1A0304_004 1.000 1.000 1.000 1.000 1.000
ALA01A0305_001 1.000 1.000 1.000 1.000 1.000
LEU01A0306_001 1.000 1.000 1.000 1.000 1.000
MET01A0307_001 1.000 1.000 1.000 1.000 1.000
ASP01A0308_001 0.000 0.000 0.000 0.000 0.000
ASP01A0308_002 0.000 0.000 0.000 0.000 0.000
ASP02A0308_003 0.000 0.000 0.000 0.000 0.000
ASP02A0308_004 0.000 0.000 0.000 0.000 0.000
ASP-1A0308_005 1.000 1.000 1.000 1.000 1.000
GLU01A0309_001 0.000 0.000 0.000 0.000 0.000
GLU01A0309_002 0.000 0.001 0.000 0.000 0.000
GLU02A0309_003 0.000 0.000 0.000 0.000 0.000
GLU02A0309_004 0.000 0.000 0.000 0.000 0.000
GLU-1A0309_005 1.000 0.999 1.000 0.999 1.000
GLU01A0310_001 0.000 0.000 0.000 0.000 0.000
GLU01A0310_002 0.000 0.000 0.000 0.000 0.000
GLU02A0310_003 0.000 0.000 0.000 0.000 0.000
GLU02A0310_004 0.002 0.000 0.003 0.000 0.002
GLU-1A0310_005 0.998 1.000 0.997 1.000 0.998
ASP01A0311_001 0.000 0.000 0.000 0.000 0.000
ASP01A0311_002 0.001 0.000 0.000 0.000 0.000
ASP02A0311_003 0.000 0.000 0.000 0.000 0.000
ASP02A0311_004 0.000 0.000 0.000 0.000 0.000
ASP-1A0311_005 0.999 1.000 1.000 1.000 0.999
MET01A0312_001 1.000 1.000 1.000 1.000 1.000
ASP01A0313_001 0.000 0.000 0.000 0.000 0.000
ASP01A0313_002 0.000 0.000 0.000 0.001 0.000
ASP02A0313_003 0.000 0.000 0.000 0.000 0.000
ASP02A0313_004 0.000 0.000 0.000 0.000 0.000
ASP-1A0313_005 1.000 1.000 0.999 0.999 1.000
ASP01A0314_001 0.000 0.000 0.000 0.000 0.000
ASP01A0314_002 0.000 0.000 0.000 0.001 0.000
ASP02A0314_003 0.000 0.000 0.000 0.000 0.000
ASP02A0314_004 0.001 0.000 0.000 0.001 0.000
ASP-1A0314_005 0.999 1.000 1.000 0.999 1.000
VAL01A0315_001 1.000 1.000 1.000 1.000 1.000
VAL01A0316_001 1.000 1.000 1.000 1.000 1.000
ASP01A0317_001 0.000 0.000 0.000 0.000 0.000
ASP01A0317_002 0.000 0.000 0.000 0.000 0.002
ASP02A0317_003 0.000 0.000 0.000 0.000 0.000
ASP02A0317_004 0.012 0.012 0.010 0.011 0.009
ASP-1A0317_005 0.988 0.988 0.990 0.989 0.989
ALA01A0318_001 1.000 1.000 1.000 1.000 1.000
ASP01A0319_001 0.000 0.000 0.000 0.000 0.000
ASP01A0319_002 0.003 0.002 0.001 0.000 0.000
ASP02A0319_003 0.000 0.000 0.000 0.000 0.000
ASP02A0319_004 0.000 0.000 0.002 0.000 0.005
ASP-1A0319_005 0.997 0.998 0.997 1.000 0.995
GLU01A0320_001 0.000 0.000 0.000 0.000 0.000
GLU01A0320_002 0.000 0.000 0.000 0.000 0.000
GLU02A0320_003 0.000 0.000 0.000 0.000 0.000
GLU02A0320_004 0.000 0.000 0.000 0.000 0.000
GLU-1A0320_005 1.000 1.000 1.000 1.000 1.000
TYR01A0321_001 0.996 0.997 0.995 0.995 0.996
TYR-1A0321_002 0.004 0.003 0.005 0.005 0.004
