 ph              7.4   7.4   7.4   7.4   7.4   7.4   7.4   7.4   7.4   7.4
AXI01B0001_001 0.399 0.399 0.399 0.399 0.399 0.399 0.399 0.399 0.399 0.399
AXI01B0001_002 0.411 0.411 0.411 0.411 0.411 0.411 0.411 0.411 0.411 0.411
AXI02B0001_003 0.097 0.097 0.097 0.097 0.097 0.097 0.097 0.097 0.097 0.097
AXI02B0001_004 0.092 0.092 0.092 0.092 0.092 0.092 0.092 0.092 0.092 0.092
AXI+1B0001_005 0.000 0.000 0.000 0.000 0.000 0.000 0.000 0.000 0.000 0.000
AXI+1B0001_006 0.001 0.001 0.001 0.000 0.000 0.000 0.001 0.000 0.001 0.001
AXI+1B0001_007 0.000 0.000 0.000 0.000 0.000 0.000 0.000 0.000 0.000 0.000
AXI+1B0001_008 0.000 0.000 0.000 0.000 0.000 0.000 0.000 0.000 0.000 0.000
AXIDMB0001_009 0.000 0.000 0.000 0.000 0.000 0.000 0.000 0.000 0.000 0.000
