 ph              7.4   7.4   7.4   7.4   7.4
ASP01A0001_001 0.000 0.000 0.000 0.000 0.000
ASP01A0001_002 0.000 0.000 0.000 0.000 0.000
ASP02A0001_003 0.000 0.000 0.000 0.000 0.000
ASP02A0001_004 0.000 0.000 0.000 0.000 0.000
ASP-1A0001_005 1.000 1.000 1.000 1.000 1.000
TRP01A0002_001 1.000 1.000 1.000 1.000 1.000
GLU01A0003_001 0.000 0.000 0.000 0.000 0.000
GLU01A0003_002 0.000 0.000 0.000 0.000 0.000
GLU02A0003_003 0.000 0.000 0.000 0.000 0.000
GLU02A0003_004 0.000 0.000 0.000 0.000 0.000
GLU-1A0003_005 1.000 1.000 1.000 1.000 1.000
ILE01A0004_001 1.000 1.000 1.000 1.000 1.000
PRO01A0005_001 1.000 1.000 1.000 1.000 1.000
ASP01A0006_001 0.000 0.000 0.000 0.000 0.000
ASP01A0006_002 0.000 0.000 0.000 0.000 0.000
ASP02A0006_003 0.000 0.000 0.000 0.000 0.000
ASP02A0006_004 0.000 0.000 0.000 0.000 0.000
ASP-1A0006_005 1.000 1.000 1.000 1.000 1.000
GLN01A0008_001 0.997 0.997 0.997 0.997 0.997
GLN01A0008_002 0.003 0.003 0.003 0.003 0.003
ILE01A0009_001 1.000 1.000 1.000 1.000 1.000
THR01A0010_001 1.000 1.000 1.000 1.000 1.000
VAL01A0011_001 1.000 1.000 1.000 1.000 1.000
GLN01A0013_001 0.440 0.439 0.438 0.438 0.439
GLN01A0013_002 0.560 0.561 0.562 0.562 0.561
ARG01A0014_001 0.000 0.000 0.000 0.000 0.000
ARG02A0014_002 0.000 0.000 0.000 0.000 0.000
ARG03A0014_003 0.000 0.000 0.000 0.000 0.000
ARG+1A0014_004 1.000 1.000 1.000 1.000 1.000
ILE01A0015_001 1.000 1.000 1.000 1.000 1.000
SER01A0017_001 0.764 0.763 0.764 0.765 0.766
SER01A0017_002 0.236 0.237 0.236 0.235 0.234
SER01A0019_001 0.035 0.034 0.034 0.035 0.034
SER01A0019_002 0.825 0.826 0.826 0.825 0.826
SER01A0019_003 0.140 0.140 0.139 0.140 0.139
PHE01A0020_001 1.000 1.000 1.000 1.000 1.000
THR01A0022_001 0.061 0.060 0.060 0.060 0.060
THR01A0022_002 0.939 0.940 0.940 0.940 0.940
VAL01A0023_001 1.000 1.000 1.000 1.000 1.000
TYR01A0024_001 1.000 1.000 1.000 1.000 1.000
TYR-1A0024_002 0.000 0.000 0.000 0.000 0.000
LYS01A0025_001 0.000 0.000 0.000 0.000 0.000
LYS+1A0025_002 1.000 1.000 1.000 1.000 1.000
LYS01A0027_001 0.000 0.000 0.000 0.000 0.000
LYS+1A0027_002 1.000 1.000 1.000 1.000 1.000
TRP01A0028_001 1.000 1.000 1.000 1.000 1.000
HIS01A0029_001 0.037 0.037 0.037 0.037 0.037
HIS01A0029_002 0.190 0.187 0.187 0.190 0.188
HIS02A0029_003 0.042 0.041 0.042 0.041 0.042
HIS02A0029_004 0.664 0.668 0.666 0.663 0.667
HIS+1A0029_005 0.024 0.023 0.024 0.024 0.024
HIS+1A0029_006 0.044 0.044 0.045 0.045 0.043
ASP01A0031_001 0.000 0.000 0.000 0.000 0.000
ASP01A0031_002 0.000 0.000 0.000 0.000 0.000
ASP02A0031_003 0.000 0.000 0.000 0.000 0.000
ASP02A0031_004 0.000 0.000 0.000 0.000 0.000
ASP-1A0031_005 1.000 1.000 1.000 1.000 1.000
VAL01A0032_001 1.000 1.000 1.000 1.000 1.000
ALA01A0033_001 1.000 1.000 1.000 1.000 1.000
VAL01A0034_001 1.000 1.000 1.000 1.000 1.000
LYS01A0035_001 0.000 0.000 0.000 0.000 0.000
LYS+1A0035_002 1.000 1.000 1.000 1.000 1.000
MET01A0036_001 1.000 1.000 1.000 1.000 1.000
LEU01A0037_001 1.000 1.000 1.000 1.000 1.000
THR01A0038_001 1.000 1.000 1.000 1.000 1.000
PRO01A0039_001 1.000 1.000 1.000 1.000 1.000
GLN01A0040_001 1.000 1.000 1.000 1.000 1.000
GLN01A0041_001 0.012 0.013 0.012 0.012 0.013
GLN01A0041_002 0.988 0.987 0.988 0.988 0.987
LEU01A0042_001 1.000 1.000 1.000 1.000 1.000
GLN01A0043_001 0.387 0.388 0.389 0.387 0.386
GLN01A0043_002 0.613 0.612 0.611 0.613 0.614
ALA01A0044_001 1.000 1.000 1.000 1.000 1.000
PHE01A0045_001 1.000 1.000 1.000 1.000 1.000
LYS01A0046_001 0.318 0.317 0.315 0.316 0.316
LYS+1A0046_002 0.682 0.683 0.685 0.684 0.684
ASN01A0047_001 0.838 0.837 0.837 0.838 0.839
ASN01A0047_002 0.162 0.163 0.163 0.162 0.161
GLU01A0048_001 0.000 0.000 0.000 0.000 0.000
GLU01A0048_002 0.006 0.007 0.006 0.006 0.006
GLU02A0048_003 0.000 0.000 0.000 0.000 0.000
GLU02A0048_004 0.000 0.000 0.000 0.000 0.000
GLU-1A0048_005 0.994 0.993 0.993 0.994 0.994
VAL01A0049_001 1.000 1.000 1.000 1.000 1.000
VAL01A0051_001 1.000 1.000 1.000 1.000 1.000
LEU01A0052_001 1.000 1.000 1.000 1.000 1.000
ARG01A0053_001 0.000 0.000 0.000 0.000 0.000
ARG02A0053_002 0.000 0.000 0.000 0.000 0.000
ARG03A0053_003 0.000 0.000 0.000 0.000 0.000
ARG+1A0053_004 1.000 1.000 1.000 1.000 1.000
LYS01A0054_001 0.002 0.002 0.002 0.002 0.000
LYS+1A0054_002 0.998 0.998 0.998 0.998 1.000
THR01A0055_001 0.760 0.761 0.760 0.761 0.761
THR01A0055_002 0.240 0.239 0.240 0.239 0.239
ARG01A0056_001 0.000 0.000 0.000 0.000 0.000
ARG02A0056_002 0.000 0.000 0.000 0.000 0.000
ARG03A0056_003 0.000 0.000 0.000 0.000 0.000
ARG+1A0056_004 1.000 1.000 1.000 1.000 1.000
HIS01A0057_001 1.000 1.000 1.000 1.000 1.000
HIS02A0057_002 0.000 0.000 0.000 0.000 0.000
HIS+1A0057_003 0.000 0.000 0.000 0.000 0.000
VAL01A0058_001 1.000 1.000 1.000 1.000 1.000
ASN01A0059_001 1.000 1.000 1.000 1.000 1.000
ASN01A0059_002 0.000 0.000 0.000 0.000 0.000
ILE01A0060_001 1.000 1.000 1.000 1.000 1.000
LEU01A0061_001 1.000 1.000 1.000 1.000 1.000
LEU01A0062_001 1.000 1.000 1.000 1.000 1.000
PHE01A0063_001 1.000 1.000 1.000 1.000 1.000
MET01A0064_001 1.000 1.000 1.000 1.000 1.000
TYR01A0066_001 0.273 0.273 0.274 0.273 0.273
TYR01A0066_002 0.727 0.727 0.726 0.727 0.727
TYR-1A0066_003 0.000 0.000 0.000 0.000 0.000
SER01A0067_001 1.000 1.000 1.000 1.000 1.000
THR01A0068_001 0.007 0.007 0.007 0.006 0.007
THR01A0068_002 0.003 0.003 0.002 0.003 0.003
THR01A0068_003 0.990 0.991 0.991 0.991 0.990
LYS01A0069_001 0.000 0.000 0.000 0.000 0.000
LYS+1A0069_002 1.000 1.000 1.000 1.000 1.000
PRO01A0070_001 1.000 1.000 1.000 1.000 1.000
GLN01A0071_001 0.597 0.596 0.596 0.597 0.597
GLN01A0071_002 0.403 0.404 0.404 0.403 0.403
LEU01A0072_001 1.000 1.000 1.000 1.000 1.000
ALA01A0073_001 1.000 1.000 1.000 1.000 1.000
ILE01A0074_001 1.000 1.000 1.000 1.000 1.000
VAL01A0075_001 1.000 1.000 1.000 1.000 1.000
THR01A0076_001 0.094 0.094 0.095 0.094 0.094
THR01A0076_002 0.906 0.906 0.905 0.906 0.906
GLN01A0077_001 1.000 1.000 1.000 1.000 1.000
GLN01A0077_002 0.000 0.000 0.000 0.000 0.000
TRP01A0078_001 1.000 1.000 1.000 1.000 1.000
CYS01A0079_001 0.198 0.198 0.198 0.197 0.197
CYS01A0079_002 0.417 0.416 0.416 0.417 0.416
CYS01A0079_003 0.385 0.386 0.386 0.387 0.386
CYS-1A0079_004 0.000 0.000 0.000 0.000 0.000
GLU01A0080_001 0.000 0.000 0.000 0.000 0.000
GLU01A0080_002 0.004 0.003 0.004 0.003 0.004
GLU02A0080_003 0.000 0.000 0.000 0.000 0.000
GLU02A0080_004 0.000 0.001 0.000 0.001 0.000
GLU-1A0080_005 0.996 0.996 0.996 0.996 0.996
SER01A0082_001 0.609 0.610 0.608 0.609 0.607
SER01A0082_002 0.391 0.390 0.392 0.391 0.393
SER01A0083_001 1.000 1.000 1.000 1.000 1.000
SER01A0083_002 0.000 0.000 0.000 0.000 0.000
LEU01A0084_001 1.000 1.000 1.000 1.000 1.000
TYR01A0085_001 0.997 0.997 0.997 0.997 0.997
TYR-1A0085_002 0.003 0.003 0.003 0.003 0.003
HIS01A0086_001 0.264 0.264 0.264 0.264 0.265
HIS01A0086_002 0.284 0.285 0.284 0.284 0.284
HIS02A0086_003 0.241 0.241 0.242 0.241 0.241
HIS02A0086_004 0.197 0.197 0.198 0.197 0.197
HIS+1A0086_005 0.002 0.002 0.002 0.002 0.002
HIS+1A0086_006 0.012 0.012 0.011 0.012 0.011
HIS01A0087_001 0.976 0.977 0.977 0.976 0.976
HIS02A0087_002 0.018 0.017 0.017 0.018 0.018
HIS+1A0087_003 0.006 0.006 0.006 0.006 0.006
LEU01A0088_001 1.000 1.000 1.000 1.000 1.000
HIS01A0089_001 0.673 0.669 0.672 0.672 0.672
HIS02A0089_002 0.005 0.005 0.005 0.005 0.005
HIS+1A0089_003 0.323 0.326 0.323 0.323 0.323
ILE01A0090_001 1.000 1.000 1.000 1.000 1.000
ILE01A0091_001 1.000 1.000 1.000 1.000 1.000
GLU01A0092_001 0.000 0.000 0.000 0.000 0.000
GLU01A0092_002 0.000 0.000 0.000 0.000 0.000
GLU02A0092_003 0.000 0.000 0.000 0.000 0.000
GLU02A0092_004 0.000 0.001 0.002 0.001 0.000
GLU-1A0092_005 1.000 0.999 0.998 0.998 1.000
THR01A0093_001 0.036 0.036 0.036 0.036 0.036
THR01A0093_002 0.964 0.964 0.964 0.964 0.964
LYS01A0094_001 0.000 0.000 0.000 0.000 0.000
LYS+1A0094_002 1.000 1.000 1.000 1.000 1.000
PHE01A0095_001 1.000 1.000 1.000 1.000 1.000
GLU01A0096_001 0.000 0.000 0.000 0.000 0.000
GLU01A0096_002 0.000 0.000 0.000 0.000 0.000
GLU02A0096_003 0.000 0.000 0.000 0.000 0.000
GLU02A0096_004 0.000 0.000 0.000 0.000 0.000
GLU-1A0096_005 1.000 1.000 1.000 1.000 1.000
MET01A0097_001 1.000 1.000 1.000 1.000 1.000
ILE01A0098_001 1.000 1.000 1.000 1.000 1.000
LYS01A0099_001 0.007 0.007 0.007 0.008 0.007
LYS+1A0099_002 0.993 0.993 0.993 0.992 0.993
LEU01A0100_001 1.000 1.000 1.000 1.000 1.000
ILE01A0101_001 1.000 1.000 1.000 1.000 1.000
ASP01A0102_001 0.000 0.000 0.000 0.000 0.000
ASP01A0102_002 0.000 0.000 0.000 0.000 0.000
ASP02A0102_003 0.000 0.000 0.000 0.000 0.000
ASP02A0102_004 0.000 0.000 0.000 0.000 0.000
ASP-1A0102_005 1.000 1.000 1.000 1.000 1.000
ILE01A0103_001 1.000 1.000 1.000 1.000 1.000
ALA01A0104_001 1.000 1.000 1.000 1.000 1.000
ARG01A0105_001 0.000 0.000 0.000 0.000 0.000
ARG02A0105_002 0.000 0.000 0.000 0.000 0.000
ARG03A0105_003 0.000 0.000 0.000 0.000 0.000
ARG+1A0105_004 1.000 1.000 1.000 1.000 1.000
GLN01A0106_001 1.000 1.000 1.000 1.000 1.000
GLN01A0106_002 0.000 0.000 0.000 0.000 0.000
THR01A0107_001 0.024 0.024 0.024 0.025 0.024
THR01A0107_002 0.976 0.976 0.976 0.975 0.976
ALA01A0108_001 1.000 1.000 1.000 1.000 1.000
GLN01A0109_001 0.169 0.169 0.169 0.169 0.169
GLN01A0109_002 0.831 0.831 0.831 0.831 0.831
MET01A0111_001 1.000 1.000 1.000 1.000 1.000
ASP01A0112_001 0.000 0.000 0.000 0.000 0.000
ASP01A0112_002 0.001 0.001 0.001 0.000 0.000
ASP02A0112_003 0.000 0.000 0.000 0.000 0.000
ASP02A0112_004 0.003 0.003 0.002 0.004 0.005
ASP-1A0112_005 0.996 0.996 0.996 0.995 0.995
TYR01A0113_001 0.993 0.993 0.993 0.993 0.993
TYR01A0113_002 0.007 0.007 0.007 0.007 0.007
TYR-1A0113_003 0.000 0.000 0.000 0.000 0.000
LEU01A0114_001 1.000 1.000 1.000 1.000 1.000
HIS01A0115_001 0.989 0.989 0.989 0.989 0.990
HIS02A0115_002 0.000 0.000 0.000 0.000 0.000
HIS+1A0115_003 0.011 0.011 0.011 0.011 0.010
ALA01A0116_001 1.000 1.000 1.000 1.000 1.000
LYS01A0117_001 0.000 0.000 0.000 0.000 0.000
LYS+1A0117_002 1.000 1.000 1.000 1.000 1.000
SER01A0118_001 0.283 0.284 0.283 0.284 0.284
SER01A0118_002 0.717 0.716 0.717 0.716 0.716
ILE01A0119_001 1.000 1.000 1.000 1.000 1.000
ILE01A0120_001 1.000 1.000 1.000 1.000 1.000
HIS01A0121_001 1.000 1.000 1.000 1.000 1.000
HIS02A0121_002 0.000 0.000 0.000 0.000 0.000
HIS+1A0121_003 0.000 0.000 0.000 0.000 0.000
ARG01A0122_001 0.000 0.000 0.000 0.000 0.000
ARG02A0122_002 0.000 0.000 0.000 0.000 0.000
ARG03A0122_003 0.000 0.000 0.000 0.000 0.000
ARG03A0122_004 0.000 0.000 0.000 0.000 0.000
ARG+1A0122_005 1.000 1.000 1.000 1.000 1.000
ASP01A0123_001 0.000 0.000 0.000 0.000 0.000
ASP01A0123_002 0.000 0.000 0.000 0.000 0.000
ASP02A0123_003 0.000 0.000 0.000 0.000 0.000
ASP02A0123_004 0.000 0.000 0.000 0.000 0.000
ASP-1A0123_005 1.000 1.000 1.000 1.000 1.000
LEU01A0124_001 1.000 1.000 1.000 1.000 1.000
LYS01A0125_001 0.000 0.000 0.000 0.000 0.000
LYS+1A0125_002 1.000 1.000 1.000 1.000 1.000
SER01A0126_001 0.000 0.000 0.000 0.000 0.000
SER01A0126_002 0.003 0.003 0.003 0.004 0.003
SER01A0126_003 0.997 0.997 0.997 0.996 0.997
ASN01A0127_001 0.096 0.095 0.096 0.094 0.095
ASN01A0127_002 0.904 0.905 0.904 0.906 0.905
ASN01A0128_001 1.000 1.000 1.000 1.000 1.000
ASN01A0128_002 0.000 0.000 0.000 0.000 0.000
ILE01A0129_001 1.000 1.000 1.000 1.000 1.000
PHE01A0130_001 1.000 1.000 1.000 1.000 1.000
LEU01A0131_001 1.000 1.000 1.000 1.000 1.000
HIS01A0132_001 0.961 0.960 0.960 0.960 0.960
HIS01A0132_002 0.000 0.000 0.000 0.000 0.000
HIS02A0132_003 0.039 0.040 0.040 0.040 0.040
HIS02A0132_004 0.000 0.000 0.000 0.000 0.000
HIS+1A0132_005 0.000 0.000 0.000 0.000 0.000
HIS+1A0132_006 0.000 0.000 0.000 0.000 0.000
GLU01A0133_001 0.000 0.000 0.000 0.000 0.000
GLU01A0133_002 0.003 0.003 0.003 0.003 0.003
GLU02A0133_003 0.000 0.000 0.000 0.000 0.000
GLU02A0133_004 0.004 0.004 0.004 0.004 0.004
GLU-1A0133_005 0.993 0.993 0.993 0.993 0.993
ASP01A0134_001 0.000 0.000 0.000 0.000 0.000
ASP01A0134_002 0.002 0.002 0.003 0.002 0.002
ASP02A0134_003 0.000 0.000 0.000 0.000 0.000
ASP02A0134_004 0.002 0.002 0.002 0.002 0.002
ASP-1A0134_005 0.995 0.995 0.995 0.995 0.995
LEU01A0135_001 1.000 1.000 1.000 1.000 1.000
THR01A0136_001 1.000 1.000 1.000 1.000 1.000
VAL01A0137_001 1.000 1.000 1.000 1.000 1.000
LYS01A0138_001 0.000 0.000 0.000 0.000 0.000
LYS+1A0138_002 1.000 1.000 1.000 1.000 1.000
ILE01A0139_001 1.000 1.000 1.000 1.000 1.000
ASP01A0141_001 0.000 0.000 0.000 0.000 0.000
ASP01A0141_002 0.000 0.000 0.000 0.000 0.000
ASP02A0141_003 0.002 0.001 0.002 0.002 0.001
ASP02A0141_004 0.006 0.005 0.006 0.006 0.006
ASP-1A0141_005 0.992 0.993 0.993 0.993 0.993
PHE01A0142_001 1.000 1.000 1.000 1.000 1.000
LEU01A0144_001 1.000 1.000 1.000 1.000 1.000
ALA01A0145_001 1.000 1.000 1.000 1.000 1.000
THR01A0146_001 0.660 0.660 0.659 0.660 0.660
THR01A0146_002 0.340 0.340 0.341 0.340 0.340
VAL01A0147_001 1.000 1.000 1.000 1.000 1.000
LYS01A0148_001 0.004 0.004 0.004 0.004 0.004
LYS+1A0148_002 0.996 0.996 0.996 0.996 0.996
SER01A0149_001 0.002 0.002 0.002 0.002 0.002
SER01A0149_002 0.998 0.998 0.998 0.998 0.998
ARG01A0150_001 0.000 0.000 0.000 0.000 0.000
ARG02A0150_002 0.000 0.000 0.000 0.000 0.000
ARG03A0150_003 0.000 0.000 0.000 0.000 0.000
ARG+1A0150_004 1.000 1.000 1.000 1.000 1.000
SER01A0152_001 0.615 0.615 0.616 0.615 0.615
SER01A0152_002 0.385 0.385 0.384 0.385 0.385
ILE01A0153_001 1.000 1.000 1.000 1.000 1.000
LEU01A0154_001 1.000 1.000 1.000 1.000 1.000
TRP01A0155_001 1.000 1.000 1.000 1.000 1.000
MET01A0156_001 1.000 1.000 1.000 1.000 1.000
ALA01A0157_001 1.000 1.000 1.000 1.000 1.000
PRO01A0158_001 1.000 1.000 1.000 1.000 1.000
GLU01A0159_001 0.000 0.000 0.000 0.000 0.000
GLU01A0159_002 0.000 0.000 0.000 0.000 0.000
GLU02A0159_003 0.000 0.000 0.000 0.000 0.000
GLU02A0159_004 0.000 0.000 0.000 0.000 0.000
GLU-1A0159_005 1.000 1.000 1.000 1.000 1.000
VAL01A0160_001 1.000 1.000 1.000 1.000 1.000
ILE01A0161_001 1.000 1.000 1.000 1.000 1.000
ARG01A0162_001 0.000 0.000 0.000 0.000 0.000
ARG02A0162_002 0.000 0.000 0.000 0.000 0.000
ARG02A0162_003 0.000 0.000 0.000 0.000 0.000
ARG03A0162_004 0.000 0.000 0.000 0.000 0.000
ARG+1A0162_005 1.000 1.000 1.000 1.000 1.000
MET01A0163_001 1.000 1.000 1.000 1.000 1.000
GLN01A0164_001 0.242 0.242 0.242 0.242 0.242
GLN01A0164_002 0.758 0.758 0.758 0.758 0.758
ASP01A0165_001 0.000 0.000 0.000 0.000 0.000
ASP01A0165_002 0.000 0.000 0.000 0.000 0.000
ASP02A0165_003 0.000 0.000 0.000 0.000 0.000
ASP02A0165_004 0.000 0.000 0.000 0.000 0.000
ASP-1A0165_005 1.000 1.000 1.000 1.000 1.000
LYS01A0166_001 0.000 0.000 0.000 0.000 0.000
LYS+1A0166_002 1.000 1.000 1.000 1.000 1.000
ASN01A0167_001 0.930 0.930 0.930 0.931 0.930
ASN01A0167_002 0.070 0.070 0.070 0.069 0.070
PRO01A0168_001 1.000 1.000 1.000 1.000 1.000
TYR01A0169_001 1.000 1.000 1.000 1.000 1.000
TYR-1A0169_002 0.000 0.000 0.000 0.000 0.000
SER01A0170_001 0.315 0.316 0.316 0.316 0.316
SER01A0170_002 0.685 0.684 0.684 0.684 0.684
PHE01A0171_001 1.000 1.000 1.000 1.000 1.000
GLN01A0172_001 0.998 0.998 0.998 0.998 0.998
GLN01A0172_002 0.002 0.002 0.002 0.002 0.002
SER01A0173_001 0.140 0.140 0.139 0.140 0.140
SER01A0173_002 0.813 0.814 0.814 0.814 0.813
SER01A0173_003 0.047 0.047 0.047 0.047 0.047
ASP01A0174_001 0.000 0.000 0.000 0.000 0.000
ASP01A0174_002 0.000 0.000 0.000 0.000 0.000
ASP02A0174_003 0.000 0.000 0.000 0.000 0.000
ASP02A0174_004 0.000 0.000 0.000 0.000 0.000
ASP-1A0174_005 1.000 1.000 1.000 1.000 1.000
VAL01A0175_001 1.000 1.000 1.000 1.000 1.000
TYR01A0176_001 1.000 1.000 1.000 1.000 1.000
TYR-1A0176_002 0.000 0.000 0.000 0.000 0.000
ALA01A0177_001 1.000 1.000 1.000 1.000 1.000
PHE01A0178_001 1.000 1.000 1.000 1.000 1.000
ILE01A0180_001 1.000 1.000 1.000 1.000 1.000
VAL01A0181_001 1.000 1.000 1.000 1.000 1.000
LEU01A0182_001 1.000 1.000 1.000 1.000 1.000
TYR01A0183_001 0.944 0.944 0.944 0.944 0.943
TYR01A0183_002 0.056 0.056 0.056 0.056 0.057
TYR-1A0183_003 0.000 0.000 0.000 0.000 0.000
GLU01A0184_001 0.000 0.000 0.000 0.000 0.000
GLU01A0184_002 0.000 0.000 0.000 0.000 0.000
GLU02A0184_003 0.005 0.005 0.005 0.005 0.005
GLU02A0184_004 0.000 0.000 0.000 0.000 0.000
GLU-1A0184_005 0.995 0.995 0.995 0.995 0.995
LEU01A0185_001 1.000 1.000 1.000 1.000 1.000
MET01A0186_001 1.000 1.000 1.000 1.000 1.000
THR01A0187_001 0.416 0.417 0.418 0.417 0.418
THR01A0187_002 0.000 0.000 0.000 0.000 0.000
THR01A0187_003 0.584 0.583 0.582 0.583 0.582
GLN01A0189_001 0.180 0.181 0.180 0.180 0.179
GLN01A0189_002 0.820 0.819 0.820 0.820 0.821
LEU01A0190_001 1.000 1.000 1.000 1.000 1.000
PRO01A0191_001 1.000 1.000 1.000 1.000 1.000
TYR01A0192_001 1.000 1.000 1.000 1.000 1.000
TYR-1A0192_002 0.000 0.000 0.000 0.000 0.000
SER01A0193_001 0.133 0.132 0.132 0.132 0.131
SER01A0193_002 0.867 0.868 0.868 0.868 0.869
ASN01A0194_001 1.000 1.000 0.999 1.000 1.000
ASN01A0194_002 0.000 0.000 0.001 0.000 0.000
ILE01A0195_001 1.000 1.000 1.000 1.000 1.000
ASN01A0196_001 0.867 0.868 0.869 0.869 0.869
ASN01A0196_002 0.133 0.132 0.131 0.131 0.131
ASN01A0197_001 1.000 1.000 1.000 1.000 1.000
ARG01A0198_001 0.000 0.000 0.000 0.000 0.000
ARG02A0198_002 0.000 0.000 0.000 0.000 0.000
ARG03A0198_003 0.000 0.000 0.000 0.000 0.000
ARG+1A0198_004 1.000 1.000 1.000 1.000 1.000
ASP01A0199_001 0.000 0.000 0.000 0.000 0.000
ASP01A0199_002 0.000 0.000 0.000 0.000 0.000
ASP02A0199_003 0.000 0.000 0.000 0.000 0.000
ASP02A0199_004 0.000 0.000 0.000 0.000 0.000
ASP-1A0199_005 1.000 1.000 1.000 1.000 1.000
GLN01A0200_001 0.170 0.170 0.170 0.170 0.171
GLN01A0200_002 0.830 0.830 0.830 0.830 0.829
ILE01A0201_001 1.000 1.000 1.000 1.000 1.000
ILE01A0202_001 1.000 1.000 1.000 1.000 1.000
PHE01A0203_001 1.000 1.000 1.000 1.000 1.000
MET01A0204_001 1.000 1.000 1.000 1.000 1.000
VAL01A0205_001 1.000 1.000 1.000 1.000 1.000
ARG01A0207_001 0.000 0.000 0.000 0.000 0.000
ARG02A0207_002 0.000 0.000 0.000 0.000 0.000
ARG03A0207_003 0.000 0.000 0.000 0.000 0.000
ARG+1A0207_004 1.000 1.000 1.000 1.000 1.000
TYR01A0209_001 0.996 0.996 0.996 0.996 0.996
TYR-1A0209_002 0.004 0.004 0.004 0.004 0.004
LEU01A0210_001 1.000 1.000 1.000 1.000 1.000
SER01A0211_001 0.157 0.158 0.156 0.157 0.158
SER01A0211_002 0.181 0.183 0.183 0.183 0.182
SER01A0211_003 0.661 0.659 0.661 0.660 0.660
PRO01A0212_001 1.000 1.000 1.000 1.000 1.000
ASP01A0213_001 0.000 0.000 0.000 0.000 0.000
ASP01A0213_002 0.000 0.000 0.000 0.000 0.000
ASP02A0213_003 0.000 0.000 0.000 0.000 0.000
ASP02A0213_004 0.000 0.000 0.000 0.000 0.000
ASP-1A0213_005 1.000 1.000 1.000 1.000 1.000
LEU01A0214_001 1.000 1.000 1.000 1.000 1.000
SER01A0215_001 0.975 0.975 0.975 0.975 0.975
SER01A0215_002 0.025 0.025 0.025 0.025 0.025
LYS01A0216_001 0.071 0.072 0.072 0.070 0.071
LYS+1A0216_002 0.929 0.928 0.928 0.930 0.929
VAL01A0217_001 1.000 1.000 1.000 1.000 1.000
ARG01A0218_001 0.000 0.000 0.000 0.000 0.000
ARG02A0218_002 0.000 0.000 0.000 0.000 0.000
ARG03A0218_003 0.000 0.000 0.000 0.000 0.000
ARG+1A0218_004 1.000 1.000 1.000 1.000 1.000
SER01A0219_001 1.000 1.000 1.000 1.000 1.000
ASN01A0220_001 1.000 1.000 1.000 1.000 1.000
ASN01A0220_002 0.000 0.000 0.000 0.000 0.000
CYS01A0221_001 0.463 0.461 0.461 0.461 0.462
CYS01A0221_002 0.270 0.270 0.271 0.271 0.270
CYS01A0221_003 0.268 0.269 0.268 0.268 0.268
CYS-1A0221_004 0.000 0.000 0.000 0.000 0.000
PRO01A0222_001 1.000 1.000 1.000 1.000 1.000
LYS01A0223_001 0.002 0.001 0.001 0.002 0.001
LYS+1A0223_002 0.998 0.999 0.999 0.998 0.999
ALA01A0224_001 1.000 1.000 1.000 1.000 1.000
MET01A0225_001 1.000 1.000 1.000 1.000 1.000
LYS01A0226_001 0.003 0.003 0.003 0.003 0.003
LYS+1A0226_002 0.997 0.997 0.997 0.997 0.997
ARG01A0227_001 0.000 0.000 0.000 0.000 0.000
ARG02A0227_002 0.000 0.000 0.000 0.000 0.000
ARG03A0227_003 0.000 0.000 0.000 0.000 0.000
ARG+1A0227_004 1.000 1.000 1.000 1.000 1.000
LEU01A0228_001 1.000 1.000 1.000 1.000 1.000
MET01A0229_001 1.000 1.000 1.000 1.000 1.000
ALA01A0230_001 1.000 1.000 1.000 1.000 1.000
GLU01A0231_001 0.000 0.000 0.000 0.000 0.000
GLU01A0231_002 0.000 0.000 0.000 0.000 0.000
GLU02A0231_003 0.000 0.000 0.000 0.000 0.000
GLU02A0231_004 0.000 0.000 0.000 0.000 0.000
GLU-1A0231_005 1.000 1.000 1.000 1.000 1.000
CYS01A0232_001 0.281 0.282 0.280 0.281 0.283
CYS01A0232_002 0.500 0.500 0.502 0.502 0.500
CYS01A0232_003 0.219 0.218 0.218 0.217 0.217
CYS-1A0232_004 0.000 0.000 0.000 0.000 0.000
LEU01A0233_001 1.000 1.000 1.000 1.000 1.000
LYS01A0234_001 0.000 0.000 0.000 0.000 0.000
LYS+1A0234_002 1.000 1.000 1.000 1.000 1.000
LYS01A0235_001 0.000 0.000 0.000 0.000 0.001
LYS+1A0235_002 1.000 1.000 1.000 1.000 0.999
LYS01A0236_001 0.004 0.004 0.004 0.004 0.004
LYS+1A0236_002 0.996 0.996 0.996 0.996 0.996
ARG01A0237_001 0.000 0.000 0.000 0.000 0.000
ARG02A0237_002 0.000 0.000 0.000 0.000 0.000
ARG03A0237_003 0.000 0.000 0.000 0.000 0.000
ARG+1A0237_004 1.000 1.000 1.000 1.000 1.000
ASP01A0238_001 0.000 0.000 0.000 0.000 0.000
ASP01A0238_002 0.000 0.000 0.000 0.000 0.000
ASP02A0238_003 0.000 0.000 0.000 0.000 0.000
ASP02A0238_004 0.000 0.000 0.000 0.000 0.000
ASP-1A0238_005 1.000 1.000 1.000 1.000 1.000
GLU01A0239_001 0.000 0.000 0.000 0.000 0.000
GLU01A0239_002 0.000 0.000 0.000 0.000 0.000
GLU02A0239_003 0.000 0.000 0.000 0.000 0.000
GLU02A0239_004 0.000 0.000 0.000 0.000 0.000
GLU-1A0239_005 1.000 1.000 1.000 1.000 1.000
ARG01A0240_001 0.000 0.000 0.000 0.000 0.000
ARG02A0240_002 0.000 0.000 0.000 0.000 0.000
ARG02A0240_003 0.000 0.000 0.000 0.000 0.000
ARG03A0240_004 0.000 0.000 0.000 0.000 0.000
ARG03A0240_005 0.000 0.000 0.000 0.000 0.000
ARG+1A0240_006 1.000 1.000 1.000 1.000 1.000
PRO01A0241_001 1.000 1.000 1.000 1.000 1.000
LEU01A0242_001 1.000 1.000 1.000 1.000 1.000
PHE01A0243_001 1.000 1.000 1.000 1.000 1.000
PRO01A0244_001 1.000 1.000 1.000 1.000 1.000
GLN01A0245_001 0.587 0.587 0.589 0.588 0.587
GLN01A0245_002 0.413 0.413 0.411 0.412 0.413
ILE01A0246_001 1.000 1.000 1.000 1.000 1.000
LEU01A0247_001 1.000 1.000 1.000 1.000 1.000
ALA01A0248_001 1.000 1.000 1.000 1.000 1.000
SER01A0249_001 0.459 0.460 0.459 0.458 0.459
SER01A0249_002 0.541 0.540 0.541 0.542 0.541
ILE01A0250_001 1.000 1.000 1.000 1.000 1.000
GLU01A0251_001 0.000 0.000 0.000 0.000 0.000
GLU01A0251_002 0.004 0.004 0.004 0.004 0.004
GLU02A0251_003 0.000 0.000 0.000 0.000 0.000
GLU02A0251_004 0.004 0.004 0.004 0.004 0.004
GLU-1A0251_005 0.992 0.992 0.992 0.992 0.992
LEU01A0252_001 1.000 1.000 1.000 1.000 1.000
LEU01A0253_001 1.000 1.000 1.000 1.000 1.000
ALA01A0254_001 1.000 1.000 1.000 1.000 1.000
ARG01A0255_001 0.000 0.000 0.000 0.000 0.000
ARG02A0255_002 0.000 0.000 0.000 0.000 0.000
ARG03A0255_003 0.000 0.000 0.000 0.000 0.000
ARG+1A0255_004 1.000 1.000 1.000 1.000 1.000
SER01A0256_001 0.509 0.509 0.511 0.512 0.510
SER01A0256_002 0.491 0.491 0.489 0.488 0.490
LEU01A0257_001 1.000 1.000 1.000 1.000 1.000
PRO01A0258_001 1.000 1.000 1.000 1.000 1.000
P06-1B0001_001 0.992 0.992 0.992 0.992 0.992
P0601B0001_002 0.008 0.008 0.008 0.008 0.008
P06DMB0001_003 0.000 0.000 0.000 0.000 0.000
