 ph              7.4   7.4   7.4   7.4   7.4   7.4   7.4   7.4   7.4   7.4
EUI+1B0003_001 0.254 0.254 0.253 0.254 0.254 0.254 0.253 0.253 0.253 0.254
EUI+1B0003_002 0.378 0.378 0.378 0.378 0.378 0.378 0.378 0.378 0.378 0.378
EUI+1B0003_003 0.366 0.366 0.366 0.366 0.366 0.366 0.366 0.366 0.366 0.366
EUI01B0003_004 0.002 0.002 0.002 0.002 0.002 0.002 0.002 0.002 0.002 0.002
EUI01B0003_005 0.000 0.000 0.000 0.000 0.000 0.000 0.001 0.000 0.000 0.000
EUI01B0003_006 0.000 0.000 0.001 0.000 0.000 0.000 0.000 0.001 0.001 0.000
EUI02B0003_007 0.000 0.000 0.000 0.000 0.000 0.000 0.000 0.000 0.000 0.000
EUI02B0003_008 0.000 0.000 0.000 0.000 0.000 0.000 0.000 0.000 0.000 0.000
EUIDMB0003_009 0.000 0.000 0.000 0.000 0.000 0.000 0.000 0.000 0.000 0.000
