 ph              7.4   7.4   7.4   7.4   7.4
ASP01A0001_001 0.000 0.000 0.000 0.000 0.000
ASP01A0001_002 0.000 0.000 0.000 0.000 0.000
ASP02A0001_003 0.000 0.000 0.000 0.000 0.000
ASP02A0001_004 0.000 0.000 0.000 0.000 0.000
ASP-1A0001_005 1.000 1.000 1.000 1.000 1.000
TRP01A0002_001 1.000 1.000 1.000 1.000 1.000
GLU01A0003_001 0.000 0.000 0.000 0.000 0.000
GLU01A0003_002 0.000 0.000 0.000 0.000 0.000
GLU02A0003_003 0.000 0.000 0.000 0.000 0.000
GLU02A0003_004 0.000 0.000 0.000 0.000 0.000
GLU-1A0003_005 1.000 1.000 1.000 1.000 1.000
ILE01A0004_001 1.000 1.000 1.000 1.000 1.000
PRO01A0005_001 1.000 1.000 1.000 1.000 1.000
ASP01A0006_001 0.000 0.000 0.000 0.000 0.000
ASP01A0006_002 0.000 0.000 0.000 0.000 0.000
ASP02A0006_003 0.000 0.000 0.000 0.000 0.000
ASP02A0006_004 0.000 0.000 0.000 0.000 0.000
ASP-1A0006_005 1.000 1.000 1.000 1.000 1.000
GLN01A0008_001 1.000 1.000 1.000 1.000 1.000
ILE01A0009_001 1.000 1.000 1.000 1.000 1.000
THR01A0010_001 1.000 1.000 1.000 1.000 1.000
VAL01A0011_001 1.000 1.000 1.000 1.000 1.000
GLN01A0013_001 0.546 0.547 0.547 0.546 0.547
GLN01A0013_002 0.454 0.453 0.453 0.454 0.453
ARG01A0014_001 0.000 0.000 0.000 0.000 0.000
ARG02A0014_002 0.000 0.000 0.000 0.000 0.000
ARG03A0014_003 0.000 0.000 0.000 0.000 0.000
ARG+1A0014_004 1.000 1.000 1.000 1.000 1.000
ILE01A0015_001 1.000 1.000 1.000 1.000 1.000
SER01A0017_001 0.095 0.096 0.095 0.095 0.094
SER01A0017_002 0.905 0.904 0.905 0.905 0.906
SER01A0019_001 0.160 0.160 0.159 0.160 0.159
SER01A0019_002 0.518 0.519 0.522 0.519 0.519
SER01A0019_003 0.322 0.321 0.319 0.321 0.322
PHE01A0020_001 1.000 1.000 1.000 1.000 1.000
THR01A0022_001 1.000 1.000 1.000 1.000 1.000
VAL01A0023_001 1.000 1.000 1.000 1.000 1.000
TYR01A0024_001 1.000 1.000 1.000 1.000 1.000
TYR-1A0024_002 0.000 0.000 0.000 0.000 0.000
LYS01A0025_001 0.000 0.000 0.000 0.000 0.000
LYS+1A0025_002 1.000 1.000 1.000 1.000 1.000
LYS01A0027_001 0.003 0.003 0.003 0.003 0.003
LYS+1A0027_002 0.997 0.997 0.997 0.997 0.997
TRP01A0028_001 1.000 1.000 1.000 1.000 1.000
HIS01A0029_001 0.146 0.144 0.145 0.145 0.145
HIS01A0029_002 0.126 0.124 0.127 0.126 0.126
HIS02A0029_003 0.179 0.178 0.176 0.178 0.178
HIS02A0029_004 0.275 0.277 0.276 0.275 0.275
HIS+1A0029_005 0.135 0.137 0.137 0.136 0.136
HIS+1A0029_006 0.139 0.140 0.139 0.140 0.140
ASP01A0031_001 0.000 0.000 0.000 0.000 0.000
ASP01A0031_002 0.000 0.000 0.000 0.000 0.000
ASP02A0031_003 0.000 0.000 0.000 0.000 0.000
ASP02A0031_004 0.000 0.000 0.000 0.000 0.000
ASP-1A0031_005 1.000 1.000 1.000 1.000 1.000
VAL01A0032_001 1.000 1.000 1.000 1.000 1.000
ALA01A0033_001 1.000 1.000 1.000 1.000 1.000
VAL01A0034_001 1.000 1.000 1.000 1.000 1.000
LYS01A0035_001 1.000 1.000 1.000 1.000 1.000
LYS+1A0035_002 0.000 0.000 0.000 0.000 0.000
MET01A0036_001 1.000 1.000 1.000 1.000 1.000
LEU01A0037_001 1.000 1.000 1.000 1.000 1.000
ASN01A0038_001 0.575 0.574 0.572 0.573 0.574
ASN01A0038_002 0.425 0.426 0.428 0.427 0.426
VAL01A0039_001 1.000 1.000 1.000 1.000 1.000
THR01A0040_001 0.751 0.750 0.752 0.750 0.750
THR01A0040_002 0.249 0.250 0.248 0.250 0.250
ALA01A0041_001 1.000 1.000 1.000 1.000 1.000
PRO01A0042_001 1.000 1.000 1.000 1.000 1.000
THR01A0043_001 0.000 0.000 0.000 0.000 0.000
THR01A0043_002 1.000 1.000 1.000 1.000 1.000
PRO01A0044_001 1.000 1.000 1.000 1.000 1.000
GLN01A0045_001 0.156 0.156 0.155 0.155 0.156
GLN01A0045_002 0.844 0.844 0.845 0.845 0.844
GLN01A0046_001 1.000 1.000 1.000 1.000 1.000
GLN01A0046_002 0.000 0.000 0.000 0.000 0.000
LEU01A0047_001 1.000 1.000 1.000 1.000 1.000
GLN01A0048_001 0.808 0.807 0.807 0.807 0.808
GLN01A0048_002 0.192 0.193 0.193 0.193 0.192
ALA01A0049_001 1.000 1.000 1.000 1.000 1.000
PHE01A0050_001 1.000 1.000 1.000 1.000 1.000
LYS01A0051_001 0.000 0.000 0.000 0.000 0.000
LYS+1A0051_002 1.000 1.000 1.000 1.000 1.000
ASN01A0052_001 0.756 0.755 0.756 0.755 0.757
ASN01A0052_002 0.244 0.245 0.244 0.245 0.243
GLU01A0053_001 0.000 0.000 0.000 0.000 0.000
GLU01A0053_002 0.005 0.006 0.005 0.006 0.005
GLU02A0053_003 0.000 0.000 0.000 0.000 0.000
GLU02A0053_004 0.007 0.007 0.007 0.007 0.007
GLU-1A0053_005 0.988 0.987 0.988 0.987 0.988
VAL01A0054_001 1.000 1.000 1.000 1.000 1.000
VAL01A0056_001 1.000 1.000 1.000 1.000 1.000
LEU01A0057_001 1.000 1.000 1.000 1.000 1.000
ARG01A0058_001 0.000 0.000 0.000 0.000 0.000
ARG02A0058_002 0.000 0.000 0.000 0.000 0.000
ARG03A0058_003 0.000 0.000 0.000 0.000 0.000
ARG+1A0058_004 1.000 1.000 1.000 1.000 1.000
LYS01A0059_001 0.000 0.000 0.000 0.000 0.000
LYS+1A0059_002 1.000 1.000 1.000 1.000 1.000
THR01A0060_001 0.938 0.938 0.938 0.938 0.938
THR01A0060_002 0.062 0.062 0.062 0.062 0.062
ARG01A0061_001 0.000 0.000 0.000 0.000 0.000
ARG02A0061_002 0.000 0.000 0.000 0.000 0.000
ARG03A0061_003 0.000 0.000 0.000 0.000 0.000
ARG+1A0061_004 1.000 1.000 1.000 1.000 1.000
HIS01A0062_001 1.000 1.000 1.000 1.000 1.000
HIS01A0062_002 0.000 0.000 0.000 0.000 0.000
HIS02A0062_003 0.000 0.000 0.000 0.000 0.000
HIS02A0062_004 0.000 0.000 0.000 0.000 0.000
HIS+1A0062_005 0.000 0.000 0.000 0.000 0.000
HIS+1A0062_006 0.000 0.000 0.000 0.000 0.000
VAL01A0063_001 1.000 1.000 1.000 1.000 1.000
ASN01A0064_001 0.997 0.997 0.997 0.997 0.997
ASN01A0064_002 0.003 0.003 0.003 0.003 0.003
ILE01A0065_001 1.000 1.000 1.000 1.000 1.000
LEU01A0066_001 1.000 1.000 1.000 1.000 1.000
LEU01A0067_001 1.000 1.000 1.000 1.000 1.000
PHE01A0068_001 1.000 1.000 1.000 1.000 1.000
MET01A0069_001 1.000 1.000 1.000 1.000 1.000
TYR01A0071_001 0.472 0.473 0.474 0.474 0.474
TYR01A0071_002 0.528 0.527 0.526 0.526 0.526
TYR-1A0071_003 0.000 0.000 0.000 0.000 0.000
SER01A0072_001 1.000 1.000 1.000 1.000 1.000
THR01A0073_001 0.075 0.076 0.074 0.075 0.075
THR01A0073_002 0.925 0.924 0.926 0.925 0.925
LYS01A0074_001 0.000 0.000 0.000 0.000 0.000
LYS+1A0074_002 1.000 1.000 1.000 1.000 1.000
PRO01A0075_001 1.000 1.000 1.000 1.000 1.000
GLN01A0076_001 0.621 0.620 0.620 0.619 0.621
GLN01A0076_002 0.379 0.380 0.380 0.381 0.379
LEU01A0077_001 1.000 1.000 1.000 1.000 1.000
ALA01A0078_001 1.000 1.000 1.000 1.000 1.000
ILE01A0079_001 1.000 1.000 1.000 1.000 1.000
VAL01A0080_001 1.000 1.000 1.000 1.000 1.000
THR01A0081_001 0.138 0.139 0.139 0.139 0.138
THR01A0081_002 0.862 0.861 0.861 0.861 0.862
GLN01A0082_001 1.000 1.000 1.000 1.000 1.000
GLN01A0082_002 0.000 0.000 0.000 0.000 0.000
TRP01A0083_001 1.000 1.000 1.000 1.000 1.000
CYS01A0084_001 0.429 0.431 0.430 0.430 0.431
CYS01A0084_002 0.252 0.252 0.252 0.253 0.252
CYS01A0084_003 0.318 0.317 0.318 0.318 0.318
CYS-1A0084_004 0.000 0.000 0.000 0.000 0.000
GLU01A0085_001 0.000 0.000 0.000 0.000 0.000
GLU01A0085_002 0.000 0.000 0.000 0.000 0.000
GLU02A0085_003 0.000 0.000 0.000 0.000 0.000
GLU02A0085_004 0.002 0.000 0.000 0.000 0.002
GLU-1A0085_005 0.998 1.000 1.000 1.000 0.998
SER01A0087_001 0.382 0.382 0.382 0.383 0.380
SER01A0087_002 0.618 0.618 0.618 0.617 0.620
SER01A0088_001 1.000 1.000 1.000 1.000 1.000
LEU01A0089_001 1.000 1.000 1.000 1.000 1.000
TYR01A0090_001 0.997 0.997 0.997 0.997 0.997
TYR-1A0090_002 0.003 0.003 0.003 0.003 0.003
HIS01A0091_001 0.152 0.152 0.151 0.152 0.152
HIS01A0091_002 0.242 0.242 0.241 0.241 0.241
HIS02A0091_003 0.219 0.219 0.220 0.219 0.220
HIS02A0091_004 0.248 0.249 0.249 0.249 0.248
HIS+1A0091_005 0.024 0.024 0.024 0.024 0.024
HIS+1A0091_006 0.115 0.114 0.114 0.114 0.115
HIS01A0092_001 0.996 0.996 0.996 0.995 0.996
HIS02A0092_002 0.002 0.003 0.003 0.003 0.003
HIS+1A0092_003 0.001 0.002 0.002 0.002 0.002
LEU01A0093_001 1.000 1.000 1.000 1.000 1.000
HIS01A0094_001 0.592 0.593 0.593 0.594 0.594
HIS02A0094_002 0.000 0.000 0.000 0.000 0.000
HIS+1A0094_003 0.408 0.407 0.407 0.406 0.406
ALA01A0095_001 1.000 1.000 1.000 1.000 1.000
SER01A0096_001 0.278 0.278 0.280 0.279 0.278
SER01A0096_002 0.722 0.722 0.720 0.721 0.722
GLU01A0097_001 0.000 0.000 0.000 0.000 0.000
GLU01A0097_002 0.000 0.000 0.000 0.000 0.000
GLU02A0097_003 0.000 0.000 0.000 0.000 0.000
GLU02A0097_004 0.000 0.000 0.000 0.000 0.000
GLU-1A0097_005 1.000 1.000 1.000 1.000 1.000
THR01A0098_001 0.006 0.007 0.007 0.007 0.007
THR01A0098_002 0.000 0.000 0.000 0.000 0.000
THR01A0098_003 0.994 0.993 0.993 0.993 0.993
LYS01A0099_001 0.000 0.000 0.000 0.000 0.000
LYS+1A0099_002 1.000 1.000 1.000 1.000 1.000
PHE01A0100_001 1.000 1.000 1.000 1.000 1.000
GLU01A0101_001 0.000 0.000 0.000 0.000 0.000
GLU01A0101_002 0.000 0.000 0.000 0.000 0.000
GLU02A0101_003 0.000 0.000 0.000 0.000 0.000
GLU02A0101_004 0.000 0.000 0.000 0.000 0.000
GLU-1A0101_005 1.000 1.000 1.000 1.000 1.000
MET01A0102_001 1.000 1.000 1.000 1.000 1.000
LYS01A0103_001 0.000 0.000 0.000 0.000 0.000
LYS+1A0103_002 1.000 1.000 1.000 1.000 1.000
LYS01A0104_001 0.000 0.000 0.000 0.000 0.000
LYS+1A0104_002 1.000 1.000 1.000 1.000 1.000
LEU01A0105_001 1.000 1.000 1.000 1.000 1.000
ILE01A0106_001 1.000 1.000 1.000 1.000 1.000
ASP01A0107_001 0.000 0.000 0.000 0.000 0.000
ASP01A0107_002 0.000 0.000 0.000 0.000 0.000
ASP02A0107_003 0.000 0.000 0.000 0.000 0.000
ASP02A0107_004 0.000 0.000 0.000 0.000 0.000
ASP-1A0107_005 1.000 1.000 1.000 1.000 1.000
ILE01A0108_001 1.000 1.000 1.000 1.000 1.000
ALA01A0109_001 1.000 1.000 1.000 1.000 1.000
ARG01A0110_001 0.000 0.000 0.000 0.000 0.000
ARG02A0110_002 0.000 0.000 0.000 0.000 0.000
ARG03A0110_003 0.000 0.000 0.000 0.000 0.000
ARG03A0110_004 0.000 0.000 0.000 0.000 0.000
ARG+1A0110_005 1.000 1.000 1.000 1.000 1.000
GLN01A0111_001 1.000 1.000 1.000 1.000 1.000
GLN01A0111_002 0.000 0.000 0.000 0.000 0.000
THR01A0112_001 0.084 0.083 0.083 0.083 0.083
THR01A0112_002 0.643 0.646 0.645 0.645 0.646
THR01A0112_003 0.273 0.271 0.272 0.272 0.271
ALA01A0113_001 1.000 1.000 1.000 1.000 1.000
ARG01A0114_001 0.000 0.000 0.000 0.000 0.000
ARG02A0114_002 0.000 0.000 0.000 0.000 0.000
ARG03A0114_003 0.000 0.000 0.000 0.000 0.000
ARG03A0114_004 0.000 0.000 0.000 0.000 0.000
ARG+1A0114_005 1.000 1.000 1.000 1.000 1.000
MET01A0116_001 1.000 1.000 1.000 1.000 1.000
ASP01A0117_001 0.000 0.000 0.000 0.000 0.000
ASP01A0117_002 0.000 0.000 0.000 0.000 0.000
ASP02A0117_003 0.000 0.000 0.000 0.000 0.000
ASP02A0117_004 0.002 0.000 0.002 0.002 0.002
ASP-1A0117_005 0.998 1.000 0.998 0.998 0.998
TYR01A0118_001 0.972 0.973 0.973 0.973 0.972
TYR01A0118_002 0.028 0.027 0.027 0.027 0.028
TYR-1A0118_003 0.000 0.000 0.000 0.000 0.000
LEU01A0119_001 1.000 1.000 1.000 1.000 1.000
HIS01A0120_001 0.860 0.857 0.859 0.858 0.859
HIS02A0120_002 0.000 0.000 0.000 0.000 0.000
HIS+1A0120_003 0.140 0.143 0.141 0.142 0.141
ALA01A0121_001 1.000 1.000 1.000 1.000 1.000
LYS01A0122_001 0.000 0.000 0.000 0.000 0.000
LYS+1A0122_002 1.000 1.000 1.000 1.000 1.000
SER01A0123_001 1.000 1.000 1.000 1.000 1.000
ILE01A0124_001 1.000 1.000 1.000 1.000 1.000
ILE01A0125_001 1.000 1.000 1.000 1.000 1.000
HIS01A0126_001 1.000 1.000 1.000 1.000 1.000
HIS02A0126_002 0.000 0.000 0.000 0.000 0.000
HIS+1A0126_003 0.000 0.000 0.000 0.000 0.000
ARG01A0127_001 0.000 0.000 0.000 0.000 0.000
ARG02A0127_002 0.000 0.000 0.000 0.000 0.000
ARG03A0127_003 0.000 0.000 0.000 0.000 0.000
ARG+1A0127_004 1.000 1.000 1.000 1.000 1.000
ASP01A0128_001 0.020 0.020 0.020 0.020 0.020
ASP01A0128_002 0.068 0.069 0.068 0.068 0.067
ASP02A0128_003 0.009 0.010 0.010 0.009 0.010
ASP02A0128_004 0.017 0.017 0.017 0.017 0.017
ASP-1A0128_005 0.886 0.884 0.885 0.885 0.886
LEU01A0129_001 1.000 1.000 1.000 1.000 1.000
LYS01A0130_001 0.000 0.000 0.000 0.000 0.000
LYS+1A0130_002 1.000 1.000 1.000 1.000 1.000
SER01A0131_001 0.000 0.000 0.000 0.000 0.000
SER01A0131_002 0.000 0.000 0.000 0.000 0.000
SER01A0131_003 1.000 1.000 1.000 1.000 1.000
ASN01A0132_001 0.063 0.063 0.063 0.063 0.064
ASN01A0132_002 0.937 0.937 0.937 0.937 0.936
ASN01A0133_001 1.000 1.000 1.000 1.000 1.000
ASN01A0133_002 0.000 0.000 0.000 0.000 0.000
ILE01A0134_001 1.000 1.000 1.000 1.000 1.000
PHE01A0135_001 1.000 1.000 1.000 1.000 1.000
LEU01A0136_001 1.000 1.000 1.000 1.000 1.000
HIS01A0137_001 0.937 0.937 0.937 0.937 0.937
HIS01A0137_002 0.000 0.000 0.000 0.000 0.000
HIS02A0137_003 0.063 0.063 0.063 0.063 0.063
HIS02A0137_004 0.000 0.000 0.000 0.000 0.000
HIS+1A0137_005 0.000 0.000 0.000 0.000 0.000
HIS+1A0137_006 0.000 0.000 0.000 0.000 0.000
GLU01A0138_001 0.000 0.000 0.000 0.000 0.000
GLU01A0138_002 0.000 0.000 0.000 0.000 0.000
GLU02A0138_003 0.000 0.000 0.000 0.000 0.000
GLU02A0138_004 0.005 0.004 0.004 0.004 0.004
GLU-1A0138_005 0.995 0.995 0.995 0.995 0.995
ASP01A0139_001 0.000 0.000 0.000 0.000 0.000
ASP01A0139_002 0.000 0.000 0.000 0.000 0.000
ASP02A0139_003 0.000 0.000 0.000 0.000 0.000
ASP02A0139_004 0.000 0.000 0.000 0.000 0.000
ASP-1A0139_005 1.000 1.000 1.000 1.000 1.000
ASN01A0140_001 1.000 0.999 1.000 1.000 1.000
ASN01A0140_002 0.000 0.001 0.000 0.000 0.000
THR01A0141_001 1.000 1.000 1.000 1.000 1.000
VAL01A0142_001 1.000 1.000 1.000 1.000 1.000
LYS01A0143_001 0.000 0.000 0.000 0.000 0.000
LYS+1A0143_002 1.000 1.000 1.000 1.000 1.000
ILE01A0144_001 1.000 1.000 1.000 1.000 1.000
ASP01A0146_001 0.000 0.000 0.000 0.000 0.000
ASP01A0146_002 0.000 0.000 0.000 0.000 0.000
ASP02A0146_003 0.003 0.004 0.003 0.003 0.003
ASP02A0146_004 0.011 0.011 0.011 0.011 0.011
ASP-1A0146_005 0.986 0.985 0.986 0.986 0.985
PHE01A0147_001 1.000 1.000 1.000 1.000 1.000
LEU01A0149_001 1.000 1.000 1.000 1.000 1.000
ALA01A0150_001 1.000 1.000 1.000 1.000 1.000
THR01A0151_001 0.938 0.937 0.937 0.938 0.938
THR01A0151_002 0.062 0.063 0.063 0.062 0.062
VAL01A0152_001 1.000 1.000 1.000 1.000 1.000
LYS01A0153_001 1.000 1.000 1.000 1.000 1.000
LYS+1A0153_002 0.000 0.000 0.000 0.000 0.000
SER01A0154_001 0.855 0.855 0.855 0.855 0.855
SER01A0154_002 0.145 0.145 0.145 0.145 0.145
ARG01A0155_001 0.000 0.000 0.000 0.000 0.000
ARG02A0155_002 0.000 0.000 0.000 0.000 0.000
ARG03A0155_003 0.000 0.000 0.000 0.000 0.000
ARG03A0155_004 0.997 0.997 0.997 0.997 0.997
ARG+1A0155_005 0.003 0.003 0.003 0.003 0.003
TRP01A0156_001 1.000 1.000 1.000 1.000 1.000
SER01A0157_001 1.000 1.000 1.000 1.000 1.000
SER01A0159_001 0.921 0.922 0.921 0.921 0.921
SER01A0159_002 0.079 0.078 0.079 0.079 0.079
HIS01A0160_001 0.187 0.188 0.188 0.188 0.188
HIS02A0160_002 0.384 0.384 0.384 0.384 0.384
HIS+1A0160_003 0.429 0.429 0.428 0.428 0.429
GLN01A0161_001 1.000 1.000 1.000 1.000 1.000
PHE01A0162_001 1.000 1.000 1.000 1.000 1.000
GLU01A0163_001 0.000 0.000 0.000 0.000 0.000
GLU01A0163_002 0.000 0.000 0.000 0.000 0.000
GLU02A0163_003 0.000 0.000 0.000 0.000 0.000
GLU02A0163_004 0.000 0.000 0.000 0.000 0.000
GLU-1A0163_005 1.000 1.000 1.000 1.000 1.000
GLN01A0164_001 1.000 1.000 1.000 1.000 1.000
LEU01A0165_001 1.000 1.000 1.000 1.000 1.000
SER01A0166_001 1.000 1.000 1.000 1.000 1.000
SER01A0168_001 1.000 1.000 1.000 1.000 1.000
SER01A0168_002 0.000 0.000 0.000 0.000 0.000
ILE01A0169_001 1.000 1.000 1.000 1.000 1.000
LEU01A0170_001 1.000 1.000 1.000 1.000 1.000
TRP01A0171_001 1.000 1.000 1.000 1.000 1.000
MET01A0172_001 1.000 1.000 1.000 1.000 1.000
ALA01A0173_001 1.000 1.000 1.000 1.000 1.000
PRO01A0174_001 1.000 1.000 1.000 1.000 1.000
GLU01A0175_001 0.000 0.000 0.000 0.000 0.000
GLU01A0175_002 0.000 0.000 0.000 0.000 0.000
GLU02A0175_003 0.000 0.000 0.000 0.000 0.000
GLU02A0175_004 0.000 0.000 0.000 0.000 0.000
GLU-1A0175_005 1.000 1.000 1.000 1.000 1.000
VAL01A0176_001 1.000 1.000 1.000 1.000 1.000
ILE01A0177_001 1.000 1.000 1.000 1.000 1.000
ARG01A0178_001 0.000 0.000 0.000 0.000 0.000
ARG02A0178_002 0.000 0.000 0.000 0.000 0.000
ARG03A0178_003 0.000 0.000 0.000 0.000 0.000
ARG+1A0178_004 1.000 1.000 1.000 1.000 1.000
MET01A0179_001 1.000 1.000 1.000 1.000 1.000
GLN01A0180_001 0.017 0.017 0.017 0.017 0.017
GLN01A0180_002 0.983 0.983 0.983 0.983 0.983
ASP01A0181_001 0.000 0.000 0.000 0.000 0.000
ASP01A0181_002 0.000 0.000 0.000 0.000 0.000
ASP02A0181_003 0.000 0.000 0.000 0.000 0.000
ASP02A0181_004 0.000 0.000 0.000 0.000 0.000
ASP-1A0181_005 1.000 1.000 1.000 1.000 1.000
SER01A0182_001 0.132 0.132 0.131 0.132 0.132
SER01A0182_002 0.868 0.868 0.869 0.868 0.868
ASN01A0183_001 0.631 0.629 0.629 0.630 0.631
ASN01A0183_002 0.369 0.371 0.371 0.370 0.369
PRO01A0184_001 1.000 1.000 1.000 1.000 1.000
TYR01A0185_001 1.000 1.000 1.000 1.000 1.000
TYR-1A0185_002 0.000 0.000 0.000 0.000 0.000
SER01A0186_001 0.413 0.412 0.412 0.413 0.414
SER01A0186_002 0.005 0.004 0.004 0.005 0.004
SER01A0186_003 0.583 0.584 0.584 0.582 0.581
PHE01A0187_001 1.000 1.000 1.000 1.000 1.000
GLN01A0188_001 0.926 0.927 0.926 0.927 0.927
GLN01A0188_002 0.074 0.073 0.074 0.073 0.073
SER01A0189_001 0.030 0.030 0.030 0.031 0.029
SER01A0189_002 0.970 0.970 0.970 0.969 0.971
ASP01A0190_001 0.000 0.000 0.000 0.000 0.000
ASP01A0190_002 0.000 0.000 0.000 0.000 0.000
ASP02A0190_003 0.000 0.000 0.000 0.000 0.000
ASP02A0190_004 0.000 0.000 0.000 0.000 0.000
ASP-1A0190_005 1.000 1.000 1.000 1.000 1.000
VAL01A0191_001 1.000 1.000 1.000 1.000 1.000
TYR01A0192_001 1.000 1.000 1.000 1.000 1.000
TYR-1A0192_002 0.000 0.000 0.000 0.000 0.000
ALA01A0193_001 1.000 1.000 1.000 1.000 1.000
PHE01A0194_001 1.000 1.000 1.000 1.000 1.000
ILE01A0196_001 1.000 1.000 1.000 1.000 1.000
VAL01A0197_001 1.000 1.000 1.000 1.000 1.000
LEU01A0198_001 1.000 1.000 1.000 1.000 1.000
TYR01A0199_001 0.980 0.980 0.981 0.980 0.980
TYR01A0199_002 0.020 0.020 0.019 0.020 0.020
TYR-1A0199_003 0.000 0.000 0.000 0.000 0.000
GLU01A0200_001 0.000 0.000 0.000 0.000 0.000
GLU01A0200_002 0.000 0.000 0.000 0.000 0.000
GLU02A0200_003 0.000 0.000 0.000 0.000 0.000
GLU02A0200_004 0.000 0.000 0.000 0.000 0.000
GLU-1A0200_005 1.000 1.000 1.000 1.000 1.000
LEU01A0201_001 1.000 1.000 1.000 1.000 1.000
MET01A0202_001 1.000 1.000 1.000 1.000 1.000
THR01A0203_001 0.310 0.310 0.309 0.310 0.311
THR01A0203_002 0.000 0.000 0.000 0.000 0.000
THR01A0203_003 0.690 0.690 0.691 0.690 0.689
GLN01A0205_001 0.090 0.090 0.089 0.089 0.089
GLN01A0205_002 0.910 0.910 0.911 0.911 0.911
LEU01A0206_001 1.000 1.000 1.000 1.000 1.000
PRO01A0207_001 1.000 1.000 1.000 1.000 1.000
TYR01A0208_001 1.000 1.000 1.000 1.000 1.000
TYR-1A0208_002 0.000 0.000 0.000 0.000 0.000
SER01A0209_001 0.986 0.986 0.987 0.986 0.986
SER01A0209_002 0.014 0.014 0.013 0.014 0.014
ASN01A0210_001 0.704 0.703 0.703 0.704 0.705
ASN01A0210_002 0.296 0.297 0.297 0.296 0.295
ILE01A0211_001 1.000 1.000 1.000 1.000 1.000
ASN01A0212_001 0.374 0.375 0.374 0.375 0.375
ASN01A0212_002 0.626 0.625 0.626 0.625 0.625
ASN01A0213_001 0.999 1.000 1.000 0.999 0.998
ASN01A0213_002 0.001 0.000 0.000 0.001 0.002
ARG01A0214_001 0.000 0.000 0.000 0.000 0.000
ARG02A0214_002 0.000 0.000 0.000 0.000 0.000
ARG03A0214_003 0.000 0.000 0.000 0.000 0.000
ARG+1A0214_004 1.000 1.000 1.000 1.000 1.000
ASP01A0215_001 0.000 0.000 0.000 0.000 0.000
ASP01A0215_002 0.000 0.000 0.000 0.000 0.000
ASP02A0215_003 0.000 0.000 0.000 0.000 0.000
ASP02A0215_004 0.000 0.000 0.000 0.000 0.000
ASP-1A0215_005 1.000 1.000 1.000 1.000 1.000
GLN01A0216_001 0.709 0.710 0.710 0.709 0.710
GLN01A0216_002 0.291 0.290 0.290 0.291 0.290
ILE01A0217_001 1.000 1.000 1.000 1.000 1.000
ILE01A0218_001 1.000 1.000 1.000 1.000 1.000
GLU01A0219_001 0.000 0.000 0.000 0.000 0.000
GLU01A0219_002 0.000 0.000 0.000 0.000 0.000
GLU02A0219_003 0.000 0.000 0.000 0.000 0.000
GLU02A0219_004 0.000 0.000 0.000 0.000 0.000
GLU-1A0219_005 1.000 1.000 1.000 1.000 1.000
MET01A0220_001 1.000 1.000 1.000 1.000 1.000
VAL01A0221_001 1.000 1.000 1.000 1.000 1.000
ARG01A0223_001 0.000 0.000 0.000 0.000 0.000
ARG02A0223_002 0.000 0.000 0.000 0.000 0.000
ARG03A0223_003 0.000 0.000 0.000 0.000 0.000
ARG03A0223_004 0.000 0.000 0.000 0.000 0.000
ARG+1A0223_005 1.000 1.000 1.000 1.000 1.000
SER01A0225_001 1.000 1.000 1.000 1.000 1.000
LEU01A0226_001 1.000 1.000 1.000 1.000 1.000
SER01A0227_001 0.601 0.602 0.602 0.602 0.601
SER01A0227_002 0.399 0.398 0.398 0.398 0.399
PRO01A0228_001 1.000 1.000 1.000 1.000 1.000
ASP01A0229_001 0.000 0.000 0.000 0.000 0.000
ASP01A0229_002 0.000 0.000 0.000 0.000 0.000
ASP02A0229_003 0.000 0.000 0.000 0.000 0.000
ASP02A0229_004 0.000 0.000 0.000 0.000 0.000
ASP-1A0229_005 1.000 1.000 1.000 1.000 1.000
LEU01A0230_001 1.000 1.000 1.000 1.000 1.000
SER01A0231_001 0.611 0.612 0.612 0.612 0.612
SER01A0231_002 0.389 0.388 0.388 0.388 0.388
LYS01A0232_001 0.015 0.015 0.015 0.015 0.015
LYS+1A0232_002 0.985 0.985 0.985 0.985 0.985
VAL01A0233_001 1.000 1.000 1.000 1.000 1.000
ARG01A0234_001 0.000 0.000 0.000 0.000 0.000
ARG02A0234_002 0.000 0.000 0.000 0.000 0.000
ARG03A0234_003 0.000 0.000 0.000 0.000 0.000
ARG+1A0234_004 1.000 1.000 1.000 1.000 1.000
SER01A0235_001 1.000 1.000 1.000 1.000 1.000
ASN01A0236_001 1.000 1.000 1.000 1.000 1.000
CYS01A0237_001 0.647 0.648 0.646 0.647 0.649
CYS01A0237_002 0.142 0.142 0.143 0.142 0.141
CYS01A0237_003 0.210 0.210 0.211 0.211 0.209
CYS-1A0237_004 0.000 0.000 0.000 0.000 0.000
PRO01A0238_001 1.000 1.000 1.000 1.000 1.000
LYS01A0239_001 0.004 0.004 0.004 0.004 0.004
LYS+1A0239_002 0.996 0.996 0.996 0.996 0.996
ARG01A0240_001 0.000 0.000 0.000 0.000 0.000
ARG02A0240_002 0.000 0.000 0.000 0.000 0.000
ARG03A0240_003 0.000 0.000 0.000 0.000 0.000
ARG+1A0240_004 1.000 1.000 1.000 1.000 1.000
MET01A0241_001 1.000 1.000 1.000 1.000 1.000
LYS01A0242_001 0.000 0.000 0.000 0.001 0.001
LYS+1A0242_002 1.000 1.000 1.000 0.999 0.999
ARG01A0243_001 0.000 0.000 0.000 0.000 0.000
ARG02A0243_002 0.000 0.000 0.000 0.000 0.000
ARG02A0243_003 0.000 0.000 0.000 0.000 0.000
ARG03A0243_004 0.000 0.000 0.000 0.000 0.000
ARG03A0243_005 0.000 0.000 0.000 0.000 0.000
ARG+1A0243_006 1.000 1.000 1.000 1.000 1.000
LEU01A0244_001 1.000 1.000 1.000 1.000 1.000
MET01A0245_001 1.000 1.000 1.000 1.000 1.000
ALA01A0246_001 1.000 1.000 1.000 1.000 1.000
GLU01A0247_001 0.000 0.000 0.000 0.000 0.000
GLU01A0247_002 0.000 0.000 0.000 0.000 0.000
GLU02A0247_003 0.000 0.000 0.000 0.000 0.000
GLU02A0247_004 0.000 0.000 0.000 0.000 0.000
GLU-1A0247_005 1.000 1.000 1.000 1.000 1.000
CYS01A0248_001 0.300 0.298 0.298 0.299 0.298
CYS01A0248_002 0.467 0.468 0.469 0.467 0.468
CYS01A0248_003 0.233 0.234 0.233 0.234 0.235
CYS-1A0248_004 0.000 0.000 0.000 0.000 0.000
LEU01A0249_001 1.000 1.000 1.000 1.000 1.000
LYS01A0250_001 0.006 0.006 0.006 0.006 0.006
LYS+1A0250_002 0.994 0.994 0.994 0.994 0.994
LYS01A0251_001 0.006 0.006 0.006 0.007 0.006
LYS+1A0251_002 0.994 0.994 0.994 0.993 0.994
LYS01A0252_001 0.000 0.000 0.000 0.000 0.000
LYS+1A0252_002 1.000 1.000 1.000 1.000 1.000
ARG01A0253_001 0.000 0.000 0.000 0.000 0.000
ARG02A0253_002 0.000 0.000 0.000 0.000 0.000
ARG03A0253_003 0.000 0.000 0.000 0.000 0.000
ARG+1A0253_004 1.000 1.000 1.000 1.000 1.000
ASP01A0254_001 0.000 0.000 0.000 0.000 0.000
ASP01A0254_002 0.000 0.000 0.000 0.000 0.000
ASP02A0254_003 0.000 0.000 0.000 0.000 0.000
ASP02A0254_004 0.000 0.000 0.000 0.000 0.000
ASP-1A0254_005 1.000 1.000 1.000 1.000 1.000
GLU01A0255_001 0.000 0.000 0.000 0.000 0.000
GLU01A0255_002 0.000 0.000 0.000 0.000 0.000
GLU02A0255_003 0.000 0.000 0.000 0.000 0.000
GLU02A0255_004 0.000 0.000 0.000 0.000 0.000
GLU-1A0255_005 1.000 1.000 1.000 1.000 1.000
ARG01A0256_001 0.000 0.000 0.000 0.000 0.000
ARG02A0256_002 0.000 0.000 0.000 0.000 0.000
ARG02A0256_003 0.000 0.000 0.000 0.000 0.000
ARG03A0256_004 0.000 0.000 0.000 0.000 0.000
ARG03A0256_005 0.000 0.000 0.000 0.000 0.000
ARG+1A0256_006 1.000 1.000 1.000 1.000 1.000
PRO01A0257_001 1.000 1.000 1.000 1.000 1.000
SER01A0258_001 0.940 0.940 0.941 0.941 0.940
SER01A0258_002 0.060 0.060 0.059 0.059 0.060
PHE01A0259_001 1.000 1.000 1.000 1.000 1.000
PRO01A0260_001 1.000 1.000 1.000 1.000 1.000
ARG01A0261_001 0.000 0.000 0.000 0.000 0.000
ARG02A0261_002 0.000 0.000 0.000 0.000 0.000
ARG03A0261_003 0.000 0.000 0.000 0.000 0.000
ARG+1A0261_004 1.000 1.000 1.000 1.000 1.000
ILE01A0262_001 1.000 1.000 1.000 1.000 1.000
LEU01A0263_001 1.000 1.000 1.000 1.000 1.000
ALA01A0264_001 1.000 1.000 1.000 1.000 1.000
GLU01A0265_001 0.000 0.000 0.000 0.000 0.000
GLU01A0265_002 0.000 0.000 0.000 0.000 0.000
GLU02A0265_003 0.000 0.000 0.000 0.000 0.000
GLU02A0265_004 0.000 0.000 0.000 0.000 0.000
GLU-1A0265_005 1.000 1.000 1.000 1.000 1.000
ILE01A0266_001 1.000 1.000 1.000 1.000 1.000
GLU01A0267_001 0.000 0.000 0.000 0.000 0.000
GLU01A0267_002 0.000 0.000 0.000 0.000 0.000
GLU02A0267_003 0.000 0.000 0.000 0.000 0.000
GLU02A0267_004 0.000 0.000 0.000 0.000 0.000
GLU-1A0267_005 1.000 1.000 1.000 1.000 1.000
GLU01A0268_001 0.000 0.000 0.000 0.000 0.000
GLU01A0268_002 0.000 0.000 0.000 0.000 0.000
GLU02A0268_003 0.000 0.000 0.000 0.000 0.000
GLU02A0268_004 0.000 0.000 0.000 0.000 0.000
GLU-1A0268_005 1.000 1.000 1.000 1.000 1.000
LEU01A0269_001 1.000 1.000 1.000 1.000 1.000
ALA01A0270_001 1.000 1.000 1.000 1.000 1.000
ARG01A0271_001 0.000 0.000 0.000 0.000 0.000
ARG02A0271_002 0.000 0.000 0.000 0.000 0.000
ARG03A0271_003 0.000 0.000 0.000 0.000 0.000
ARG+1A0271_004 1.000 1.000 1.000 1.000 1.000
GLU01A0272_001 0.000 0.000 0.000 0.000 0.000
GLU01A0272_002 0.000 0.000 0.000 0.000 0.000
GLU02A0272_003 0.000 0.000 0.000 0.000 0.000
GLU02A0272_004 0.000 0.000 0.000 0.000 0.000
GLU-1A0272_005 1.000 1.000 1.000 1.000 1.000
LEU01A0273_001 1.000 1.000 1.000 1.000 1.000
P06-1B0001_001 0.000 0.002 0.002 0.002 0.002
P0601B0001_002 1.000 0.998 0.998 0.998 0.998
P06DMB0001_003 0.000 0.000 0.000 0.000 0.000
