 ph              7.4   7.4   7.4   7.4   7.4   7.4   7.4   7.4   7.4   7.4
EUI+1B0001_001 0.202 0.202 0.202 0.202 0.202 0.202 0.202 0.202 0.202 0.202
EUI+1B0001_002 0.386 0.386 0.386 0.386 0.386 0.386 0.386 0.386 0.386 0.386
EUI+1B0001_003 0.405 0.405 0.405 0.405 0.405 0.405 0.405 0.405 0.405 0.405
EUI01B0001_004 0.003 0.003 0.003 0.003 0.003 0.003 0.003 0.003 0.003 0.003
EUI01B0001_005 0.002 0.002 0.002 0.002 0.002 0.002 0.002 0.002 0.002 0.002
EUI01B0001_006 0.002 0.002 0.002 0.002 0.002 0.002 0.002 0.002 0.002 0.002
EUI02B0001_007 0.000 0.000 0.000 0.000 0.000 0.000 0.000 0.000 0.000 0.000
EUI02B0001_008 0.000 0.000 0.000 0.000 0.000 0.000 0.000 0.000 0.000 0.000
EUIDMB0001_009 0.000 0.000 0.000 0.000 0.000 0.000 0.000 0.000 0.000 0.000
