 ph              7.4   7.4   7.4   7.4   7.4
ASN01A0001_001 0.098 0.097 0.097 0.097 0.097
ASN01A0001_002 0.902 0.903 0.903 0.903 0.903
PRO01A0002_001 1.000 1.000 1.000 1.000 1.000
ASN01A0003_001 0.473 0.473 0.475 0.474 0.473
ASN01A0003_002 0.527 0.527 0.525 0.526 0.527
TYR01A0004_001 0.752 0.752 0.753 0.752 0.754
TYR01A0004_002 0.248 0.248 0.247 0.248 0.246
TYR-1A0004_003 0.000 0.000 0.000 0.000 0.000
CYS01A0005_001 0.320 0.321 0.321 0.322 0.320
CYS01A0005_002 0.215 0.213 0.213 0.214 0.213
CYS01A0005_003 0.387 0.388 0.388 0.386 0.389
CYS-1A0005_004 0.078 0.079 0.078 0.079 0.078
PHE01A0006_001 1.000 1.000 1.000 1.000 1.000
ALA01A0007_001 1.000 1.000 1.000 1.000 1.000
LYS01A0009_001 0.008 0.008 0.008 0.009 0.009
LYS+1A0009_002 0.992 0.992 0.992 0.991 0.991
THR01A0010_001 0.137 0.138 0.137 0.137 0.138
THR01A0010_002 0.863 0.862 0.863 0.863 0.862
SER01A0011_001 1.000 1.000 1.000 1.000 1.000
SER01A0012_001 0.402 0.401 0.401 0.400 0.400
SER01A0012_002 0.598 0.599 0.599 0.600 0.600
ILE01A0013_001 1.000 1.000 1.000 1.000 1.000
SER01A0014_001 0.121 0.121 0.121 0.122 0.122
SER01A0014_002 0.879 0.879 0.879 0.878 0.878
ASP01A0015_001 0.000 0.000 0.000 0.000 0.000
ASP01A0015_002 0.000 0.000 0.000 0.000 0.000
ASP02A0015_003 0.000 0.000 0.000 0.000 0.000
ASP02A0015_004 0.000 0.000 0.000 0.000 0.000
ASP-1A0015_005 1.000 1.000 1.000 1.000 1.000
LEU01A0016_001 1.000 1.000 1.000 1.000 1.000
LYS01A0017_001 0.933 0.933 0.933 0.933 0.934
LYS+1A0017_002 0.067 0.067 0.067 0.067 0.066
GLU01A0018_001 0.000 0.000 0.000 0.000 0.000
GLU01A0018_002 0.000 0.000 0.000 0.000 0.000
GLU02A0018_003 0.000 0.000 0.000 0.000 0.000
GLU02A0018_004 0.000 0.000 0.000 0.000 0.000
GLU-1A0018_005 1.000 1.000 1.000 1.000 1.000
VAL01A0019_001 1.000 1.000 1.000 1.000 1.000
PRO01A0020_001 1.000 1.000 1.000 1.000 1.000
ARG01A0021_001 0.000 0.000 0.000 0.000 0.000
ARG02A0021_002 0.000 0.000 0.000 0.000 0.000
ARG02A0021_003 0.000 0.000 0.000 0.000 0.000
ARG03A0021_004 0.000 0.000 0.000 0.000 0.000
ARG+1A0021_005 1.000 1.000 1.000 1.000 1.000
LYS01A0022_001 0.003 0.002 0.002 0.002 0.002
LYS+1A0022_002 0.997 0.998 0.998 0.998 0.998
ASN01A0023_001 0.998 0.998 0.998 0.998 0.998
ASN01A0023_002 0.002 0.002 0.002 0.002 0.002
ILE01A0024_001 1.000 1.000 1.000 1.000 1.000
THR01A0025_001 1.000 1.000 1.000 1.000 1.000
LEU01A0026_001 1.000 1.000 1.000 1.000 1.000
ILE01A0027_001 1.000 1.000 1.000 1.000 1.000
ARG01A0028_001 0.000 0.000 0.000 0.000 0.000
ARG02A0028_002 0.000 0.000 0.000 0.000 0.000
ARG03A0028_003 0.000 0.000 0.000 0.000 0.000
ARG+1A0028_004 1.000 1.000 1.000 1.000 1.000
LEU01A0030_001 1.000 1.000 1.000 1.000 1.000
HIS01A0032_001 0.050 0.050 0.050 0.050 0.050
HIS01A0032_002 0.460 0.462 0.460 0.458 0.464
HIS02A0032_003 0.088 0.088 0.088 0.089 0.088
HIS02A0032_004 0.160 0.161 0.160 0.160 0.159
HIS+1A0032_005 0.034 0.034 0.035 0.035 0.034
HIS+1A0032_006 0.207 0.205 0.207 0.208 0.205
ALA01A0034_001 1.000 1.000 1.000 1.000 1.000
PHE01A0035_001 1.000 1.000 1.000 1.000 1.000
GLU01A0037_001 0.000 0.000 0.000 0.000 0.000
GLU01A0037_002 0.000 0.000 0.000 0.000 0.000
GLU02A0037_003 0.000 0.000 0.000 0.000 0.000
GLU02A0037_004 0.000 0.000 0.000 0.000 0.000
GLU-1A0037_005 1.000 1.000 1.000 1.000 1.000
VAL01A0038_001 1.000 1.000 1.000 1.000 1.000
TYR01A0039_001 0.972 0.971 0.971 0.971 0.971
TYR01A0039_002 0.028 0.029 0.029 0.029 0.029
TYR-1A0039_003 0.000 0.000 0.000 0.000 0.000
GLU01A0040_001 0.000 0.000 0.000 0.000 0.000
GLU01A0040_002 0.000 0.000 0.000 0.000 0.000
GLU02A0040_003 0.000 0.000 0.000 0.000 0.000
GLU02A0040_004 0.000 0.000 0.000 0.000 0.000
GLU-1A0040_005 1.000 1.000 1.000 1.000 1.000
GLN01A0042_001 0.082 0.082 0.082 0.083 0.082
GLN01A0042_002 0.918 0.918 0.918 0.917 0.918
VAL01A0043_001 1.000 1.000 1.000 1.000 1.000
SER01A0044_001 0.014 0.014 0.014 0.014 0.014
SER01A0044_002 0.986 0.986 0.986 0.986 0.986
MET01A0046_001 1.000 1.000 1.000 1.000 1.000
PRO01A0047_001 1.000 1.000 1.000 1.000 1.000
ASN01A0048_001 0.000 0.000 0.000 0.000 0.000
ASN01A0048_002 1.000 1.000 1.000 1.000 1.000
ASP01A0049_001 0.000 0.000 0.000 0.000 0.000
ASP01A0049_002 0.000 0.000 0.000 0.000 0.000
ASP02A0049_003 0.000 0.000 0.000 0.000 0.000
ASP02A0049_004 0.000 0.000 0.000 0.000 0.000
ASP-1A0049_005 1.000 1.000 1.000 1.000 1.000
PRO01A0050_001 1.000 1.000 1.000 1.000 1.000
SER01A0051_001 0.008 0.008 0.008 0.008 0.008
SER01A0051_002 0.992 0.992 0.992 0.992 0.992
PRO01A0052_001 1.000 1.000 1.000 1.000 1.000
LEU01A0053_001 1.000 1.000 1.000 1.000 1.000
GLN01A0054_001 0.447 0.447 0.447 0.447 0.447
GLN01A0054_002 0.553 0.553 0.553 0.553 0.553
VAL01A0055_001 1.000 1.000 1.000 1.000 1.000
ALA01A0056_001 1.000 1.000 1.000 1.000 1.000
VAL01A0057_001 1.000 1.000 1.000 1.000 1.000
LYS01A0058_001 0.000 0.000 0.000 0.000 0.000
LYS+1A0058_002 1.000 1.000 1.000 1.000 1.000
THR01A0059_001 0.951 0.951 0.951 0.951 0.951
THR01A0059_002 0.049 0.049 0.049 0.049 0.049
LEU01A0060_001 1.000 1.000 1.000 1.000 1.000
PRO01A0061_001 1.000 1.000 1.000 1.000 1.000
GLU01A0062_001 0.000 0.000 0.000 0.000 0.000
GLU01A0062_002 0.000 0.000 0.000 0.000 0.000
GLU02A0062_003 0.000 0.000 0.000 0.000 0.000
GLU02A0062_004 0.000 0.000 0.000 0.000 0.002
GLU-1A0062_005 1.000 1.000 1.000 1.000 0.998
VAL01A0063_001 1.000 1.000 1.000 1.000 1.000
CYS01A0064_001 0.400 0.400 0.401 0.400 0.399
CYS01A0064_002 0.335 0.334 0.334 0.335 0.335
CYS01A0064_003 0.266 0.266 0.265 0.266 0.266
CYS-1A0064_004 0.000 0.000 0.000 0.000 0.000
SER01A0065_001 0.736 0.736 0.736 0.736 0.736
SER01A0065_002 0.264 0.264 0.264 0.264 0.264
GLU01A0066_001 0.000 0.000 0.000 0.000 0.000
GLU01A0066_002 0.000 0.000 0.000 0.000 0.000
GLU02A0066_003 0.000 0.000 0.000 0.000 0.000
GLU02A0066_004 0.000 0.000 0.000 0.000 0.000
GLU-1A0066_005 1.000 1.000 1.000 1.000 1.000
GLN01A0067_001 0.017 0.016 0.016 0.017 0.016
GLN01A0067_002 0.983 0.984 0.984 0.983 0.984
ASP01A0068_001 0.000 0.000 0.000 0.000 0.000
ASP01A0068_002 0.000 0.000 0.000 0.000 0.000
ASP02A0068_003 0.000 0.000 0.000 0.000 0.000
ASP02A0068_004 0.000 0.000 0.000 0.000 0.000
ASP-1A0068_005 1.000 1.000 1.000 1.000 1.000
GLU01A0069_001 0.000 0.000 0.000 0.000 0.000
GLU01A0069_002 0.000 0.000 0.000 0.000 0.000
GLU02A0069_003 0.000 0.000 0.000 0.000 0.000
GLU02A0069_004 0.000 0.000 0.000 0.000 0.000
GLU-1A0069_005 1.000 1.000 1.000 1.000 1.000
LEU01A0070_001 1.000 1.000 1.000 1.000 1.000
ASP01A0071_001 0.000 0.000 0.000 0.000 0.000
ASP01A0071_002 0.000 0.000 0.000 0.000 0.000
ASP02A0071_003 0.000 0.000 0.000 0.000 0.000
ASP02A0071_004 0.000 0.000 0.000 0.000 0.000
ASP-1A0071_005 1.000 1.000 1.000 1.000 1.000
PHE01A0072_001 1.000 1.000 1.000 1.000 1.000
LEU01A0073_001 1.000 1.000 1.000 1.000 1.000
MET01A0074_001 1.000 1.000 1.000 1.000 1.000
GLU01A0075_001 0.000 0.000 0.000 0.000 0.000
GLU01A0075_002 0.000 0.000 0.000 0.000 0.000
GLU02A0075_003 0.000 0.000 0.000 0.000 0.000
GLU02A0075_004 0.000 0.000 0.000 0.000 0.000
GLU-1A0075_005 1.000 1.000 1.000 1.000 1.000
ALA01A0076_001 1.000 1.000 1.000 1.000 1.000
LEU01A0077_001 1.000 1.000 1.000 1.000 1.000
ILE01A0078_001 1.000 1.000 1.000 1.000 1.000
ILE01A0079_001 1.000 1.000 1.000 1.000 1.000
SER01A0080_001 0.250 0.251 0.251 0.253 0.251
SER01A0080_002 0.608 0.607 0.606 0.606 0.607
SER01A0080_003 0.142 0.142 0.142 0.141 0.142
LYS01A0081_001 0.139 0.139 0.139 0.139 0.139
LYS+1A0081_002 0.861 0.861 0.861 0.861 0.861
PHE01A0082_001 1.000 1.000 1.000 1.000 1.000
ASN01A0083_001 1.000 1.000 1.000 1.000 1.000
ASN01A0083_002 0.000 0.000 0.000 0.000 0.000
HIS01A0084_001 1.000 1.000 1.000 1.000 0.999
HIS02A0084_002 0.000 0.000 0.000 0.000 0.001
HIS+1A0084_003 0.000 0.000 0.000 0.000 0.000
GLN01A0085_001 1.000 1.000 1.000 1.000 1.000
ASN01A0086_001 0.000 0.000 0.000 0.000 0.000
ASN01A0086_002 1.000 1.000 1.000 1.000 1.000
ILE01A0087_001 1.000 1.000 1.000 1.000 1.000
VAL01A0088_001 1.000 1.000 1.000 1.000 1.000
ARG01A0089_001 0.000 0.000 0.000 0.000 0.000
ARG02A0089_002 0.000 0.000 0.000 0.000 0.000
ARG02A0089_003 0.000 0.000 0.000 0.000 0.000
ARG03A0089_004 0.000 0.000 0.000 0.000 0.000
ARG+1A0089_005 1.000 1.000 1.000 1.000 1.000
CYS01A0090_001 0.196 0.195 0.196 0.196 0.196
CYS01A0090_002 0.613 0.614 0.612 0.612 0.612
CYS01A0090_003 0.191 0.191 0.192 0.192 0.192
CYS-1A0090_004 0.000 0.000 0.000 0.000 0.000
ILE01A0091_001 1.000 1.000 1.000 1.000 1.000
VAL01A0093_001 1.000 1.000 1.000 1.000 1.000
SER01A0094_001 0.000 0.000 0.000 0.000 0.000
SER01A0094_002 1.000 1.000 1.000 1.000 1.000
SER01A0094_003 0.000 0.000 0.000 0.000 0.000
LEU01A0095_001 1.000 1.000 1.000 1.000 1.000
GLN01A0096_001 0.267 0.268 0.269 0.268 0.267
GLN01A0096_002 0.733 0.732 0.731 0.732 0.733
SER01A0097_001 1.000 1.000 1.000 1.000 1.000
LEU01A0098_001 1.000 1.000 1.000 1.000 1.000
PRO01A0099_001 1.000 1.000 1.000 1.000 1.000
ARG01A0100_001 0.000 0.000 0.000 0.000 0.000
ARG02A0100_002 0.000 0.000 0.000 0.000 0.000
ARG02A0100_003 0.000 0.000 0.000 0.000 0.000
ARG03A0100_004 0.000 0.000 0.000 0.000 0.000
ARG+1A0100_005 1.000 1.000 1.000 1.000 1.000
PHE01A0101_001 1.000 1.000 1.000 1.000 1.000
ILE01A0102_001 1.000 1.000 1.000 1.000 1.000
LEU01A0103_001 1.000 1.000 1.000 1.000 1.000
LEU01A0104_001 1.000 1.000 1.000 1.000 1.000
GLU01A0105_001 0.000 0.000 0.000 0.000 0.000
GLU01A0105_002 0.000 0.000 0.000 0.000 0.000
GLU02A0105_003 0.000 0.000 0.000 0.000 0.000
GLU02A0105_004 0.000 0.000 0.000 0.000 0.000
GLU-1A0105_005 1.000 1.000 1.000 1.000 1.000
LEU01A0106_001 1.000 1.000 1.000 1.000 1.000
MET01A0107_001 1.000 1.000 1.000 1.000 1.000
ALA01A0108_001 1.000 1.000 1.000 1.000 1.000
ASP01A0111_001 0.000 0.000 0.000 0.000 0.000
ASP01A0111_002 0.000 0.000 0.000 0.000 0.000
ASP02A0111_003 0.000 0.000 0.000 0.000 0.000
ASP02A0111_004 0.000 0.000 0.000 0.000 0.000
ASP-1A0111_005 1.000 1.000 1.000 1.000 1.000
LEU01A0112_001 1.000 1.000 1.000 1.000 1.000
LYS01A0113_001 0.305 0.305 0.307 0.306 0.306
LYS+1A0113_002 0.695 0.695 0.693 0.694 0.694
SER01A0114_001 0.960 0.960 0.961 0.961 0.961
SER01A0114_002 0.008 0.008 0.008 0.008 0.008
SER01A0114_003 0.032 0.032 0.032 0.031 0.031
PHE01A0115_001 1.000 1.000 1.000 1.000 1.000
LEU01A0116_001 1.000 1.000 1.000 1.000 1.000
ARG01A0117_001 0.000 0.000 0.000 0.000 0.000
ARG02A0117_002 0.000 0.000 0.000 0.000 0.000
ARG03A0117_003 0.000 0.000 0.000 0.000 0.000
ARG+1A0117_004 1.000 1.000 1.000 1.000 1.000
GLU01A0118_001 0.000 0.000 0.000 0.000 0.000
GLU01A0118_002 0.000 0.000 0.000 0.000 0.000
GLU02A0118_003 0.000 0.000 0.000 0.000 0.000
GLU02A0118_004 0.000 0.000 0.000 0.000 0.000
GLU-1A0118_005 1.000 1.000 1.000 1.000 1.000
THR01A0119_001 0.162 0.161 0.160 0.161 0.160
THR01A0119_002 0.838 0.839 0.840 0.839 0.840
ARG01A0120_001 0.000 0.000 0.000 0.000 0.000
ARG02A0120_002 0.000 0.000 0.000 0.000 0.000
ARG03A0120_003 0.000 0.000 0.000 0.000 0.000
ARG03A0120_004 0.000 0.000 0.000 0.000 0.000
ARG+1A0120_005 1.000 1.000 1.000 1.000 1.000
PRO01A0121_001 1.000 1.000 1.000 1.000 1.000
ARG01A0122_001 0.000 0.000 0.000 0.000 0.000
ARG02A0122_002 0.000 0.000 0.000 0.000 0.000
ARG02A0122_003 0.000 0.000 0.000 0.000 0.000
ARG03A0122_004 0.000 0.000 0.000 0.000 0.000
ARG03A0122_005 0.000 0.000 0.000 0.000 0.000
ARG+1A0122_006 1.000 1.000 1.000 1.000 1.000
PRO01A0123_001 1.000 1.000 1.000 1.000 1.000
SER01A0124_001 1.000 1.000 1.000 1.000 1.000
GLN01A0125_001 0.399 0.399 0.399 0.398 0.400
GLN01A0125_002 0.601 0.601 0.601 0.602 0.600
PRO01A0126_001 1.000 1.000 1.000 1.000 1.000
SER01A0127_001 1.000 1.000 1.000 1.000 1.000
SER01A0128_001 0.000 0.000 0.000 0.000 0.000
SER01A0128_002 1.000 1.000 1.000 1.000 1.000
LEU01A0129_001 1.000 1.000 1.000 1.000 1.000
ALA01A0130_001 1.000 1.000 1.000 1.000 1.000
MET01A0131_001 1.000 1.000 1.000 1.000 1.000
LEU01A0132_001 1.000 1.000 1.000 1.000 1.000
ASP01A0133_001 0.000 0.000 0.000 0.000 0.000
ASP01A0133_002 0.000 0.000 0.000 0.000 0.000
ASP02A0133_003 0.000 0.000 0.000 0.000 0.000
ASP02A0133_004 0.000 0.000 0.000 0.000 0.000
ASP-1A0133_005 1.000 1.000 1.000 1.000 1.000
LEU01A0134_001 1.000 1.000 1.000 1.000 1.000
LEU01A0135_001 1.000 1.000 1.000 1.000 1.000
HIS01A0136_001 0.185 0.185 0.186 0.184 0.185
HIS01A0136_002 0.068 0.068 0.069 0.069 0.068
HIS02A0136_003 0.399 0.398 0.396 0.399 0.398
HIS02A0136_004 0.192 0.192 0.193 0.191 0.193
HIS+1A0136_005 0.127 0.128 0.128 0.128 0.127
HIS+1A0136_006 0.029 0.029 0.029 0.029 0.029
VAL01A0137_001 1.000 1.000 1.000 1.000 1.000
ALA01A0138_001 1.000 1.000 1.000 1.000 1.000
ARG01A0139_001 0.000 0.000 0.000 0.000 0.000
ARG02A0139_002 0.000 0.000 0.000 0.000 0.000
ARG03A0139_003 0.000 0.000 0.000 0.000 0.000
ARG03A0139_004 0.000 0.000 0.000 0.000 0.000
ARG+1A0139_005 1.000 1.000 1.000 1.000 1.000
ASP01A0140_001 0.000 0.000 0.000 0.000 0.000
ASP01A0140_002 0.000 0.000 0.000 0.000 0.000
ASP02A0140_003 0.000 0.000 0.000 0.000 0.000
ASP02A0140_004 0.000 0.000 0.000 0.000 0.000
ASP-1A0140_005 1.000 1.000 1.000 1.000 1.000
ILE01A0141_001 1.000 1.000 1.000 1.000 1.000
ALA01A0142_001 1.000 1.000 1.000 1.000 1.000
CYS01A0143_001 0.347 0.349 0.349 0.348 0.348
CYS01A0143_002 0.363 0.360 0.362 0.362 0.362
CYS01A0143_003 0.290 0.291 0.289 0.289 0.290
CYS-1A0143_004 0.000 0.000 0.000 0.000 0.000
CYS01A0145_001 0.545 0.548 0.547 0.546 0.547
CYS01A0145_002 0.236 0.234 0.236 0.235 0.235
CYS01A0145_003 0.219 0.218 0.217 0.219 0.218
CYS-1A0145_004 0.000 0.000 0.000 0.000 0.000
GLN01A0146_001 0.255 0.256 0.256 0.255 0.255
GLN01A0146_002 0.745 0.744 0.744 0.745 0.745
TYR01A0147_001 1.000 1.000 1.000 1.000 1.000
TYR-1A0147_002 0.000 0.000 0.000 0.000 0.000
LEU01A0148_001 1.000 1.000 1.000 1.000 1.000
GLU01A0149_001 0.000 0.000 0.000 0.000 0.000
GLU01A0149_002 0.000 0.000 0.000 0.000 0.000
GLU02A0149_003 0.000 0.000 0.000 0.000 0.000
GLU02A0149_004 0.000 0.000 0.000 0.000 0.000
GLU-1A0149_005 1.000 1.000 1.000 1.000 1.000
GLU01A0150_001 0.000 0.000 0.000 0.000 0.000
GLU01A0150_002 0.004 0.007 0.004 0.004 0.005
GLU02A0150_003 0.000 0.000 0.000 0.000 0.000
GLU02A0150_004 0.002 0.000 0.002 0.002 0.001
GLU-1A0150_005 0.994 0.993 0.994 0.994 0.994
ASN01A0151_001 0.024 0.025 0.025 0.025 0.025
ASN01A0151_002 0.976 0.975 0.975 0.975 0.975
HIS01A0152_001 0.047 0.047 0.046 0.047 0.047
HIS01A0152_002 0.072 0.072 0.072 0.072 0.072
HIS02A0152_003 0.095 0.094 0.095 0.095 0.095
HIS02A0152_004 0.064 0.064 0.064 0.064 0.064
HIS+1A0152_005 0.262 0.263 0.262 0.264 0.264
HIS+1A0152_006 0.459 0.460 0.461 0.459 0.458
PHE01A0153_001 1.000 1.000 1.000 1.000 1.000
ILE01A0154_001 1.000 1.000 1.000 1.000 1.000
HIS01A0155_001 1.000 1.000 1.000 1.000 1.000
HIS02A0155_002 0.000 0.000 0.000 0.000 0.000
HIS+1A0155_003 0.000 0.000 0.000 0.000 0.000
ARG01A0156_001 0.000 0.000 0.000 0.000 0.000
ARG02A0156_002 0.000 0.000 0.000 0.000 0.000
ARG03A0156_003 0.000 0.000 0.000 0.000 0.000
ARG+1A0156_004 1.000 1.000 1.000 1.000 1.000
ASP01A0157_001 0.000 0.000 0.000 0.000 0.000
ASP01A0157_002 0.000 0.000 0.000 0.000 0.000
ASP02A0157_003 0.000 0.000 0.000 0.000 0.000
ASP02A0157_004 0.013 0.013 0.013 0.013 0.013
ASP-1A0157_005 0.987 0.987 0.987 0.987 0.987
ILE01A0158_001 1.000 1.000 1.000 1.000 1.000
ALA01A0159_001 1.000 1.000 1.000 1.000 1.000
ALA01A0160_001 1.000 1.000 1.000 1.000 1.000
ARG01A0161_001 0.000 0.000 0.000 0.000 0.000
ARG02A0161_002 0.000 0.000 0.000 0.000 0.000
ARG03A0161_003 0.000 0.000 0.000 0.000 0.000
ARG03A0161_004 0.000 0.000 0.000 0.000 0.000
ARG+1A0161_005 1.000 1.000 1.000 1.000 1.000
ASN01A0162_001 0.000 0.000 0.000 0.000 0.000
ASN01A0162_002 1.000 1.000 1.000 1.000 1.000
CYS01A0163_001 0.201 0.201 0.201 0.201 0.201
CYS01A0163_002 0.593 0.593 0.591 0.593 0.593
CYS01A0163_003 0.205 0.206 0.207 0.206 0.206
CYS-1A0163_004 0.000 0.000 0.000 0.000 0.000
LEU01A0164_001 1.000 1.000 1.000 1.000 1.000
LEU01A0165_001 1.000 1.000 1.000 1.000 1.000
THR01A0166_001 0.002 0.002 0.002 0.002 0.002
THR01A0166_002 0.998 0.998 0.998 0.998 0.998
CYS01A0167_001 0.047 0.046 0.047 0.046 0.046
CYS01A0167_002 0.138 0.137 0.139 0.138 0.139
CYS01A0167_003 0.726 0.729 0.726 0.728 0.726
CYS-1A0167_004 0.088 0.088 0.089 0.088 0.089
PRO01A0168_001 1.000 1.000 1.000 1.000 1.000
PRO01A0170_001 1.000 1.000 1.000 1.000 1.000
ARG01A0172_001 0.000 0.000 0.000 0.000 0.000
ARG02A0172_002 0.000 0.000 0.000 0.000 0.000
ARG02A0172_003 0.000 0.000 0.000 0.000 0.000
ARG03A0172_004 0.000 0.000 0.000 0.000 0.000
ARG03A0172_005 0.000 0.000 0.000 0.000 0.000
ARG+1A0172_006 1.000 1.000 1.000 1.000 1.000
VAL01A0173_001 1.000 1.000 1.000 1.000 1.000
ALA01A0174_001 1.000 1.000 1.000 1.000 1.000
LYS01A0175_001 0.000 0.000 0.000 0.000 0.000
LYS+1A0175_002 1.000 1.000 1.000 1.000 1.000
ILE01A0176_001 1.000 1.000 1.000 1.000 1.000
ASP01A0178_001 0.000 0.000 0.000 0.000 0.000
ASP01A0178_002 0.000 0.000 0.000 0.000 0.000
ASP02A0178_003 0.000 0.000 0.000 0.000 0.000
ASP02A0178_004 0.002 0.002 0.000 0.002 0.002
ASP-1A0178_005 0.998 0.998 1.000 0.998 0.998
PHE01A0179_001 1.000 1.000 1.000 1.000 1.000
MET01A0181_001 1.000 1.000 1.000 1.000 1.000
ALA01A0182_001 1.000 1.000 1.000 1.000 1.000
ARG01A0183_001 0.000 0.000 0.000 0.000 0.000
ARG02A0183_002 0.000 0.000 0.000 0.000 0.000
ARG02A0183_003 0.000 0.000 0.000 0.000 0.000
ARG03A0183_004 0.000 0.000 0.000 0.000 0.000
ARG+1A0183_005 1.000 1.000 1.000 1.000 1.000
ASP01A0184_001 0.000 0.000 0.000 0.000 0.000
ASP01A0184_002 0.000 0.000 0.000 0.000 0.000
ASP02A0184_003 0.000 0.000 0.000 0.000 0.000
ASP02A0184_004 0.000 0.000 0.000 0.000 0.000
ASP-1A0184_005 1.000 1.000 1.000 1.000 1.000
ILE01A0185_001 1.000 1.000 1.000 1.000 1.000
TYR01A0186_001 0.992 0.992 0.992 0.992 0.992
TYR-1A0186_002 0.008 0.008 0.008 0.008 0.008
ARG01A0187_001 0.000 0.000 0.000 0.000 0.000
ARG02A0187_002 0.000 0.000 0.000 0.000 0.000
ARG02A0187_003 0.000 0.000 0.000 0.000 0.000
ARG03A0187_004 0.000 0.000 0.000 0.000 0.000
ARG+1A0187_005 1.000 1.000 1.000 1.000 1.000
ALA01A0188_001 1.000 1.000 1.000 1.000 1.000
TYR01A0190_001 0.463 0.463 0.462 0.461 0.463
TYR01A0190_002 0.530 0.531 0.532 0.533 0.530
TYR-1A0190_003 0.007 0.007 0.007 0.007 0.007
TYR01A0191_001 0.896 0.896 0.896 0.896 0.896
TYR01A0191_002 0.104 0.104 0.104 0.104 0.104
TYR-1A0191_003 0.000 0.000 0.000 0.000 0.000
ARG01A0192_001 0.000 0.000 0.000 0.000 0.000
ARG02A0192_002 0.000 0.000 0.000 0.000 0.000
ARG02A0192_003 0.000 0.000 0.000 0.000 0.000
ARG03A0192_004 0.000 0.000 0.000 0.000 0.000
ARG03A0192_005 0.000 0.000 0.000 0.000 0.000
ARG+1A0192_006 1.000 1.000 1.000 1.000 1.000
LYS01A0193_001 0.000 0.000 0.000 0.000 0.000
LYS+1A0193_002 1.000 1.000 1.000 1.000 1.000
CYS01A0196_001 0.290 0.290 0.290 0.290 0.292
CYS01A0196_002 0.308 0.308 0.308 0.307 0.306
CYS01A0196_003 0.323 0.323 0.323 0.324 0.324
CYS-1A0196_004 0.079 0.079 0.079 0.079 0.078
ALA01A0197_001 1.000 1.000 1.000 1.000 1.000
MET01A0198_001 1.000 1.000 1.000 1.000 1.000
LEU01A0199_001 1.000 1.000 1.000 1.000 1.000
PRO01A0200_001 1.000 1.000 1.000 1.000 1.000
VAL01A0201_001 1.000 1.000 1.000 1.000 1.000
LYS01A0202_001 0.000 0.000 0.000 0.000 0.000
LYS+1A0202_002 1.000 1.000 1.000 1.000 1.000
TRP01A0203_001 1.000 1.000 1.000 1.000 1.000
MET01A0204_001 1.000 1.000 1.000 1.000 1.000
PRO01A0205_001 1.000 1.000 1.000 1.000 1.000
PRO01A0206_001 1.000 1.000 1.000 1.000 1.000
GLU01A0207_001 0.000 0.000 0.000 0.000 0.000
GLU01A0207_002 0.000 0.000 0.000 0.000 0.000
GLU02A0207_003 0.000 0.000 0.000 0.000 0.000
GLU02A0207_004 0.000 0.000 0.000 0.000 0.000
GLU-1A0207_005 1.000 1.000 1.000 1.000 1.000
ALA01A0208_001 1.000 1.000 1.000 1.000 1.000
PHE01A0209_001 1.000 1.000 1.000 1.000 1.000
MET01A0210_001 1.000 1.000 1.000 1.000 1.000
GLU01A0211_001 0.000 0.000 0.000 0.000 0.000
GLU01A0211_002 0.000 0.000 0.000 0.000 0.000
GLU02A0211_003 0.000 0.000 0.000 0.000 0.000
GLU02A0211_004 0.000 0.002 0.000 0.000 0.000
GLU-1A0211_005 1.000 0.998 1.000 1.000 1.000
ILE01A0213_001 1.000 1.000 1.000 1.000 1.000
PHE01A0214_001 1.000 1.000 1.000 1.000 1.000
THR01A0215_001 0.130 0.131 0.130 0.130 0.130
THR01A0215_002 0.000 0.000 0.000 0.000 0.000
THR01A0215_003 0.870 0.869 0.870 0.870 0.870
SER01A0216_001 0.938 0.938 0.938 0.938 0.938
SER01A0216_002 0.062 0.062 0.062 0.062 0.062
LYS01A0217_001 0.000 0.000 0.000 0.000 0.000
LYS+1A0217_002 1.000 1.000 1.000 1.000 1.000
THR01A0218_001 0.845 0.846 0.845 0.844 0.846
THR01A0218_002 0.155 0.154 0.155 0.156 0.154
ASP01A0219_001 0.002 0.002 0.002 0.002 0.002
ASP01A0219_002 0.000 0.000 0.000 0.000 0.000
ASP02A0219_003 0.000 0.000 0.000 0.000 0.000
ASP02A0219_004 0.000 0.000 0.000 0.000 0.000
ASP-1A0219_005 0.998 0.998 0.998 0.998 0.997
THR01A0220_001 0.122 0.122 0.121 0.121 0.122
THR01A0220_002 0.068 0.068 0.068 0.068 0.068
THR01A0220_003 0.810 0.810 0.811 0.811 0.810
TRP01A0221_001 1.000 1.000 1.000 1.000 1.000
SER01A0222_001 0.975 0.974 0.974 0.974 0.974
SER01A0222_002 0.025 0.026 0.026 0.026 0.026
PHE01A0223_001 1.000 1.000 1.000 1.000 1.000
VAL01A0225_001 1.000 1.000 1.000 1.000 1.000
LEU01A0226_001 1.000 1.000 1.000 1.000 1.000
LEU01A0227_001 1.000 1.000 1.000 1.000 1.000
TRP01A0228_001 1.000 1.000 1.000 1.000 1.000
GLU01A0229_001 0.000 0.000 0.000 0.000 0.000
GLU01A0229_002 0.000 0.000 0.000 0.000 0.000
GLU02A0229_003 0.000 0.000 0.000 0.000 0.000
GLU02A0229_004 0.002 0.002 0.002 0.002 0.002
GLU-1A0229_005 0.998 0.998 0.998 0.998 0.998
ILE01A0230_001 1.000 1.000 1.000 1.000 1.000
PHE01A0231_001 1.000 1.000 1.000 1.000 1.000
SER01A0232_001 1.000 1.000 1.000 1.000 1.000
LEU01A0233_001 1.000 1.000 1.000 1.000 1.000
TYR01A0235_001 0.653 0.653 0.652 0.652 0.652
TYR01A0235_002 0.342 0.343 0.343 0.343 0.343
TYR-1A0235_003 0.005 0.005 0.005 0.005 0.005
MET01A0236_001 1.000 1.000 1.000 1.000 1.000
PRO01A0237_001 1.000 1.000 1.000 1.000 1.000
TYR01A0238_001 1.000 1.000 1.000 1.000 1.000
TYR-1A0238_002 0.000 0.000 0.000 0.000 0.000
PRO01A0239_001 1.000 1.000 1.000 1.000 1.000
SER01A0240_001 0.920 0.920 0.921 0.920 0.920
SER01A0240_002 0.080 0.080 0.079 0.080 0.080
LYS01A0241_001 0.002 0.002 0.002 0.002 0.002
LYS+1A0241_002 0.998 0.998 0.998 0.998 0.998
SER01A0242_001 0.101 0.101 0.100 0.101 0.100
SER01A0242_002 0.899 0.899 0.900 0.899 0.900
ASN01A0243_001 0.987 0.986 0.986 0.986 0.986
ASN01A0243_002 0.013 0.014 0.014 0.014 0.014
GLN01A0244_001 0.989 0.990 0.990 0.990 0.990
GLN01A0244_002 0.011 0.010 0.010 0.010 0.010
GLU01A0245_001 0.000 0.000 0.000 0.000 0.000
GLU01A0245_002 0.000 0.000 0.000 0.000 0.000
GLU02A0245_003 0.000 0.000 0.000 0.000 0.000
GLU02A0245_004 0.000 0.000 0.000 0.000 0.000
GLU-1A0245_005 1.000 1.000 1.000 1.000 1.000
VAL01A0246_001 1.000 1.000 1.000 1.000 1.000
LEU01A0247_001 1.000 1.000 1.000 1.000 1.000
GLU01A0248_001 0.000 0.000 0.000 0.000 0.000
GLU01A0248_002 0.000 0.001 0.000 0.000 0.000
GLU02A0248_003 0.000 0.000 0.000 0.000 0.000
GLU02A0248_004 0.000 0.000 0.000 0.000 0.000
GLU-1A0248_005 1.000 0.999 1.000 1.000 1.000
PHE01A0249_001 1.000 1.000 1.000 1.000 1.000
VAL01A0250_001 1.000 1.000 1.000 1.000 1.000
THR01A0251_001 0.105 0.106 0.106 0.104 0.105
THR01A0251_002 0.895 0.894 0.894 0.896 0.895
SER01A0252_001 0.219 0.219 0.220 0.219 0.219
SER01A0252_002 0.781 0.781 0.780 0.781 0.781
ARG01A0255_001 0.000 0.000 0.000 0.000 0.000
ARG02A0255_002 0.000 0.000 0.000 0.000 0.000
ARG02A0255_003 0.000 0.000 0.000 0.000 0.000
ARG03A0255_004 0.000 0.000 0.000 0.000 0.000
ARG+1A0255_005 1.000 1.000 1.000 1.000 1.000
MET01A0256_001 1.000 1.000 1.000 1.000 1.000
ASP01A0257_001 0.000 0.000 0.000 0.000 0.000
ASP01A0257_002 0.000 0.000 0.000 0.000 0.000
ASP02A0257_003 0.000 0.000 0.000 0.000 0.000
ASP02A0257_004 0.000 0.000 0.000 0.000 0.000
ASP-1A0257_005 1.000 1.000 1.000 1.000 1.000
PRO01A0258_001 1.000 1.000 1.000 1.000 1.000
PRO01A0259_001 1.000 1.000 1.000 1.000 1.000
LYS01A0260_001 0.000 0.000 0.000 0.000 0.000
LYS+1A0260_002 1.000 1.000 1.000 1.000 1.000
ASN01A0261_001 0.937 0.936 0.936 0.937 0.937
ASN01A0261_002 0.063 0.064 0.064 0.063 0.063
CYS01A0262_001 0.361 0.363 0.361 0.361 0.361
CYS01A0262_002 0.426 0.424 0.424 0.425 0.426
CYS01A0262_003 0.213 0.214 0.214 0.214 0.213
CYS-1A0262_004 0.000 0.000 0.000 0.000 0.000
PRO01A0263_001 1.000 1.000 1.000 1.000 1.000
PRO01A0265_001 1.000 1.000 1.000 1.000 1.000
VAL01A0266_001 1.000 1.000 1.000 1.000 1.000
TYR01A0267_001 0.010 0.010 0.010 0.010 0.010
TYR01A0267_002 0.990 0.990 0.990 0.990 0.990
TYR-1A0267_003 0.000 0.000 0.000 0.000 0.000
ARG01A0268_001 0.000 0.000 0.000 0.000 0.000
ARG02A0268_002 0.000 0.000 0.000 0.000 0.000
ARG03A0268_003 0.000 0.000 0.000 0.000 0.000
ARG+1A0268_004 1.000 1.000 1.000 1.000 1.000
ILE01A0269_001 1.000 1.000 1.000 1.000 1.000
MET01A0270_001 1.000 1.000 1.000 1.000 1.000
THR01A0271_001 1.000 1.000 1.000 1.000 1.000
GLN01A0272_001 1.000 1.000 1.000 1.000 1.000
GLN01A0272_002 0.000 0.000 0.000 0.000 0.000
CYS01A0273_001 0.441 0.440 0.441 0.441 0.442
CYS01A0273_002 0.288 0.290 0.288 0.289 0.288
CYS01A0273_003 0.270 0.270 0.271 0.270 0.270
CYS-1A0273_004 0.000 0.000 0.000 0.000 0.000
TRP01A0274_001 1.000 1.000 1.000 1.000 1.000
GLN01A0275_001 0.549 0.550 0.550 0.550 0.550
GLN01A0275_002 0.451 0.450 0.450 0.450 0.450
HIS01A0276_001 0.336 0.336 0.335 0.337 0.335
HIS01A0276_002 0.292 0.291 0.293 0.292 0.292
HIS02A0276_003 0.096 0.096 0.096 0.095 0.095
HIS02A0276_004 0.243 0.243 0.242 0.243 0.243
HIS+1A0276_005 0.006 0.006 0.006 0.006 0.006
HIS+1A0276_006 0.027 0.028 0.028 0.028 0.028
GLN01A0277_001 0.128 0.128 0.128 0.127 0.127
GLN01A0277_002 0.872 0.872 0.872 0.873 0.873
PRO01A0278_001 1.000 1.000 1.000 1.000 1.000
GLU01A0279_001 0.000 0.000 0.000 0.000 0.000
GLU01A0279_002 0.000 0.000 0.000 0.000 0.000
GLU02A0279_003 0.000 0.000 0.000 0.000 0.000
GLU02A0279_004 0.000 0.000 0.000 0.000 0.000
GLU-1A0279_005 1.000 1.000 1.000 1.000 1.000
ASP01A0280_001 0.000 0.000 0.000 0.000 0.000
ASP01A0280_002 0.000 0.000 0.000 0.000 0.000
ASP02A0280_003 0.000 0.000 0.000 0.000 0.000
ASP02A0280_004 0.000 0.000 0.000 0.000 0.000
ASP-1A0280_005 1.000 1.000 1.000 1.000 1.000
ARG01A0281_001 0.000 0.000 0.000 0.000 0.000
ARG02A0281_002 0.000 0.000 0.000 0.000 0.000
ARG02A0281_003 0.000 0.000 0.000 0.000 0.000
ARG03A0281_004 0.000 0.000 0.000 0.000 0.000
ARG03A0281_005 0.000 0.000 0.000 0.000 0.000
ARG+1A0281_006 1.000 1.000 1.000 1.000 1.000
PRO01A0282_001 1.000 1.000 1.000 1.000 1.000
ASN01A0283_001 1.000 1.000 1.000 1.000 1.000
ASN01A0283_002 0.000 0.000 0.000 0.000 0.000
PHE01A0284_001 1.000 1.000 1.000 1.000 1.000
ALA01A0285_001 1.000 1.000 1.000 1.000 1.000
ILE01A0286_001 1.000 1.000 1.000 1.000 1.000
ILE01A0287_001 1.000 1.000 1.000 1.000 1.000
LEU01A0288_001 1.000 1.000 1.000 1.000 1.000
GLU01A0289_001 0.000 0.000 0.000 0.000 0.000
GLU01A0289_002 0.000 0.000 0.000 0.000 0.000
GLU02A0289_003 0.000 0.000 0.000 0.000 0.000
GLU02A0289_004 0.000 0.000 0.000 0.000 0.000
GLU-1A0289_005 1.000 1.000 1.000 1.000 1.000
ARG01A0290_001 0.000 0.000 0.000 0.000 0.000
ARG02A0290_002 0.000 0.000 0.000 0.000 0.000
ARG03A0290_003 0.000 0.000 0.000 0.000 0.000
ARG+1A0290_004 1.000 1.000 1.000 1.000 1.000
ILE01A0291_001 1.000 1.000 1.000 1.000 1.000
GLU01A0292_001 0.000 0.000 0.000 0.000 0.000
GLU01A0292_002 0.012 0.012 0.012 0.012 0.012
GLU02A0292_003 0.000 0.000 0.000 0.000 0.000
GLU02A0292_004 0.011 0.011 0.011 0.011 0.011
GLU-1A0292_005 0.977 0.977 0.977 0.977 0.977
TYR01A0293_001 0.998 0.998 0.998 0.998 0.998
TYR-1A0293_002 0.002 0.002 0.002 0.002 0.002
CYS01A0294_001 0.068 0.067 0.068 0.067 0.067
CYS01A0294_002 0.783 0.783 0.782 0.784 0.782
CYS01A0294_003 0.150 0.150 0.150 0.149 0.151
CYS-1A0294_004 0.000 0.000 0.000 0.000 0.000
THR01A0295_001 0.475 0.475 0.474 0.474 0.475
THR01A0295_002 0.525 0.525 0.526 0.526 0.525
GLN01A0296_001 0.400 0.402 0.402 0.401 0.400
GLN01A0296_002 0.600 0.598 0.598 0.599 0.600
ASP01A0297_001 0.000 0.000 0.000 0.000 0.000
ASP01A0297_002 0.000 0.000 0.000 0.000 0.000
ASP02A0297_003 0.000 0.000 0.000 0.000 0.000
ASP02A0297_004 0.000 0.000 0.000 0.000 0.001
ASP-1A0297_005 1.000 1.000 1.000 1.000 0.999
PRO01A0298_001 1.000 1.000 1.000 1.000 1.000
ASP01A0299_001 0.000 0.000 0.000 0.000 0.000
ASP01A0299_002 0.000 0.000 0.000 0.000 0.000
ASP02A0299_003 0.000 0.000 0.000 0.000 0.000
ASP02A0299_004 0.000 0.000 0.000 0.000 0.000
ASP-1A0299_005 1.000 1.000 1.000 1.000 1.000
VAL01A0300_001 1.000 1.000 1.000 1.000 1.000
ILE01A0301_001 1.000 1.000 1.000 1.000 1.000
ASN01A0302_001 0.089 0.089 0.090 0.089 0.090
ASN01A0302_002 0.911 0.911 0.910 0.911 0.910
THR01A0303_001 1.000 1.000 1.000 1.000 1.000
ALA01A0304_001 1.000 1.000 1.000 1.000 1.000
LEU01A0305_001 1.000 1.000 1.000 1.000 1.000
PRO01A0306_001 1.000 1.000 1.000 1.000 1.000
ILE01A0307_001 1.000 1.000 1.000 1.000 1.000
GLU01A0308_001 0.000 0.000 0.000 0.000 0.000
GLU01A0308_002 0.000 0.000 0.000 0.000 0.000
GLU02A0308_003 0.000 0.000 0.000 0.000 0.000
GLU02A0308_004 0.000 0.000 0.000 0.000 0.000
GLU-1A0308_005 1.000 1.000 1.000 1.000 1.000
TYR01A0309_001 0.981 0.982 0.981 0.982 0.981
TYR-1A0309_002 0.019 0.018 0.019 0.018 0.019
4MK+1B0003_001 1.000 1.000 1.000 1.000 1.000
4MK01B0003_002 0.000 0.000 0.000 0.000 0.000
4MK+aB0003_003 0.000 0.000 0.000 0.000 0.000
4MK+aB0003_004 0.000 0.000 0.000 0.000 0.000
4MKDMB0003_005 0.000 0.000 0.000 0.000 0.000
