 ph              7.4   7.4   7.4   7.4   7.4
ASN01A0001_001 0.120 0.116 0.117 0.121 0.117
ASN01A0001_002 0.880 0.884 0.883 0.879 0.883
PRO01A0002_001 1.000 1.000 1.000 1.000 1.000
ASN01A0003_001 0.721 0.716 0.723 0.725 0.717
ASN01A0003_002 0.279 0.284 0.277 0.275 0.283
TYR01A0004_001 1.000 1.000 1.000 1.000 1.000
TYR-1A0004_002 0.000 0.000 0.000 0.000 0.000
CYS01A0005_001 0.219 0.223 0.222 0.224 0.216
CYS01A0005_002 0.272 0.273 0.276 0.279 0.271
CYS01A0005_003 0.487 0.483 0.481 0.476 0.495
CYS-1A0005_004 0.022 0.021 0.021 0.021 0.018
PHE01A0006_001 1.000 1.000 1.000 1.000 1.000
ALA01A0007_001 1.000 1.000 1.000 1.000 1.000
LYS01A0009_001 0.007 0.010 0.007 0.008 0.008
LYS+1A0009_002 0.993 0.990 0.993 0.992 0.992
THR01A0010_001 0.154 0.160 0.157 0.155 0.155
THR01A0010_002 0.846 0.840 0.843 0.845 0.845
SER01A0011_001 1.000 1.000 1.000 1.000 1.000
SER01A0012_001 1.000 1.000 1.000 1.000 1.000
ILE01A0013_001 1.000 1.000 1.000 1.000 1.000
SER01A0014_001 0.698 0.698 0.696 0.697 0.695
SER01A0014_002 0.302 0.302 0.304 0.303 0.305
ASP01A0015_001 0.000 0.000 0.000 0.000 0.000
ASP01A0015_002 0.000 0.000 0.000 0.000 0.000
ASP02A0015_003 0.000 0.000 0.000 0.000 0.000
ASP02A0015_004 0.000 0.000 0.000 0.000 0.000
ASP-1A0015_005 1.000 1.000 1.000 1.000 1.000
LEU01A0016_001 1.000 1.000 1.000 1.000 1.000
LYS01A0017_001 0.068 0.066 0.066 0.070 0.068
LYS+1A0017_002 0.932 0.934 0.934 0.930 0.932
GLU01A0018_001 0.000 0.000 0.000 0.000 0.000
GLU01A0018_002 0.000 0.000 0.000 0.000 0.000
GLU02A0018_003 0.000 0.000 0.000 0.000 0.000
GLU02A0018_004 0.000 0.000 0.000 0.000 0.000
GLU-1A0018_005 1.000 1.000 1.000 1.000 1.000
VAL01A0019_001 1.000 1.000 1.000 1.000 1.000
PRO01A0020_001 1.000 1.000 1.000 1.000 1.000
ARG01A0021_001 0.000 0.000 0.000 0.000 0.000
ARG02A0021_002 0.000 0.000 0.000 0.000 0.000
ARG03A0021_003 0.000 0.000 0.000 0.000 0.000
ARG+1A0021_004 1.000 1.000 1.000 1.000 1.000
LYS01A0022_001 0.020 0.016 0.017 0.017 0.017
LYS+1A0022_002 0.980 0.984 0.983 0.983 0.983
ASN01A0023_001 0.007 0.007 0.006 0.007 0.007
ASN01A0023_002 0.993 0.993 0.994 0.993 0.993
ILE01A0024_001 1.000 1.000 1.000 1.000 1.000
THR01A0025_001 0.362 0.361 0.359 0.363 0.360
THR01A0025_002 0.638 0.639 0.641 0.637 0.640
LEU01A0026_001 1.000 1.000 1.000 1.000 1.000
ILE01A0027_001 1.000 1.000 1.000 1.000 1.000
ARG01A0028_001 0.000 0.000 0.000 0.000 0.000
ARG02A0028_002 0.000 0.000 0.000 0.000 0.000
ARG02A0028_003 0.000 0.000 0.000 0.000 0.000
ARG03A0028_004 0.000 0.000 0.000 0.000 0.000
ARG+1A0028_005 1.000 1.000 1.000 1.000 1.000
LEU01A0030_001 1.000 1.000 1.000 1.000 1.000
HIS01A0032_001 0.018 0.016 0.017 0.017 0.017
HIS01A0032_002 0.194 0.192 0.199 0.193 0.199
HIS02A0032_003 0.046 0.041 0.044 0.041 0.042
HIS02A0032_004 0.326 0.330 0.321 0.324 0.325
HIS+1A0032_005 0.034 0.035 0.036 0.033 0.037
HIS+1A0032_006 0.382 0.387 0.383 0.392 0.379
ALA01A0034_001 1.000 1.000 1.000 1.000 1.000
PHE01A0035_001 1.000 1.000 1.000 1.000 1.000
GLU01A0037_001 0.000 0.000 0.000 0.000 0.000
GLU01A0037_002 0.000 0.000 0.000 0.000 0.000
GLU02A0037_003 0.000 0.000 0.000 0.000 0.000
GLU02A0037_004 0.000 0.001 0.000 0.000 0.000
GLU-1A0037_005 1.000 0.999 1.000 1.000 1.000
VAL01A0038_001 1.000 1.000 1.000 1.000 1.000
TYR01A0039_001 0.576 0.579 0.575 0.578 0.571
TYR01A0039_002 0.424 0.421 0.425 0.422 0.429
TYR-1A0039_003 0.000 0.000 0.000 0.000 0.000
GLU01A0040_001 0.000 0.000 0.000 0.000 0.000
GLU01A0040_002 0.001 0.000 0.001 0.001 0.001
GLU02A0040_003 0.000 0.000 0.000 0.000 0.000
GLU02A0040_004 0.006 0.009 0.007 0.006 0.005
GLU-1A0040_005 0.993 0.991 0.992 0.993 0.994
GLN01A0042_001 0.883 0.883 0.881 0.886 0.885
GLN01A0042_002 0.117 0.117 0.119 0.114 0.115
VAL01A0043_001 1.000 1.000 1.000 1.000 1.000
SER01A0044_001 1.000 1.000 1.000 1.000 1.000
MET01A0046_001 1.000 1.000 1.000 1.000 1.000
PRO01A0047_001 1.000 1.000 1.000 1.000 1.000
ASN01A0048_001 1.000 1.000 1.000 1.000 1.000
ASP01A0049_001 0.000 0.000 0.000 0.000 0.000
ASP01A0049_002 0.000 0.000 0.000 0.000 0.000
ASP02A0049_003 0.000 0.000 0.000 0.000 0.000
ASP02A0049_004 0.000 0.000 0.000 0.000 0.000
ASP-1A0049_005 1.000 1.000 1.000 1.000 1.000
PRO01A0050_001 1.000 1.000 1.000 1.000 1.000
SER01A0051_001 1.000 1.000 1.000 1.000 1.000
PRO01A0052_001 1.000 1.000 1.000 1.000 1.000
LEU01A0053_001 1.000 1.000 1.000 1.000 1.000
GLN01A0054_001 0.762 0.761 0.762 0.761 0.762
GLN01A0054_002 0.238 0.239 0.238 0.239 0.238
VAL01A0055_001 1.000 1.000 1.000 1.000 1.000
ALA01A0056_001 1.000 1.000 1.000 1.000 1.000
VAL01A0057_001 1.000 1.000 1.000 1.000 1.000
LYS01A0058_001 0.000 0.000 0.000 0.000 0.000
LYS+1A0058_002 1.000 1.000 1.000 1.000 1.000
THR01A0059_001 0.031 0.032 0.029 0.031 0.031
THR01A0059_002 0.969 0.968 0.971 0.969 0.969
LEU01A0060_001 1.000 1.000 1.000 1.000 1.000
PRO01A0061_001 1.000 1.000 1.000 1.000 1.000
GLU01A0062_001 0.000 0.000 0.000 0.000 0.000
GLU01A0062_002 0.000 0.000 0.000 0.001 0.001
GLU02A0062_003 0.000 0.000 0.000 0.000 0.000
GLU02A0062_004 0.001 0.000 0.000 0.000 0.001
GLU-1A0062_005 0.999 1.000 1.000 0.999 0.998
VAL01A0063_001 1.000 1.000 1.000 1.000 1.000
CYS01A0064_001 0.421 0.413 0.415 0.410 0.412
CYS01A0064_002 0.354 0.355 0.359 0.356 0.353
CYS01A0064_003 0.225 0.232 0.226 0.234 0.234
CYS-1A0064_004 0.000 0.000 0.000 0.000 0.000
SER01A0065_001 1.000 0.997 0.996 0.996 1.000
SER01A0065_002 0.000 0.003 0.004 0.004 0.000
GLU01A0066_001 0.000 0.000 0.000 0.000 0.000
GLU01A0066_002 0.000 0.000 0.000 0.000 0.001
GLU02A0066_003 0.000 0.000 0.000 0.000 0.000
GLU02A0066_004 0.002 0.000 0.002 0.002 0.001
GLU-1A0066_005 0.998 1.000 0.998 0.998 0.998
GLN01A0067_001 0.000 0.000 0.000 0.000 0.000
GLN01A0067_002 1.000 1.000 1.000 1.000 1.000
ASP01A0068_001 0.000 0.000 0.000 0.000 0.000
ASP01A0068_002 0.000 0.001 0.000 0.000 0.000
ASP02A0068_003 0.000 0.000 0.000 0.000 0.000
ASP02A0068_004 0.000 0.000 0.000 0.000 0.000
ASP-1A0068_005 1.000 0.999 1.000 1.000 1.000
GLU01A0069_001 0.000 0.000 0.000 0.000 0.000
GLU01A0069_002 0.000 0.000 0.000 0.000 0.000
GLU02A0069_003 0.000 0.000 0.000 0.000 0.000
GLU02A0069_004 0.002 0.000 0.000 0.000 0.000
GLU-1A0069_005 0.998 1.000 1.000 1.000 1.000
LEU01A0070_001 1.000 1.000 1.000 1.000 1.000
ASP01A0071_001 0.000 0.000 0.000 0.000 0.000
ASP01A0071_002 0.000 0.000 0.000 0.000 0.000
ASP02A0071_003 0.000 0.000 0.000 0.000 0.000
ASP02A0071_004 0.000 0.000 0.004 0.000 0.004
ASP-1A0071_005 1.000 1.000 0.996 1.000 0.996
PHE01A0072_001 1.000 1.000 1.000 1.000 1.000
LEU01A0073_001 1.000 1.000 1.000 1.000 1.000
MET01A0074_001 1.000 1.000 1.000 1.000 1.000
GLU01A0075_001 0.001 0.000 0.000 0.001 0.000
GLU01A0075_002 0.078 0.085 0.083 0.080 0.084
GLU02A0075_003 0.001 0.000 0.000 0.001 0.000
GLU02A0075_004 0.010 0.013 0.013 0.010 0.013
GLU-1A0075_005 0.910 0.902 0.904 0.909 0.903
ALA01A0076_001 1.000 1.000 1.000 1.000 1.000
LEU01A0077_001 1.000 1.000 1.000 1.000 1.000
ILE01A0078_001 1.000 1.000 1.000 1.000 1.000
ILE01A0079_001 1.000 1.000 1.000 1.000 1.000
SER01A0080_001 0.504 0.506 0.510 0.505 0.503
SER01A0080_002 0.496 0.494 0.490 0.495 0.497
LYS01A0081_001 0.000 0.000 0.000 0.000 0.000
LYS+1A0081_002 1.000 1.000 1.000 1.000 1.000
PHE01A0082_001 1.000 1.000 1.000 1.000 1.000
ASN01A0083_001 0.997 1.000 1.000 0.997 0.998
ASN01A0083_002 0.003 0.000 0.000 0.003 0.002
HIS01A0084_001 1.000 1.000 1.000 1.000 1.000
HIS01A0084_002 0.000 0.000 0.000 0.000 0.000
HIS02A0084_003 0.000 0.000 0.000 0.000 0.000
HIS02A0084_004 0.000 0.000 0.000 0.000 0.000
HIS+1A0084_005 0.000 0.000 0.000 0.000 0.000
HIS+1A0084_006 0.000 0.000 0.000 0.000 0.000
GLN01A0085_001 0.735 0.742 0.740 0.743 0.735
GLN01A0085_002 0.265 0.258 0.260 0.257 0.265
ASN01A0086_001 1.000 1.000 1.000 1.000 1.000
ASN01A0086_002 0.000 0.000 0.000 0.000 0.000
ILE01A0087_001 1.000 1.000 1.000 1.000 1.000
VAL01A0088_001 1.000 1.000 1.000 1.000 1.000
ARG01A0089_001 0.000 0.000 0.000 0.000 0.000
ARG02A0089_002 0.000 0.000 0.000 0.000 0.000
ARG02A0089_003 0.000 0.000 0.000 0.000 0.000
ARG03A0089_004 0.000 0.000 0.000 0.000 0.000
ARG+1A0089_005 1.000 1.000 1.000 1.000 1.000
CYS01A0090_001 0.195 0.193 0.195 0.191 0.193
CYS01A0090_002 0.460 0.457 0.457 0.464 0.461
CYS01A0090_003 0.345 0.350 0.348 0.346 0.346
CYS-1A0090_004 0.000 0.000 0.000 0.000 0.000
ILE01A0091_001 1.000 1.000 1.000 1.000 1.000
VAL01A0093_001 1.000 1.000 1.000 1.000 1.000
SER01A0094_001 0.065 0.066 0.066 0.064 0.065
SER01A0094_002 0.874 0.874 0.872 0.877 0.875
SER01A0094_003 0.061 0.060 0.062 0.059 0.060
LEU01A0095_001 1.000 1.000 1.000 1.000 1.000
GLN01A0096_001 0.125 0.128 0.126 0.128 0.125
GLN01A0096_002 0.875 0.872 0.874 0.872 0.875
SER01A0097_001 1.000 1.000 1.000 1.000 1.000
LEU01A0098_001 1.000 1.000 1.000 1.000 1.000
PRO01A0099_001 1.000 1.000 1.000 1.000 1.000
ARG01A0100_001 0.000 0.000 0.000 0.000 0.000
ARG02A0100_002 0.000 0.000 0.000 0.000 0.000
ARG03A0100_003 0.000 0.000 0.000 0.000 0.000
ARG03A0100_004 0.000 0.000 0.000 0.000 0.000
ARG+1A0100_005 1.000 1.000 1.000 1.000 1.000
PHE01A0101_001 1.000 1.000 1.000 1.000 1.000
ILE01A0102_001 1.000 1.000 1.000 1.000 1.000
LEU01A0103_001 1.000 1.000 1.000 1.000 1.000
MET01A0104_001 1.000 1.000 1.000 1.000 1.000
GLU01A0105_001 0.000 0.000 0.000 0.000 0.000
GLU01A0105_002 0.000 0.000 0.000 0.000 0.000
GLU02A0105_003 0.000 0.000 0.000 0.000 0.000
GLU02A0105_004 0.000 0.000 0.000 0.000 0.000
GLU-1A0105_005 1.000 1.000 1.000 1.000 1.000
LEU01A0106_001 1.000 1.000 1.000 1.000 1.000
MET01A0107_001 1.000 1.000 1.000 1.000 1.000
ALA01A0108_001 1.000 1.000 1.000 1.000 1.000
ASP01A0111_001 0.000 0.000 0.000 0.000 0.000
ASP01A0111_002 0.000 0.000 0.000 0.000 0.000
ASP02A0111_003 0.000 0.000 0.000 0.000 0.000
ASP02A0111_004 0.000 0.000 0.000 0.000 0.000
ASP-1A0111_005 1.000 1.000 1.000 1.000 1.000
LEU01A0112_001 1.000 1.000 1.000 1.000 1.000
LYS01A0113_001 0.295 0.296 0.302 0.297 0.292
LYS+1A0113_002 0.705 0.704 0.698 0.703 0.708
SER01A0114_001 0.177 0.170 0.181 0.174 0.170
SER01A0114_002 0.119 0.116 0.121 0.115 0.114
SER01A0114_003 0.704 0.715 0.698 0.711 0.716
PHE01A0115_001 1.000 1.000 1.000 1.000 1.000
LEU01A0116_001 1.000 1.000 1.000 1.000 1.000
ARG01A0117_001 0.000 0.000 0.000 0.000 0.000
ARG02A0117_002 0.000 0.000 0.000 0.000 0.000
ARG03A0117_003 0.000 0.000 0.000 0.000 0.000
ARG+1A0117_004 1.000 1.000 1.000 1.000 1.000
GLU01A0118_001 0.000 0.000 0.000 0.000 0.000
GLU01A0118_002 0.001 0.001 0.000 0.000 0.000
GLU02A0118_003 0.000 0.000 0.000 0.000 0.000
GLU02A0118_004 0.003 0.002 0.000 0.000 0.000
GLU-1A0118_005 0.996 0.997 1.000 1.000 1.000
THR01A0119_001 1.000 1.000 1.000 1.000 1.000
ARG01A0120_001 0.000 0.000 0.000 0.000 0.000
ARG02A0120_002 0.000 0.000 0.000 0.000 0.000
ARG02A0120_003 0.000 0.000 0.000 0.000 0.000
ARG03A0120_004 0.000 0.000 0.000 0.000 0.000
ARG+1A0120_005 1.000 1.000 1.000 1.000 1.000
PRO01A0121_001 1.000 1.000 1.000 1.000 1.000
ARG01A0122_001 0.000 0.000 0.000 0.000 0.000
ARG02A0122_002 0.000 0.000 0.000 0.000 0.000
ARG02A0122_003 0.000 0.000 0.000 0.000 0.000
ARG03A0122_004 0.000 0.000 0.000 0.000 0.000
ARG+1A0122_005 1.000 1.000 1.000 1.000 1.000
PRO01A0123_001 1.000 1.000 1.000 1.000 1.000
SER01A0124_001 1.000 1.000 1.000 1.000 1.000
GLN01A0125_001 0.028 0.030 0.027 0.029 0.026
GLN01A0125_002 0.972 0.970 0.973 0.971 0.974
PRO01A0126_001 1.000 1.000 1.000 1.000 1.000
SER01A0127_001 1.000 1.000 1.000 1.000 1.000
SER01A0128_001 1.000 1.000 1.000 1.000 1.000
LEU01A0129_001 1.000 1.000 1.000 1.000 1.000
ALA01A0130_001 1.000 1.000 1.000 1.000 1.000
MET01A0131_001 1.000 1.000 1.000 1.000 1.000
LEU01A0132_001 1.000 1.000 1.000 1.000 1.000
ASP01A0133_001 0.000 0.000 0.000 0.000 0.000
ASP01A0133_002 0.000 0.000 0.000 0.000 0.000
ASP02A0133_003 0.000 0.000 0.000 0.000 0.000
ASP02A0133_004 0.000 0.000 0.000 0.000 0.000
ASP-1A0133_005 1.000 1.000 1.000 1.000 1.000
LEU01A0134_001 1.000 1.000 1.000 1.000 1.000
LEU01A0135_001 1.000 1.000 1.000 1.000 1.000
HIS01A0136_001 0.121 0.117 0.116 0.117 0.116
HIS01A0136_002 0.062 0.063 0.062 0.062 0.063
HIS02A0136_003 0.281 0.276 0.284 0.282 0.280
HIS02A0136_004 0.191 0.189 0.193 0.194 0.186
HIS+1A0136_005 0.274 0.279 0.271 0.274 0.284
HIS+1A0136_006 0.071 0.076 0.073 0.072 0.072
VAL01A0137_001 1.000 1.000 1.000 1.000 1.000
ALA01A0138_001 1.000 1.000 1.000 1.000 1.000
ARG01A0139_001 0.000 0.000 0.000 0.000 0.000
ARG02A0139_002 0.000 0.000 0.000 0.000 0.000
ARG02A0139_003 0.000 0.000 0.000 0.000 0.000
ARG03A0139_004 0.000 0.000 0.000 0.000 0.000
ARG+1A0139_005 1.000 1.000 1.000 1.000 1.000
ASP01A0140_001 0.000 0.000 0.000 0.000 0.000
ASP01A0140_002 0.000 0.000 0.000 0.000 0.000
ASP02A0140_003 0.000 0.000 0.000 0.000 0.000
ASP02A0140_004 0.006 0.005 0.004 0.006 0.006
ASP-1A0140_005 0.994 0.995 0.996 0.994 0.994
ILE01A0141_001 1.000 1.000 1.000 1.000 1.000
ALA01A0142_001 1.000 1.000 1.000 1.000 1.000
CYS01A0143_001 0.269 0.271 0.265 0.268 0.273
CYS01A0143_002 0.357 0.356 0.358 0.350 0.356
CYS01A0143_003 0.375 0.373 0.377 0.381 0.370
CYS-1A0143_004 0.000 0.000 0.000 0.000 0.000
CYS01A0145_001 0.425 0.424 0.427 0.427 0.425
CYS01A0145_002 0.309 0.305 0.302 0.302 0.302
CYS01A0145_003 0.266 0.271 0.271 0.271 0.273
CYS-1A0145_004 0.000 0.000 0.000 0.000 0.000
GLN01A0146_001 0.169 0.172 0.169 0.173 0.170
GLN01A0146_002 0.831 0.828 0.831 0.827 0.830
TYR01A0147_001 1.000 1.000 1.000 1.000 1.000
TYR-1A0147_002 0.000 0.000 0.000 0.000 0.000
LEU01A0148_001 1.000 1.000 1.000 1.000 1.000
GLU01A0149_001 0.000 0.000 0.000 0.000 0.000
GLU01A0149_002 0.000 0.000 0.000 0.000 0.000
GLU02A0149_003 0.000 0.000 0.000 0.000 0.000
GLU02A0149_004 0.000 0.000 0.000 0.000 0.000
GLU-1A0149_005 1.000 1.000 1.000 1.000 1.000
GLU01A0150_001 0.000 0.000 0.000 0.000 0.000
GLU01A0150_002 0.000 0.001 0.000 0.000 0.001
GLU02A0150_003 0.000 0.000 0.000 0.000 0.000
GLU02A0150_004 0.003 0.001 0.003 0.000 0.000
GLU-1A0150_005 0.997 0.998 0.997 1.000 0.999
ASN01A0151_001 0.010 0.010 0.010 0.011 0.009
ASN01A0151_002 0.990 0.990 0.990 0.989 0.991
HIS01A0152_001 0.065 0.065 0.070 0.063 0.061
HIS01A0152_002 0.051 0.049 0.060 0.050 0.053
HIS02A0152_003 0.099 0.101 0.108 0.098 0.098
HIS02A0152_004 0.072 0.067 0.077 0.068 0.064
HIS+1A0152_005 0.454 0.455 0.424 0.464 0.457
HIS+1A0152_006 0.260 0.263 0.261 0.256 0.267
PHE01A0153_001 1.000 1.000 1.000 1.000 1.000
ILE01A0154_001 1.000 1.000 1.000 1.000 1.000
HIS01A0155_001 1.000 1.000 1.000 1.000 1.000
HIS02A0155_002 0.000 0.000 0.000 0.000 0.000
HIS+1A0155_003 0.000 0.000 0.000 0.000 0.000
ARG01A0156_001 0.000 0.000 0.000 0.000 0.000
ARG02A0156_002 0.000 0.000 0.000 0.000 0.000
ARG03A0156_003 0.000 0.000 0.000 0.000 0.000
ARG+1A0156_004 1.000 1.000 1.000 1.000 1.000
ASP01A0157_001 0.001 0.000 0.001 0.000 0.000
ASP01A0157_002 0.016 0.017 0.020 0.017 0.017
ASP02A0157_003 0.044 0.044 0.047 0.051 0.050
ASP02A0157_004 0.250 0.248 0.269 0.268 0.253
ASP-1A0157_005 0.689 0.691 0.662 0.665 0.680
ILE01A0158_001 1.000 1.000 1.000 1.000 1.000
ALA01A0159_001 1.000 1.000 1.000 1.000 1.000
ALA01A0160_001 1.000 1.000 1.000 1.000 1.000
ARG01A0161_001 0.000 0.000 0.000 0.000 0.000
ARG02A0161_002 0.000 0.000 0.000 0.000 0.000
ARG03A0161_003 0.000 0.000 0.000 0.000 0.000
ARG03A0161_004 0.000 0.000 0.000 0.000 0.000
ARG+1A0161_005 1.000 1.000 1.000 1.000 1.000
ASN01A0162_001 0.993 0.993 0.994 0.993 0.993
ASN01A0162_002 0.007 0.007 0.006 0.007 0.007
CYS01A0163_001 0.218 0.217 0.219 0.213 0.217
CYS01A0163_002 0.587 0.584 0.582 0.587 0.586
CYS01A0163_003 0.194 0.199 0.199 0.200 0.197
CYS-1A0163_004 0.000 0.000 0.000 0.000 0.000
LEU01A0164_001 1.000 1.000 1.000 1.000 1.000
LEU01A0165_001 1.000 1.000 1.000 1.000 1.000
THR01A0166_001 0.003 0.003 0.000 0.000 0.003
THR01A0166_002 0.997 0.997 1.000 1.000 0.997
CYS01A0167_001 0.128 0.129 0.133 0.129 0.128
CYS01A0167_002 0.170 0.170 0.174 0.176 0.171
CYS01A0167_003 0.666 0.662 0.659 0.658 0.666
CYS-1A0167_004 0.036 0.039 0.033 0.038 0.034
PRO01A0168_001 1.000 1.000 1.000 1.000 1.000
PRO01A0170_001 1.000 1.000 1.000 1.000 1.000
ARG01A0172_001 0.000 0.000 0.000 0.000 0.000
ARG02A0172_002 0.000 0.000 0.000 0.000 0.000
ARG02A0172_003 0.000 0.000 0.000 0.000 0.000
ARG03A0172_004 0.000 0.000 0.000 0.000 0.000
ARG03A0172_005 0.000 0.000 0.000 0.000 0.000
ARG+1A0172_006 1.000 1.000 1.000 1.000 1.000
VAL01A0173_001 1.000 1.000 1.000 1.000 1.000
ALA01A0174_001 1.000 1.000 1.000 1.000 1.000
LYS01A0175_001 0.000 0.000 0.000 0.000 0.000
LYS+1A0175_002 1.000 1.000 1.000 1.000 1.000
ILE01A0176_001 1.000 1.000 1.000 1.000 1.000
ASP01A0178_001 0.000 0.000 0.000 0.000 0.000
ASP01A0178_002 0.000 0.000 0.000 0.000 0.000
ASP02A0178_003 0.000 0.000 0.000 0.000 0.000
ASP02A0178_004 0.000 0.000 0.001 0.000 0.000
ASP-1A0178_005 1.000 1.000 0.999 1.000 1.000
PHE01A0179_001 1.000 1.000 1.000 1.000 1.000
MET01A0181_001 1.000 1.000 1.000 1.000 1.000
ALA01A0182_001 1.000 1.000 1.000 1.000 1.000
ARG01A0183_001 0.000 0.000 0.000 0.000 0.000
ARG02A0183_002 0.000 0.000 0.000 0.000 0.000
ARG03A0183_003 0.000 0.000 0.000 0.000 0.000
ARG03A0183_004 0.000 0.000 0.000 0.000 0.000
ARG+1A0183_005 1.000 1.000 1.000 1.000 1.000
ASP01A0184_001 0.000 0.000 0.000 0.000 0.000
ASP01A0184_002 0.000 0.001 0.000 0.001 0.000
ASP02A0184_003 0.000 0.000 0.000 0.000 0.000
ASP02A0184_004 0.005 0.004 0.004 0.002 0.000
ASP-1A0184_005 0.995 0.995 0.996 0.997 1.000
ILE01A0185_001 1.000 1.000 1.000 1.000 1.000
TYR01A0186_001 0.844 0.841 0.840 0.843 0.841
TYR01A0186_002 0.156 0.159 0.160 0.157 0.159
TYR-1A0186_003 0.000 0.000 0.000 0.000 0.000
ARG01A0187_001 0.000 0.000 0.000 0.000 0.000
ARG02A0187_002 0.000 0.000 0.000 0.000 0.000
ARG03A0187_003 0.000 0.000 0.000 0.000 0.000
ARG+1A0187_004 1.000 1.000 1.000 1.000 1.000
ALA01A0188_001 1.000 1.000 1.000 1.000 1.000
SER01A0189_001 1.000 1.000 1.000 1.000 1.000
TYR01A0190_001 0.446 0.445 0.445 0.446 0.445
TYR01A0190_002 0.554 0.553 0.555 0.554 0.555
TYR-1A0190_003 0.000 0.002 0.000 0.000 0.000
TYR01A0191_001 0.573 0.572 0.573 0.570 0.571
TYR01A0191_002 0.427 0.424 0.423 0.425 0.425
TYR-1A0191_003 0.000 0.004 0.004 0.005 0.004
ARG01A0192_001 0.000 0.000 0.000 0.000 0.000
ARG02A0192_002 0.000 0.000 0.000 0.000 0.000
ARG03A0192_003 0.000 0.000 0.000 0.000 0.000
ARG+1A0192_004 1.000 1.000 1.000 1.000 1.000
LYS01A0193_001 1.000 1.000 1.000 1.000 1.000
LYS+1A0193_002 0.000 0.000 0.000 0.000 0.000
CYS01A0196_001 0.282 0.286 0.286 0.280 0.285
CYS01A0196_002 0.292 0.293 0.289 0.287 0.294
CYS01A0196_003 0.312 0.321 0.314 0.313 0.312
CYS-1A0196_004 0.114 0.100 0.111 0.119 0.109
ALA01A0197_001 1.000 1.000 1.000 1.000 1.000
MET01A0198_001 1.000 1.000 1.000 1.000 1.000
LEU01A0199_001 1.000 1.000 1.000 1.000 1.000
PRO01A0200_001 1.000 1.000 1.000 1.000 1.000
VAL01A0201_001 1.000 1.000 1.000 1.000 1.000
LYS01A0202_001 0.000 0.000 0.000 0.002 0.002
LYS+1A0202_002 1.000 1.000 1.000 0.998 0.998
TRP01A0203_001 1.000 1.000 1.000 1.000 1.000
MET01A0204_001 1.000 1.000 1.000 1.000 1.000
PRO01A0205_001 1.000 1.000 1.000 1.000 1.000
PRO01A0206_001 1.000 1.000 1.000 1.000 1.000
GLU01A0207_001 0.000 0.000 0.000 0.000 0.000
GLU01A0207_002 0.000 0.000 0.000 0.000 0.000
GLU02A0207_003 0.000 0.000 0.000 0.000 0.000
GLU02A0207_004 0.000 0.000 0.000 0.000 0.000
GLU-1A0207_005 1.000 1.000 1.000 1.000 1.000
ALA01A0208_001 1.000 1.000 1.000 1.000 1.000
PHE01A0209_001 1.000 1.000 1.000 1.000 1.000
MET01A0210_001 1.000 1.000 1.000 1.000 1.000
GLU01A0211_001 0.000 0.000 0.000 0.000 0.000
GLU01A0211_002 0.000 0.000 0.000 0.000 0.000
GLU02A0211_003 0.000 0.000 0.000 0.000 0.000
GLU02A0211_004 0.000 0.000 0.001 0.000 0.000
GLU-1A0211_005 1.000 1.000 0.999 1.000 1.000
ILE01A0213_001 1.000 1.000 1.000 1.000 1.000
PHE01A0214_001 1.000 1.000 1.000 1.000 1.000
THR01A0215_001 1.000 1.000 1.000 1.000 1.000
THR01A0215_002 0.000 0.000 0.000 0.000 0.000
SER01A0216_001 1.000 1.000 1.000 1.000 1.000
LYS01A0217_001 0.000 0.000 0.000 0.000 0.000
LYS+1A0217_002 1.000 1.000 1.000 1.000 1.000
THR01A0218_001 0.909 0.911 0.908 0.907 0.906
THR01A0218_002 0.091 0.089 0.092 0.093 0.094
ASP01A0219_001 0.000 0.000 0.000 0.000 0.000
ASP01A0219_002 0.000 0.000 0.000 0.000 0.000
ASP02A0219_003 0.000 0.001 0.000 0.000 0.000
ASP02A0219_004 0.000 0.000 0.000 0.000 0.000
ASP-1A0219_005 1.000 0.999 1.000 1.000 1.000
THR01A0220_001 0.201 0.201 0.196 0.196 0.200
THR01A0220_002 0.799 0.799 0.804 0.804 0.800
TRP01A0221_001 1.000 1.000 1.000 1.000 1.000
SER01A0222_001 0.987 0.988 0.989 0.988 0.989
SER01A0222_002 0.013 0.012 0.011 0.012 0.011
PHE01A0223_001 1.000 1.000 1.000 1.000 1.000
VAL01A0225_001 1.000 1.000 1.000 1.000 1.000
LEU01A0226_001 1.000 1.000 1.000 1.000 1.000
LEU01A0227_001 1.000 1.000 1.000 1.000 1.000
TRP01A0228_001 1.000 1.000 1.000 1.000 1.000
GLU01A0229_001 0.000 0.000 0.000 0.000 0.000
GLU01A0229_002 0.000 0.000 0.000 0.000 0.000
GLU02A0229_003 0.000 0.000 0.000 0.000 0.000
GLU02A0229_004 0.000 0.000 0.000 0.000 0.001
GLU-1A0229_005 1.000 1.000 1.000 1.000 0.999
ILE01A0230_001 1.000 1.000 1.000 1.000 1.000
PHE01A0231_001 1.000 1.000 1.000 1.000 1.000
SER01A0232_001 0.532 0.527 0.529 0.523 0.526
SER01A0232_002 0.000 0.000 0.000 0.000 0.000
SER01A0232_003 0.467 0.473 0.471 0.477 0.474
LEU01A0233_001 1.000 1.000 1.000 1.000 1.000
TYR01A0235_001 0.917 0.914 0.914 0.912 0.912
TYR-1A0235_002 0.083 0.086 0.086 0.088 0.088
MET01A0236_001 1.000 1.000 1.000 1.000 1.000
PRO01A0237_001 1.000 1.000 1.000 1.000 1.000
TYR01A0238_001 1.000 1.000 1.000 1.000 1.000
TYR-1A0238_002 0.000 0.000 0.000 0.000 0.000
PRO01A0239_001 1.000 1.000 1.000 1.000 1.000
SER01A0240_001 0.988 0.987 0.987 0.989 0.988
SER01A0240_002 0.012 0.013 0.013 0.011 0.012
LYS01A0241_001 0.007 0.007 0.005 0.006 0.007
LYS+1A0241_002 0.993 0.993 0.995 0.994 0.993
SER01A0242_001 0.005 0.006 0.005 0.006 0.005
SER01A0242_002 0.995 0.994 0.995 0.994 0.995
ASN01A0243_001 0.998 0.998 0.998 1.000 0.998
ASN01A0243_002 0.002 0.002 0.002 0.000 0.002
GLN01A0244_001 0.926 0.930 0.929 0.928 0.930
GLN01A0244_002 0.074 0.070 0.071 0.072 0.070
GLU01A0245_001 0.000 0.000 0.000 0.000 0.000
GLU01A0245_002 0.000 0.000 0.000 0.000 0.000
GLU02A0245_003 0.000 0.000 0.000 0.000 0.000
GLU02A0245_004 0.000 0.000 0.000 0.000 0.000
GLU-1A0245_005 1.000 1.000 1.000 1.000 1.000
VAL01A0246_001 1.000 1.000 1.000 1.000 1.000
LEU01A0247_001 1.000 1.000 1.000 1.000 1.000
GLU01A0248_001 0.000 0.000 0.000 0.000 0.000
GLU01A0248_002 0.000 0.001 0.000 0.000 0.000
GLU02A0248_003 0.000 0.000 0.000 0.000 0.000
GLU02A0248_004 0.000 0.000 0.000 0.001 0.000
GLU-1A0248_005 1.000 0.999 1.000 0.999 1.000
PHE01A0249_001 1.000 1.000 1.000 1.000 1.000
VAL01A0250_001 1.000 1.000 1.000 1.000 1.000
THR01A0251_001 0.046 0.047 0.051 0.051 0.048
THR01A0251_002 0.954 0.953 0.949 0.949 0.952
SER01A0252_001 0.420 0.423 0.416 0.418 0.420
SER01A0252_002 0.580 0.577 0.584 0.582 0.580
ARG01A0255_001 0.000 0.000 0.000 0.000 0.000
ARG02A0255_002 0.000 0.000 0.000 0.000 0.000
ARG02A0255_003 0.000 0.000 0.000 0.000 0.000
ARG03A0255_004 0.000 0.000 0.000 0.000 0.000
ARG+1A0255_005 1.000 1.000 1.000 1.000 1.000
MET01A0256_001 1.000 1.000 1.000 1.000 1.000
ASP01A0257_001 0.000 0.000 0.000 0.000 0.000
ASP01A0257_002 0.000 0.000 0.000 0.000 0.000
ASP02A0257_003 0.000 0.000 0.000 0.000 0.000
ASP02A0257_004 0.000 0.000 0.000 0.000 0.000
ASP-1A0257_005 1.000 1.000 1.000 1.000 1.000
PRO01A0258_001 1.000 1.000 1.000 1.000 1.000
PRO01A0259_001 1.000 1.000 1.000 1.000 1.000
LYS01A0260_001 0.003 0.004 0.000 0.000 0.003
LYS+1A0260_002 0.997 0.996 1.000 1.000 0.997
ASN01A0261_001 0.963 0.966 0.963 0.964 0.963
ASN01A0261_002 0.037 0.034 0.037 0.036 0.037
CYS01A0262_001 0.348 0.351 0.352 0.347 0.354
CYS01A0262_002 0.341 0.342 0.338 0.342 0.341
CYS01A0262_003 0.311 0.307 0.310 0.311 0.305
CYS-1A0262_004 0.000 0.000 0.000 0.000 0.000
PRO01A0263_001 1.000 1.000 1.000 1.000 1.000
PRO01A0265_001 1.000 1.000 1.000 1.000 1.000
VAL01A0266_001 1.000 1.000 1.000 1.000 1.000
TYR01A0267_001 0.986 0.985 0.986 0.984 0.985
TYR01A0267_002 0.014 0.015 0.014 0.016 0.015
TYR-1A0267_003 0.000 0.000 0.000 0.000 0.000
ARG01A0268_001 0.000 0.000 0.000 0.000 0.000
ARG02A0268_002 0.000 0.000 0.000 0.000 0.000
ARG03A0268_003 0.000 0.000 0.000 0.000 0.000
ARG+1A0268_004 1.000 1.000 1.000 1.000 1.000
ILE01A0269_001 1.000 1.000 1.000 1.000 1.000
MET01A0270_001 1.000 1.000 1.000 1.000 1.000
THR01A0271_001 0.016 0.016 0.015 0.017 0.015
THR01A0271_002 0.984 0.984 0.985 0.983 0.985
GLN01A0272_001 0.167 0.167 0.164 0.177 0.169
GLN01A0272_002 0.833 0.833 0.836 0.823 0.831
CYS01A0273_001 0.363 0.361 0.365 0.362 0.362
CYS01A0273_002 0.328 0.333 0.331 0.330 0.329
CYS01A0273_003 0.310 0.306 0.304 0.308 0.310
CYS-1A0273_004 0.000 0.000 0.000 0.000 0.000
TRP01A0274_001 1.000 1.000 1.000 1.000 1.000
GLN01A0275_001 0.692 0.691 0.688 0.686 0.691
GLN01A0275_002 0.308 0.309 0.312 0.314 0.309
HIS01A0276_001 0.400 0.389 0.381 0.395 0.392
HIS01A0276_002 0.190 0.184 0.185 0.183 0.190
HIS02A0276_003 0.290 0.300 0.298 0.304 0.296
HIS02A0276_004 0.103 0.107 0.114 0.103 0.102
HIS+1A0276_005 0.010 0.012 0.013 0.009 0.020
HIS+1A0276_006 0.008 0.008 0.009 0.006 0.000
GLN01A0277_001 0.280 0.281 0.283 0.277 0.282
GLN01A0277_002 0.720 0.719 0.717 0.723 0.718
PRO01A0278_001 1.000 1.000 1.000 1.000 1.000
GLU01A0279_001 0.000 0.000 0.000 0.000 0.000
GLU01A0279_002 0.000 0.000 0.000 0.000 0.000
GLU02A0279_003 0.000 0.000 0.000 0.000 0.000
GLU02A0279_004 0.000 0.000 0.000 0.000 0.000
GLU-1A0279_005 1.000 1.000 1.000 1.000 1.000
ASP01A0280_001 0.000 0.000 0.000 0.000 0.000
ASP01A0280_002 0.000 0.000 0.001 0.000 0.001
ASP02A0280_003 0.000 0.000 0.000 0.000 0.000
ASP02A0280_004 0.000 0.000 0.000 0.000 0.000
ASP-1A0280_005 1.000 1.000 0.999 1.000 0.999
ARG01A0281_001 0.000 0.000 0.000 0.000 0.000
ARG02A0281_002 0.000 0.000 0.000 0.000 0.000
ARG02A0281_003 0.000 0.000 0.000 0.000 0.000
ARG03A0281_004 0.000 0.000 0.000 0.000 0.000
ARG03A0281_005 0.000 0.000 0.000 0.000 0.000
ARG+1A0281_006 1.000 1.000 1.000 1.000 1.000
PRO01A0282_001 1.000 1.000 1.000 1.000 1.000
ASN01A0283_001 1.000 1.000 1.000 1.000 1.000
PHE01A0284_001 1.000 1.000 1.000 1.000 1.000
ALA01A0285_001 1.000 1.000 1.000 1.000 1.000
ILE01A0286_001 1.000 1.000 1.000 1.000 1.000
ILE01A0287_001 1.000 1.000 1.000 1.000 1.000
LEU01A0288_001 1.000 1.000 1.000 1.000 1.000
GLU01A0289_001 0.000 0.000 0.000 0.000 0.000
GLU01A0289_002 0.000 0.000 0.000 0.000 0.000
GLU02A0289_003 0.000 0.000 0.000 0.000 0.000
GLU02A0289_004 0.000 0.001 0.000 0.000 0.000
GLU-1A0289_005 1.000 0.999 1.000 1.000 1.000
ARG01A0290_001 0.000 0.000 0.000 0.000 0.000
ARG02A0290_002 0.000 0.000 0.000 0.000 0.000
ARG02A0290_003 0.000 0.000 0.000 0.000 0.000
ARG03A0290_004 0.000 0.000 0.000 0.000 0.000
ARG+1A0290_005 1.000 1.000 1.000 1.000 1.000
ILE01A0291_001 1.000 1.000 1.000 1.000 1.000
GLU01A0292_001 0.000 0.000 0.001 0.000 0.000
GLU01A0292_002 0.008 0.012 0.008 0.000 0.009
GLU02A0292_003 0.000 0.000 0.000 0.000 0.000
GLU02A0292_004 0.002 0.000 0.002 0.000 0.002
GLU-1A0292_005 0.990 0.988 0.990 1.000 0.989
TYR01A0293_001 0.996 0.995 0.996 0.996 0.994
TYR-1A0293_002 0.004 0.005 0.004 0.004 0.006
CYS01A0294_001 0.080 0.082 0.080 0.079 0.085
CYS01A0294_002 0.761 0.761 0.758 0.765 0.758
CYS01A0294_003 0.160 0.157 0.163 0.157 0.158
CYS-1A0294_004 0.000 0.000 0.000 0.000 0.000
THR01A0295_001 0.611 0.625 0.619 0.616 0.623
THR01A0295_002 0.050 0.049 0.050 0.050 0.049
THR01A0295_003 0.339 0.326 0.331 0.334 0.328
GLN01A0296_001 0.449 0.452 0.449 0.453 0.454
GLN01A0296_002 0.551 0.548 0.551 0.547 0.546
ASP01A0297_001 0.000 0.000 0.000 0.000 0.000
ASP01A0297_002 0.000 0.000 0.000 0.000 0.000
ASP02A0297_003 0.000 0.000 0.000 0.000 0.000
ASP02A0297_004 0.000 0.000 0.000 0.001 0.000
ASP-1A0297_005 1.000 1.000 1.000 0.999 1.000
PRO01A0298_001 1.000 1.000 1.000 1.000 1.000
ASP01A0299_001 0.000 0.000 0.000 0.000 0.000
ASP01A0299_002 0.000 0.000 0.000 0.000 0.000
ASP02A0299_003 0.000 0.000 0.000 0.000 0.000
ASP02A0299_004 0.000 0.000 0.000 0.000 0.000
ASP-1A0299_005 1.000 1.000 1.000 1.000 1.000
VAL01A0300_001 1.000 1.000 1.000 1.000 1.000
ILE01A0301_001 1.000 1.000 1.000 1.000 1.000
ASN01A0302_001 0.827 0.829 0.828 0.831 0.830
ASN01A0302_002 0.173 0.171 0.172 0.169 0.170
THR01A0303_001 1.000 1.000 1.000 1.000 1.000
ALA01A0304_001 1.000 1.000 1.000 1.000 1.000
LEU01A0305_001 1.000 1.000 1.000 1.000 1.000
PRO01A0306_001 1.000 1.000 1.000 1.000 1.000
ILE01A0307_001 1.000 1.000 1.000 1.000 1.000
GLU01A0308_001 0.000 0.000 0.000 0.000 0.000
GLU01A0308_002 0.000 0.000 0.000 0.000 0.000
GLU02A0308_003 0.000 0.000 0.000 0.000 0.000
GLU02A0308_004 0.000 0.000 0.000 0.000 0.000
GLU-1A0308_005 1.000 1.000 1.000 1.000 1.000
TYR01A0309_001 0.990 0.991 0.992 0.991 0.991
TYR-1A0309_002 0.010 0.009 0.008 0.009 0.009
