 ph              7.4   7.4   7.4   7.4   7.4
SER01A0002_001 1.000 1.000 1.000 1.000 1.000
PRO01A0003_001 1.000 1.000 1.000 1.000 1.000
ASN01A0004_001 0.000 0.001 0.000 0.000 0.000
ASN01A0004_002 1.000 0.999 1.000 1.000 1.000
TYR01A0005_001 0.999 1.000 1.000 1.000 1.000
TYR-1A0005_002 0.001 0.000 0.000 0.000 0.000
ASP01A0006_001 0.000 0.000 0.000 0.000 0.000
ASP01A0006_002 0.000 0.000 0.000 0.000 0.000
ASP02A0006_003 0.000 0.000 0.000 0.000 0.000
ASP02A0006_004 0.000 0.000 0.000 0.000 0.000
ASP-1A0006_005 1.000 1.000 1.000 1.000 1.000
LYS01A0007_001 0.000 0.000 0.000 0.001 0.001
LYS+1A0007_002 1.000 1.000 1.000 0.999 0.999
TRP01A0008_001 1.000 1.000 1.000 1.000 1.000
GLU01A0009_001 0.000 0.000 0.000 0.000 0.000
GLU01A0009_002 0.000 0.000 0.000 0.000 0.000
GLU02A0009_003 0.000 0.000 0.000 0.000 0.000
GLU02A0009_004 0.000 0.000 0.000 0.000 0.000
GLU-1A0009_005 1.000 1.000 1.000 1.000 1.000
MET01A0010_001 1.000 1.000 1.000 1.000 1.000
GLU01A0011_001 0.000 0.000 0.000 0.000 0.000
GLU01A0011_002 0.001 0.000 0.000 0.001 0.000
GLU02A0011_003 0.000 0.000 0.000 0.000 0.000
GLU02A0011_004 0.000 0.000 0.000 0.000 0.000
GLU-1A0011_005 0.999 1.000 0.999 0.999 1.000
ARG01A0012_001 0.000 0.000 0.000 0.000 0.000
ARG02A0012_002 0.000 0.000 0.000 0.000 0.000
ARG02A0012_003 0.000 0.000 0.000 0.000 0.000
ARG03A0012_004 0.000 0.000 0.000 0.000 0.000
ARG03A0012_005 0.000 0.000 0.000 0.000 0.000
ARG+1A0012_006 1.000 1.000 1.000 1.000 1.000
THR01A0013_001 1.000 1.000 1.000 1.000 1.000
ASP01A0014_001 0.000 0.000 0.000 0.000 0.000
ASP01A0014_002 0.003 0.002 0.003 0.002 0.001
ASP02A0014_003 0.000 0.000 0.000 0.000 0.000
ASP02A0014_004 0.003 0.000 0.000 0.002 0.002
ASP-1A0014_005 0.995 0.998 0.997 0.997 0.997
ILE01A0015_001 1.000 1.000 1.000 1.000 1.000
THR01A0016_001 0.080 0.080 0.080 0.086 0.077
THR01A0016_002 0.023 0.023 0.025 0.024 0.022
THR01A0016_003 0.897 0.896 0.895 0.890 0.901
MET01A0017_001 1.000 1.000 1.000 1.000 1.000
LYS01A0018_001 0.000 0.000 0.000 0.000 0.000
LYS+1A0018_002 1.000 1.000 1.000 1.000 1.000
HIS01A0019_001 0.150 0.157 0.154 0.154 0.156
HIS01A0019_002 0.597 0.588 0.588 0.589 0.584
HIS02A0019_003 0.059 0.062 0.062 0.063 0.063
HIS02A0019_004 0.081 0.080 0.083 0.082 0.084
HIS+1A0019_005 0.055 0.053 0.055 0.054 0.052
HIS+1A0019_006 0.058 0.060 0.057 0.057 0.060
LYS01A0020_001 0.000 0.000 0.000 0.000 0.000
LYS+1A0020_002 1.000 1.000 1.000 1.000 1.000
LEU01A0021_001 1.000 1.000 1.000 1.000 1.000
GLN01A0025_001 0.500 0.502 0.506 0.507 0.506
GLN01A0025_002 0.500 0.498 0.494 0.493 0.494
TYR01A0026_001 1.000 1.000 1.000 1.000 1.000
TYR-1A0026_002 0.000 0.000 0.000 0.000 0.000
GLU01A0028_001 0.000 0.000 0.000 0.000 0.000
GLU01A0028_002 0.000 0.000 0.000 0.000 0.000
GLU02A0028_003 0.000 0.000 0.000 0.000 0.000
GLU02A0028_004 0.000 0.000 0.000 0.000 0.000
GLU-1A0028_005 1.000 1.000 1.000 1.000 1.000
VAL01A0029_001 1.000 1.000 1.000 1.000 1.000
TYR01A0030_001 0.631 0.628 0.626 0.627 0.638
TYR01A0030_002 0.369 0.372 0.374 0.373 0.362
TYR-1A0030_003 0.000 0.000 0.000 0.000 0.000
GLU01A0031_001 0.000 0.000 0.000 0.000 0.000
GLU01A0031_002 0.008 0.010 0.010 0.011 0.013
GLU02A0031_003 0.000 0.000 0.000 0.000 0.000
GLU02A0031_004 0.003 0.003 0.003 0.004 0.003
GLU-1A0031_005 0.989 0.987 0.987 0.986 0.984
VAL01A0033_001 1.000 1.000 1.000 1.000 1.000
TRP01A0034_001 1.000 1.000 1.000 1.000 1.000
LYS01A0035_001 0.007 0.008 0.006 0.008 0.007
LYS+1A0035_002 0.993 0.992 0.994 0.992 0.993
LYS01A0036_001 0.000 0.001 0.000 0.000 0.001
LYS+1A0036_002 1.000 0.999 1.000 1.000 0.999
TYR01A0037_001 0.517 0.515 0.515 0.519 0.514
TYR01A0037_002 0.483 0.485 0.485 0.481 0.486
TYR-1A0037_003 0.000 0.000 0.000 0.000 0.000
SER01A0038_001 0.332 0.334 0.334 0.331 0.337
SER01A0038_002 0.668 0.666 0.666 0.669 0.663
LEU01A0039_001 1.000 1.000 1.000 1.000 1.000
THR01A0040_001 0.305 0.305 0.309 0.307 0.303
THR01A0040_002 0.695 0.695 0.691 0.693 0.697
VAL01A0041_001 1.000 1.000 1.000 1.000 1.000
ALA01A0042_001 1.000 1.000 1.000 1.000 1.000
VAL01A0043_001 1.000 1.000 1.000 1.000 1.000
LYS01A0044_001 0.000 0.000 0.000 0.000 0.000
LYS+1A0044_002 1.000 1.000 1.000 1.000 1.000
THR01A0045_001 1.000 1.000 1.000 1.000 1.000
LEU01A0046_001 1.000 1.000 1.000 1.000 1.000
LYS01A0047_001 0.000 0.000 0.000 0.000 0.000
LYS+1A0047_002 1.000 1.000 1.000 1.000 1.000
GLU01A0048_001 0.000 0.000 0.000 0.000 0.000
GLU01A0048_002 0.000 0.000 0.000 0.000 0.000
GLU02A0048_003 0.000 0.000 0.000 0.000 0.000
GLU02A0048_004 0.000 0.000 0.000 0.000 0.000
GLU-1A0048_005 1.000 1.000 1.000 1.000 1.000
ASP01A0049_001 0.000 0.000 0.000 0.000 0.000
ASP01A0049_002 0.000 0.000 0.000 0.000 0.000
ASP02A0049_003 0.000 0.000 0.000 0.000 0.000
ASP02A0049_004 0.000 0.000 0.000 0.000 0.000
ASP-1A0049_005 1.000 1.000 1.000 1.000 1.000
THR01A0050_001 1.000 1.000 1.000 1.000 1.000
MET01A0051_001 1.000 1.000 1.000 1.000 1.000
GLU01A0052_001 0.000 0.000 0.000 0.000 0.000
GLU01A0052_002 0.000 0.003 0.000 0.000 0.003
GLU02A0052_003 0.000 0.000 0.000 0.000 0.000
GLU02A0052_004 0.000 0.000 0.000 0.000 0.000
GLU-1A0052_005 1.000 0.997 1.000 1.000 0.997
VAL01A0053_001 1.000 1.000 1.000 1.000 1.000
GLU01A0054_001 0.000 0.000 0.000 0.000 0.000
GLU01A0054_002 0.003 0.005 0.004 0.000 0.000
GLU02A0054_003 0.000 0.000 0.000 0.000 0.000
GLU02A0054_004 0.001 0.000 0.000 0.000 0.000
GLU-1A0054_005 0.996 0.995 0.996 1.000 1.000
GLU01A0055_001 0.000 0.000 0.000 0.000 0.000
GLU01A0055_002 0.000 0.000 0.000 0.000 0.000
GLU02A0055_003 0.000 0.000 0.000 0.000 0.000
GLU02A0055_004 0.002 0.002 0.000 0.000 0.000
GLU-1A0055_005 0.998 0.998 1.000 1.000 1.000
PHE01A0056_001 1.000 1.000 1.000 1.000 1.000
LEU01A0057_001 1.000 1.000 1.000 1.000 1.000
LYS01A0058_001 0.000 0.000 0.000 0.000 0.000
LYS+1A0058_002 1.000 1.000 1.000 1.000 1.000
GLU01A0059_001 0.000 0.000 0.000 0.000 0.000
GLU01A0059_002 0.000 0.000 0.000 0.000 0.000
GLU02A0059_003 0.000 0.000 0.000 0.000 0.000
GLU02A0059_004 0.000 0.000 0.000 0.000 0.000
GLU-1A0059_005 1.000 1.000 1.000 1.000 1.000
ALA01A0060_001 1.000 1.000 1.000 1.000 1.000
ALA01A0061_001 1.000 1.000 1.000 1.000 1.000
VAL01A0062_001 1.000 1.000 1.000 1.000 1.000
MET01A0063_001 1.000 1.000 1.000 1.000 1.000
LYS01A0064_001 0.003 0.003 0.003 0.003 0.004
LYS+1A0064_002 0.997 0.997 0.997 0.997 0.996
GLU01A0065_001 0.000 0.000 0.000 0.000 0.000
GLU01A0065_002 0.000 0.000 0.000 0.000 0.000
GLU02A0065_003 0.000 0.000 0.000 0.000 0.000
GLU02A0065_004 0.000 0.000 0.000 0.000 0.000
GLU-1A0065_005 1.000 1.000 1.000 1.000 1.000
ILE01A0066_001 1.000 1.000 1.000 1.000 1.000
LYS01A0067_001 0.006 0.006 0.005 0.006 0.006
LYS+1A0067_002 0.994 0.994 0.995 0.994 0.994
HIS01A0068_001 1.000 1.000 1.000 1.000 1.000
HIS01A0068_002 0.000 0.000 0.000 0.000 0.000
HIS02A0068_003 0.000 0.000 0.000 0.000 0.000
HIS02A0068_004 0.000 0.000 0.000 0.000 0.000
HIS+1A0068_005 0.000 0.000 0.000 0.000 0.000
HIS+1A0068_006 0.000 0.000 0.000 0.000 0.000
PRO01A0069_001 1.000 1.000 1.000 1.000 1.000
ASN01A0070_001 0.968 0.967 0.967 0.967 0.969
ASN01A0070_002 0.032 0.033 0.033 0.033 0.031
LEU01A0071_001 1.000 1.000 1.000 1.000 1.000
VAL01A0072_001 1.000 1.000 1.000 1.000 1.000
GLN01A0073_001 0.859 0.863 0.858 0.860 0.864
GLN01A0073_002 0.141 0.137 0.142 0.140 0.136
LEU01A0074_001 1.000 1.000 1.000 1.000 1.000
LEU01A0075_001 1.000 1.000 1.000 1.000 1.000
VAL01A0077_001 1.000 1.000 1.000 1.000 1.000
CYS01A0078_001 0.762 0.764 0.766 0.771 0.771
CYS01A0078_002 0.133 0.129 0.126 0.122 0.123
CYS01A0078_003 0.105 0.107 0.108 0.106 0.106
CYS-1A0078_004 0.000 0.000 0.000 0.000 0.000
THR01A0079_001 0.098 0.099 0.099 0.101 0.098
THR01A0079_002 0.527 0.525 0.530 0.524 0.525
THR01A0079_003 0.375 0.376 0.371 0.375 0.376
ARG01A0080_001 0.000 0.000 0.000 0.000 0.000
ARG02A0080_002 0.000 0.000 0.000 0.000 0.000
ARG03A0080_003 0.000 0.000 0.000 0.000 0.000
ARG+1A0080_004 1.000 1.000 1.000 1.000 1.000
GLU01A0081_001 0.000 0.000 0.000 0.000 0.000
GLU01A0081_002 0.000 0.000 0.000 0.000 0.000
GLU02A0081_003 0.000 0.000 0.000 0.000 0.000
GLU02A0081_004 0.000 0.000 0.000 0.000 0.000
GLU-1A0081_005 1.000 1.000 1.000 1.000 1.000
PRO01A0082_001 1.000 1.000 1.000 1.000 1.000
PRO01A0083_001 1.000 1.000 1.000 1.000 1.000
PHE01A0084_001 1.000 1.000 1.000 1.000 1.000
TYR01A0085_001 1.000 1.000 1.000 1.000 1.000
TYR-1A0085_002 0.000 0.000 0.000 0.000 0.000
ILE01A0086_001 1.000 1.000 1.000 1.000 1.000
ILE01A0087_001 1.000 1.000 1.000 1.000 1.000
ILE01A0088_001 1.000 1.000 1.000 1.000 1.000
GLU01A0089_001 0.000 0.000 0.000 0.000 0.000
GLU01A0089_002 0.000 0.000 0.000 0.000 0.000
GLU02A0089_003 0.000 0.000 0.000 0.000 0.000
GLU02A0089_004 0.002 0.000 0.000 0.000 0.000
GLU-1A0089_005 0.998 1.000 1.000 1.000 1.000
PHE01A0090_001 1.000 1.000 1.000 1.000 1.000
MET01A0091_001 1.000 1.000 1.000 1.000 1.000
THR01A0092_001 0.068 0.069 0.069 0.067 0.069
THR01A0092_002 0.040 0.037 0.040 0.037 0.037
THR01A0092_003 0.892 0.894 0.891 0.896 0.894
TYR01A0093_001 0.426 0.432 0.428 0.426 0.426
TYR01A0093_002 0.574 0.568 0.572 0.574 0.574
TYR-1A0093_003 0.000 0.000 0.000 0.000 0.000
ASN01A0095_001 1.000 1.000 1.000 1.000 1.000
ASN01A0095_002 0.000 0.000 0.000 0.000 0.000
LEU01A0096_001 1.000 1.000 1.000 1.000 1.000
LEU01A0097_001 1.000 1.000 1.000 1.000 1.000
ASP01A0098_001 0.000 0.000 0.000 0.000 0.000
ASP01A0098_002 0.000 0.000 0.000 0.000 0.000
ASP02A0098_003 0.000 0.000 0.000 0.000 0.000
ASP02A0098_004 0.000 0.000 0.000 0.000 0.000
ASP-1A0098_005 1.000 1.000 1.000 1.000 1.000
TYR01A0099_001 0.583 0.588 0.588 0.581 0.579
TYR01A0099_002 0.417 0.412 0.412 0.419 0.421
TYR-1A0099_003 0.000 0.000 0.000 0.000 0.000
LEU01A0100_001 1.000 1.000 1.000 1.000 1.000
ARG01A0101_001 0.000 0.000 0.000 0.000 0.000
ARG02A0101_002 0.000 0.000 0.000 0.000 0.000
ARG03A0101_003 0.000 0.000 0.000 0.000 0.000
ARG+1A0101_004 1.000 1.000 1.000 1.000 1.000
GLU01A0102_001 0.000 0.000 0.000 0.000 0.000
GLU01A0102_002 0.003 0.004 0.003 0.003 0.003
GLU02A0102_003 0.000 0.000 0.000 0.000 0.000
GLU02A0102_004 0.007 0.007 0.006 0.007 0.006
GLU-1A0102_005 0.990 0.990 0.991 0.990 0.992
CYS01A0103_001 0.781 0.771 0.776 0.771 0.772
CYS01A0103_002 0.071 0.074 0.076 0.073 0.073
CYS01A0103_003 0.148 0.156 0.148 0.156 0.155
CYS-1A0103_004 0.000 0.000 0.000 0.000 0.000
ASN01A0104_001 1.000 1.000 1.000 1.000 1.000
ARG01A0105_001 0.000 0.000 0.000 0.000 0.000
ARG02A0105_002 0.000 0.000 0.000 0.000 0.000
ARG03A0105_003 0.000 0.000 0.000 0.000 0.000
ARG+1A0105_004 1.000 1.000 1.000 1.000 1.000
GLN01A0106_001 0.034 0.035 0.034 0.035 0.033
GLN01A0106_002 0.966 0.965 0.966 0.965 0.967
GLU01A0107_001 0.000 0.000 0.000 0.000 0.000
GLU01A0107_002 0.000 0.000 0.000 0.000 0.000
GLU02A0107_003 0.000 0.000 0.000 0.000 0.000
GLU02A0107_004 0.002 0.000 0.000 0.001 0.000
GLU-1A0107_005 0.998 1.000 1.000 0.999 1.000
VAL01A0108_001 1.000 1.000 1.000 1.000 1.000
SER01A0109_001 0.012 0.013 0.013 0.015 0.012
SER01A0109_002 0.988 0.987 0.987 0.985 0.988
ALA01A0110_001 1.000 1.000 1.000 1.000 1.000
VAL01A0111_001 1.000 1.000 1.000 1.000 1.000
VAL01A0112_001 1.000 1.000 1.000 1.000 1.000
LEU01A0113_001 1.000 1.000 1.000 1.000 1.000
LEU01A0114_001 1.000 1.000 1.000 1.000 1.000
TYR01A0115_001 1.000 1.000 1.000 1.000 1.000
TYR-1A0115_002 0.000 0.000 0.000 0.000 0.000
MET01A0116_001 1.000 1.000 1.000 1.000 1.000
ALA01A0117_001 1.000 1.000 1.000 1.000 1.000
THR01A0118_001 0.026 0.024 0.023 0.024 0.024
THR01A0118_002 0.974 0.976 0.977 0.976 0.976
GLN01A0119_001 1.000 1.000 1.000 1.000 1.000
GLN01A0119_002 0.000 0.000 0.000 0.000 0.000
ILE01A0120_001 1.000 1.000 1.000 1.000 1.000
SER01A0121_001 0.748 0.750 0.752 0.745 0.747
SER01A0121_002 0.252 0.250 0.248 0.255 0.253
SER01A0122_001 0.051 0.050 0.049 0.050 0.051
SER01A0122_002 0.949 0.950 0.951 0.950 0.949
ALA01A0123_001 1.000 1.000 1.000 1.000 1.000
MET01A0124_001 1.000 1.000 1.000 1.000 1.000
GLU01A0125_001 0.000 0.000 0.000 0.000 0.000
GLU01A0125_002 0.003 0.005 0.003 0.003 0.007
GLU02A0125_003 0.000 0.000 0.000 0.000 0.000
GLU02A0125_004 0.003 0.000 0.002 0.002 0.000
GLU-1A0125_005 0.994 0.995 0.995 0.994 0.993
TYR01A0126_001 1.000 1.000 1.000 1.000 1.000
TYR-1A0126_002 0.000 0.000 0.000 0.000 0.000
LEU01A0127_001 1.000 1.000 1.000 1.000 1.000
GLU01A0128_001 0.000 0.000 0.000 0.000 0.000
GLU01A0128_002 0.000 0.000 0.000 0.000 0.000
GLU02A0128_003 0.000 0.000 0.000 0.000 0.000
GLU02A0128_004 0.000 0.000 0.000 0.000 0.000
GLU-1A0128_005 1.000 1.000 1.000 1.000 1.000
LYS01A0129_001 0.000 0.000 0.000 0.000 0.000
LYS+1A0129_002 1.000 1.000 1.000 1.000 1.000
LYS01A0130_001 0.001 0.002 0.002 0.000 0.000
LYS+1A0130_002 0.999 0.998 0.998 1.000 1.000
ASN01A0131_001 0.397 0.398 0.401 0.401 0.402
ASN01A0131_002 0.603 0.602 0.599 0.599 0.598
PHE01A0132_001 1.000 1.000 1.000 1.000 1.000
ILE01A0133_001 1.000 1.000 1.000 1.000 1.000
HIS01A0134_001 1.000 1.000 1.000 1.000 1.000
HIS02A0134_002 0.000 0.000 0.000 0.000 0.000
HIS+1A0134_003 0.000 0.000 0.000 0.000 0.000
ARG01A0135_001 0.000 0.000 0.000 0.000 0.000
ARG02A0135_002 0.000 0.000 0.000 0.000 0.000
ARG03A0135_003 0.000 0.000 0.000 0.000 0.000
ARG+1A0135_004 1.000 1.000 1.000 1.000 1.000
ASP01A0136_001 0.000 0.000 0.000 0.000 0.000
ASP01A0136_002 0.001 0.001 0.000 0.002 0.000
ASP02A0136_003 0.000 0.000 0.000 0.000 0.000
ASP02A0136_004 0.000 0.000 0.000 0.000 0.000
ASP-1A0136_005 0.999 0.998 1.000 0.998 0.999
LEU01A0137_001 1.000 1.000 1.000 1.000 1.000
ALA01A0138_001 1.000 1.000 1.000 1.000 1.000
ALA01A0139_001 1.000 1.000 1.000 1.000 1.000
ARG01A0140_001 0.000 0.000 0.000 0.000 0.000
ARG02A0140_002 0.000 0.000 0.000 0.000 0.000
ARG03A0140_003 0.000 0.000 0.000 0.000 0.000
ARG03A0140_004 0.000 0.000 0.000 0.000 0.000
ARG+1A0140_005 1.000 1.000 1.000 1.000 1.000
ASN01A0141_001 1.000 1.000 1.000 1.000 1.000
ASN01A0141_002 0.000 0.000 0.000 0.000 0.000
CYS01A0142_001 0.164 0.162 0.161 0.165 0.157
CYS01A0142_002 0.659 0.661 0.663 0.661 0.664
CYS01A0142_003 0.177 0.176 0.177 0.174 0.179
CYS-1A0142_004 0.000 0.000 0.000 0.000 0.000
LEU01A0143_001 1.000 1.000 1.000 1.000 1.000
VAL01A0144_001 1.000 1.000 1.000 1.000 1.000
GLU01A0146_001 0.000 0.000 0.000 0.000 0.000
GLU01A0146_002 0.000 0.000 0.000 0.000 0.000
GLU02A0146_003 0.000 0.000 0.000 0.000 0.000
GLU02A0146_004 0.000 0.006 0.006 0.006 0.005
GLU-1A0146_005 1.000 0.994 0.994 0.994 0.995
ASN01A0147_001 0.651 0.656 0.656 0.653 0.653
ASN01A0147_002 0.349 0.344 0.344 0.347 0.347
HIS01A0148_001 0.000 0.000 0.000 0.000 0.000
HIS01A0148_002 0.492 0.488 0.481 0.494 0.492
HIS02A0148_003 0.000 0.000 0.000 0.000 0.000
HIS02A0148_004 0.385 0.385 0.390 0.385 0.383
HIS+1A0148_005 0.000 0.000 0.000 0.000 0.000
HIS+1A0148_006 0.123 0.127 0.129 0.121 0.125
LEU01A0149_001 1.000 1.000 1.000 1.000 1.000
VAL01A0150_001 1.000 1.000 1.000 1.000 1.000
LYS01A0151_001 0.001 0.000 0.000 0.000 0.000
LYS+1A0151_002 0.999 1.000 1.000 1.000 1.000
VAL01A0152_001 1.000 1.000 1.000 1.000 1.000
ALA01A0153_001 1.000 1.000 1.000 1.000 1.000
ASP01A0154_001 0.000 0.000 0.000 0.000 0.000
ASP01A0154_002 0.000 0.000 0.000 0.001 0.001
ASP02A0154_003 0.000 0.000 0.000 0.000 0.000
ASP02A0154_004 0.005 0.004 0.005 0.002 0.003
ASP-1A0154_005 0.995 0.996 0.995 0.997 0.996
PHE01A0155_001 1.000 1.000 1.000 1.000 1.000
LEU01A0157_001 1.000 1.000 1.000 1.000 1.000
SER01A0158_001 0.820 0.817 0.816 0.820 0.815
SER01A0158_002 0.180 0.183 0.184 0.180 0.185
ARG01A0159_001 0.000 0.000 0.000 0.000 0.000
ARG02A0159_002 0.000 0.000 0.000 0.000 0.000
ARG03A0159_003 0.000 0.000 0.000 0.000 0.000
ARG+1A0159_004 1.000 1.000 1.000 1.000 1.000
LEU01A0160_001 1.000 1.000 1.000 1.000 1.000
MET01A0161_001 1.000 1.000 1.000 1.000 1.000
THR01A0162_001 0.422 0.420 0.428 0.425 0.426
THR01A0162_002 0.578 0.580 0.572 0.575 0.574
ASP01A0164_001 0.000 0.000 0.000 0.000 0.000
ASP01A0164_002 0.000 0.000 0.000 0.000 0.000
ASP02A0164_003 0.000 0.000 0.000 0.000 0.000
ASP02A0164_004 0.000 0.000 0.000 0.000 0.000
ASP-1A0164_005 1.000 1.000 1.000 1.000 1.000
THR01A0165_001 0.893 0.892 0.894 0.895 0.897
THR01A0165_002 0.107 0.108 0.106 0.105 0.103
TYR01A0166_001 0.002 0.003 0.002 0.002 0.002
TYR01A0166_002 0.998 0.997 0.998 0.998 0.998
TYR-1A0166_003 0.000 0.000 0.000 0.000 0.000
THR01A0167_001 0.107 0.108 0.109 0.105 0.101
THR01A0167_002 0.893 0.892 0.891 0.895 0.899
ALA01A0168_001 1.000 1.000 1.000 1.000 1.000
HIS01A0169_001 0.000 0.005 0.005 0.005 0.005
HIS01A0169_002 0.774 0.766 0.779 0.768 0.773
HIS02A0169_003 0.044 0.040 0.040 0.042 0.041
HIS02A0169_004 0.122 0.128 0.124 0.128 0.122
HIS+1A0169_005 0.000 0.000 0.001 0.000 0.000
HIS+1A0169_006 0.060 0.061 0.052 0.058 0.060
ALA01A0170_001 1.000 1.000 1.000 1.000 1.000
ALA01A0172_001 1.000 1.000 1.000 1.000 1.000
LYS01A0173_001 0.021 0.019 0.019 0.019 0.019
LYS+1A0173_002 0.979 0.981 0.981 0.981 0.981
PHE01A0174_001 1.000 1.000 1.000 1.000 1.000
PRO01A0175_001 1.000 1.000 1.000 1.000 1.000
ILE01A0176_001 1.000 1.000 1.000 1.000 1.000
LYS01A0177_001 0.017 0.018 0.018 0.018 0.019
LYS+1A0177_002 0.983 0.982 0.982 0.982 0.981
TRP01A0178_001 1.000 1.000 1.000 1.000 1.000
THR01A0179_001 0.288 0.288 0.293 0.284 0.288
THR01A0179_002 0.712 0.712 0.707 0.716 0.712
ALA01A0180_001 1.000 1.000 1.000 1.000 1.000
PRO01A0181_001 1.000 1.000 1.000 1.000 1.000
GLU01A0182_001 0.000 0.000 0.000 0.000 0.000
GLU01A0182_002 0.000 0.000 0.000 0.000 0.000
GLU02A0182_003 0.000 0.000 0.000 0.000 0.000
GLU02A0182_004 0.000 0.000 0.000 0.000 0.000
GLU-1A0182_005 1.000 1.000 1.000 1.000 1.000
SER01A0183_001 0.836 0.830 0.838 0.835 0.840
SER01A0183_002 0.028 0.028 0.027 0.028 0.026
SER01A0183_003 0.136 0.142 0.135 0.137 0.134
LEU01A0184_001 1.000 1.000 1.000 1.000 1.000
ALA01A0185_001 1.000 1.000 1.000 1.000 1.000
TYR01A0186_001 0.464 0.463 0.461 0.465 0.462
TYR01A0186_002 0.536 0.537 0.539 0.535 0.538
TYR-1A0186_003 0.000 0.000 0.000 0.000 0.000
ASN01A0187_001 0.000 0.000 0.000 0.000 0.000
ASN01A0187_002 1.000 1.000 1.000 1.000 1.000
LYS01A0188_001 0.000 0.000 0.000 0.000 0.000
LYS+1A0188_002 1.000 1.000 1.000 1.000 1.000
PHE01A0189_001 1.000 1.000 1.000 1.000 1.000
SER01A0190_001 1.000 0.999 1.000 1.000 1.000
SER01A0190_002 0.000 0.001 0.000 0.000 0.000
ILE01A0191_001 1.000 1.000 1.000 1.000 1.000
LYS01A0192_001 0.000 0.000 0.000 0.000 0.000
LYS+1A0192_002 1.000 1.000 1.000 1.000 1.000
SER01A0193_001 0.000 0.000 0.000 0.000 0.000
SER01A0193_002 1.000 1.000 1.000 1.000 1.000
ASP01A0194_001 0.000 0.000 0.000 0.000 0.000
ASP01A0194_002 0.000 0.000 0.000 0.000 0.000
ASP02A0194_003 0.000 0.000 0.000 0.000 0.000
ASP02A0194_004 0.000 0.000 0.000 0.000 0.000
ASP-1A0194_005 1.000 1.000 1.000 1.000 1.000
VAL01A0195_001 1.000 1.000 1.000 1.000 1.000
TRP01A0196_001 1.000 1.000 1.000 1.000 1.000
ALA01A0197_001 1.000 1.000 1.000 1.000 1.000
PHE01A0198_001 1.000 1.000 1.000 1.000 1.000
VAL01A0200_001 1.000 1.000 1.000 1.000 1.000
LEU01A0201_001 1.000 1.000 1.000 1.000 1.000
LEU01A0202_001 1.000 1.000 1.000 1.000 1.000
TRP01A0203_001 1.000 1.000 1.000 1.000 1.000
GLU01A0204_001 0.000 0.000 0.000 0.000 0.000
GLU01A0204_002 0.000 0.000 0.000 0.000 0.000
GLU02A0204_003 0.000 0.000 0.000 0.000 0.000
GLU02A0204_004 0.000 0.000 0.000 0.000 0.000
GLU-1A0204_005 1.000 1.000 1.000 1.000 1.000
ILE01A0205_001 1.000 1.000 1.000 1.000 1.000
ALA01A0206_001 1.000 1.000 1.000 1.000 1.000
THR01A0207_001 0.364 0.358 0.352 0.355 0.363
THR01A0207_002 0.000 0.000 0.000 0.000 0.000
THR01A0207_003 0.636 0.642 0.648 0.645 0.637
TYR01A0208_001 1.000 1.000 1.000 1.000 1.000
TYR01A0208_002 0.000 0.000 0.000 0.000 0.000
TYR-1A0208_003 0.000 0.000 0.000 0.000 0.000
MET01A0210_001 1.000 1.000 1.000 1.000 1.000
SER01A0211_001 1.000 1.000 1.000 1.000 1.000
PRO01A0212_001 1.000 1.000 1.000 1.000 1.000
TYR01A0213_001 1.000 1.000 1.000 1.000 1.000
TYR-1A0213_002 0.000 0.000 0.000 0.000 0.000
PRO01A0214_001 1.000 1.000 1.000 1.000 1.000
ILE01A0216_001 1.000 1.000 1.000 1.000 1.000
ASP01A0217_001 0.000 0.000 0.000 0.000 0.000
ASP01A0217_002 0.000 0.000 0.001 0.000 0.000
ASP02A0217_003 0.000 0.000 0.000 0.000 0.000
ASP02A0217_004 0.000 0.000 0.000 0.000 0.000
ASP-1A0217_005 1.000 1.000 0.999 1.000 1.000
LEU01A0218_001 1.000 1.000 1.000 1.000 1.000
SER01A0219_001 0.026 0.024 0.022 0.023 0.023
SER01A0219_002 0.040 0.043 0.039 0.041 0.042
SER01A0219_003 0.933 0.934 0.939 0.936 0.934
GLN01A0220_001 0.840 0.840 0.832 0.840 0.837
GLN01A0220_002 0.160 0.160 0.168 0.160 0.163
VAL01A0221_001 1.000 1.000 1.000 1.000 1.000
TYR01A0222_001 0.311 0.313 0.310 0.309 0.314
TYR01A0222_002 0.689 0.687 0.690 0.691 0.686
TYR-1A0222_003 0.000 0.000 0.000 0.000 0.000
GLU01A0223_001 0.000 0.000 0.000 0.000 0.000
GLU01A0223_002 0.001 0.000 0.000 0.000 0.000
GLU02A0223_003 0.000 0.000 0.000 0.000 0.000
GLU02A0223_004 0.001 0.002 0.000 0.000 0.000
GLU-1A0223_005 0.998 0.998 1.000 1.000 1.000
LEU01A0224_001 1.000 1.000 1.000 1.000 1.000
LEU01A0225_001 1.000 1.000 1.000 1.000 1.000
GLU01A0226_001 0.000 0.000 0.000 0.000 0.000
GLU01A0226_002 0.001 0.000 0.000 0.001 0.000
GLU02A0226_003 0.000 0.000 0.000 0.000 0.000
GLU02A0226_004 0.002 0.006 0.000 0.003 0.000
GLU-1A0226_005 0.996 0.994 1.000 0.996 1.000
LYS01A0227_001 0.000 0.000 0.000 0.000 0.000
LYS+1A0227_002 1.000 1.000 1.000 1.000 1.000
ASP01A0228_001 0.000 0.000 0.000 0.000 0.000
ASP01A0228_002 0.000 0.000 0.000 0.000 0.000
ASP02A0228_003 0.000 0.000 0.000 0.000 0.000
ASP02A0228_004 0.000 0.000 0.000 0.000 0.000
ASP-1A0228_005 1.000 1.000 1.000 1.000 1.000
TYR01A0229_001 1.000 1.000 1.000 1.000 1.000
TYR-1A0229_002 0.000 0.000 0.000 0.000 0.000
ARG01A0230_001 0.000 0.000 0.000 0.000 0.000
ARG02A0230_002 0.000 0.000 0.000 0.000 0.000
ARG02A0230_003 0.000 0.000 0.000 0.000 0.000
ARG03A0230_004 0.000 0.000 0.000 0.000 0.000
ARG+1A0230_005 1.000 1.000 1.000 1.000 1.000
MET01A0231_001 1.000 1.000 1.000 1.000 1.000
GLU01A0232_001 0.000 0.000 0.000 0.000 0.000
GLU01A0232_002 0.000 0.000 0.000 0.000 0.000
GLU02A0232_003 0.000 0.000 0.000 0.000 0.000
GLU02A0232_004 0.000 0.000 0.000 0.000 0.000
GLU-1A0232_005 1.000 1.000 1.000 1.000 1.000
ARG01A0233_001 0.000 0.000 0.000 0.000 0.000
ARG02A0233_002 0.000 0.000 0.000 0.000 0.000
ARG03A0233_003 0.000 0.000 0.000 0.000 0.000
ARG+1A0233_004 1.000 1.000 1.000 1.000 1.000
PRO01A0234_001 1.000 1.000 1.000 1.000 1.000
GLU01A0235_001 0.000 0.000 0.000 0.000 0.000
GLU01A0235_002 0.000 0.000 0.000 0.000 0.000
GLU02A0235_003 0.000 0.000 0.000 0.000 0.000
GLU02A0235_004 0.000 0.000 0.000 0.000 0.000
GLU-1A0235_005 1.000 1.000 1.000 1.000 1.000
CYS01A0237_001 0.283 0.289 0.286 0.288 0.291
CYS01A0237_002 0.519 0.517 0.518 0.518 0.522
CYS01A0237_003 0.197 0.195 0.196 0.194 0.187
CYS-1A0237_004 0.000 0.000 0.000 0.000 0.000
PRO01A0238_001 1.000 1.000 1.000 1.000 1.000
GLU01A0239_001 0.000 0.000 0.000 0.000 0.000
GLU01A0239_002 0.001 0.000 0.002 0.000 0.000
GLU02A0239_003 0.000 0.000 0.000 0.000 0.000
GLU02A0239_004 0.000 0.000 0.000 0.000 0.000
GLU-1A0239_005 0.999 1.000 0.998 1.000 1.000
LYS01A0240_001 0.000 0.000 0.000 0.000 0.000
LYS+1A0240_002 1.000 1.000 1.000 1.000 1.000
VAL01A0241_001 1.000 1.000 1.000 1.000 1.000
TYR01A0242_001 0.994 0.994 0.994 0.994 0.994
TYR01A0242_002 0.006 0.006 0.006 0.006 0.006
TYR-1A0242_003 0.000 0.000 0.000 0.000 0.000
GLU01A0243_001 0.000 0.000 0.000 0.000 0.000
GLU01A0243_002 0.002 0.000 0.003 0.000 0.003
GLU02A0243_003 0.000 0.000 0.000 0.000 0.000
GLU02A0243_004 0.001 0.000 0.002 0.000 0.001
GLU-1A0243_005 0.997 1.000 0.996 1.000 0.996
LEU01A0244_001 1.000 1.000 1.000 1.000 1.000
MET01A0245_001 1.000 1.000 1.000 1.000 1.000
ARG01A0246_001 0.000 0.000 0.000 0.000 0.000
ARG02A0246_002 0.000 0.000 0.000 0.000 0.000
ARG02A0246_003 0.000 0.000 0.000 0.000 0.000
ARG03A0246_004 0.000 0.000 0.000 0.000 0.000
ARG+1A0246_005 1.000 1.000 1.000 1.000 1.000
ALA01A0247_001 1.000 1.000 1.000 1.000 1.000
CYS01A0248_001 0.310 0.309 0.313 0.317 0.311
CYS01A0248_002 0.424 0.435 0.425 0.424 0.431
CYS01A0248_003 0.266 0.256 0.262 0.260 0.258
CYS-1A0248_004 0.000 0.000 0.000 0.000 0.000
TRP01A0249_001 1.000 1.000 1.000 1.000 1.000
GLN01A0250_001 0.937 0.938 0.939 0.940 0.936
GLN01A0250_002 0.063 0.062 0.061 0.060 0.064
TRP01A0251_001 1.000 1.000 1.000 1.000 1.000
ASN01A0252_001 1.000 1.000 1.000 1.000 1.000
ASN01A0252_002 0.000 0.000 0.000 0.000 0.000
PRO01A0253_001 1.000 1.000 1.000 1.000 1.000
SER01A0254_001 0.006 0.006 0.007 0.008 0.007
SER01A0254_002 0.093 0.091 0.097 0.095 0.102
SER01A0254_003 0.901 0.902 0.896 0.897 0.891
ASP01A0255_001 0.000 0.000 0.000 0.000 0.000
ASP01A0255_002 0.000 0.001 0.000 0.000 0.000
ASP02A0255_003 0.000 0.000 0.000 0.000 0.000
ASP02A0255_004 0.000 0.001 0.000 0.000 0.000
ASP-1A0255_005 1.000 0.999 1.000 1.000 1.000
ARG01A0256_001 0.000 0.000 0.000 0.000 0.000
ARG02A0256_002 0.000 0.000 0.000 0.000 0.000
ARG02A0256_003 0.000 0.000 0.000 0.000 0.000
ARG03A0256_004 0.000 0.000 0.000 0.000 0.000
ARG03A0256_005 0.000 0.000 0.000 0.000 0.000
ARG+1A0256_006 1.000 1.000 1.000 1.000 1.000
PRO01A0257_001 1.000 1.000 1.000 1.000 1.000
SER01A0258_001 0.019 0.018 0.018 0.018 0.019
SER01A0258_002 0.000 0.000 0.000 0.000 0.000
SER01A0258_003 0.981 0.982 0.982 0.982 0.981
PHE01A0259_001 1.000 1.000 1.000 1.000 1.000
ALA01A0260_001 1.000 1.000 1.000 1.000 1.000
GLU01A0261_001 0.000 0.000 0.000 0.000 0.000
GLU01A0261_002 0.000 0.000 0.000 0.000 0.000
GLU02A0261_003 0.000 0.000 0.000 0.000 0.000
GLU02A0261_004 0.000 0.000 0.000 0.000 0.000
GLU-1A0261_005 1.000 1.000 1.000 1.000 1.000
ILE01A0262_001 1.000 1.000 1.000 1.000 1.000
HIS01A0263_001 0.006 0.005 0.006 0.007 0.006
HIS01A0263_002 0.071 0.065 0.065 0.071 0.070
HIS02A0263_003 0.521 0.510 0.506 0.513 0.534
HIS02A0263_004 0.042 0.039 0.038 0.040 0.039
HIS+1A0263_005 0.105 0.111 0.110 0.107 0.098
HIS+1A0263_006 0.255 0.270 0.274 0.262 0.254
GLN01A0264_001 0.377 0.377 0.377 0.380 0.385
GLN01A0264_002 0.623 0.623 0.623 0.620 0.615
ALA01A0265_001 1.000 1.000 1.000 1.000 1.000
PHE01A0266_001 1.000 1.000 1.000 1.000 1.000
GLU01A0267_001 0.000 0.000 0.000 0.000 0.000
GLU01A0267_002 0.004 0.000 0.004 0.006 0.003
GLU02A0267_003 0.000 0.000 0.000 0.000 0.000
GLU02A0267_004 0.005 0.009 0.004 0.000 0.005
GLU-1A0267_005 0.991 0.991 0.991 0.994 0.991
THR01A0268_001 0.345 0.339 0.339 0.337 0.338
THR01A0268_002 0.655 0.661 0.661 0.663 0.662
MET01A0269_001 1.000 1.000 1.000 1.000 1.000
PHE01A0270_001 1.000 1.000 1.000 1.000 1.000
GLN01A0271_001 1.000 1.000 1.000 1.000 1.000
GLU01A0272_001 0.000 0.000 0.000 0.000 0.000
GLU01A0272_002 0.000 0.000 0.000 0.000 0.000
GLU02A0272_003 0.000 0.000 0.000 0.000 0.000
GLU02A0272_004 0.000 0.000 0.000 0.000 0.000
GLU-1A0272_005 1.000 1.000 1.000 1.000 1.000
SER01A0273_001 1.000 1.000 1.000 1.000 1.000
SER01A0274_001 1.000 1.000 1.000 1.000 1.000
ILE01A0275_001 1.000 1.000 1.000 1.000 1.000
SER01A0276_001 1.000 1.000 1.000 1.000 1.000
ASP01A0277_001 0.000 0.000 0.000 0.000 0.000
ASP01A0277_002 0.004 0.004 0.000 0.000 0.005
ASP02A0277_003 0.000 0.000 0.000 0.000 0.000
ASP02A0277_004 0.001 0.000 0.000 0.000 0.000
ASP-1A0277_005 0.995 0.996 1.000 1.000 0.995
GLU01A0278_001 0.000 0.000 0.000 0.000 0.000
GLU01A0278_002 0.000 0.000 0.000 0.000 0.000
GLU02A0278_003 0.000 0.000 0.000 0.000 0.000
GLU02A0278_004 0.000 0.000 0.000 0.000 0.000
GLU-1A0278_005 1.000 1.000 1.000 1.000 1.000
VAL01A0279_001 1.000 1.000 1.000 1.000 1.000
GLU01A0280_001 0.000 0.000 0.000 0.000 0.000
GLU01A0280_002 0.000 0.002 0.000 0.000 0.002
GLU02A0280_003 0.000 0.000 0.000 0.000 0.000
GLU02A0280_004 0.000 0.000 0.000 0.003 0.000
GLU-1A0280_005 1.000 0.998 1.000 0.997 0.998
LYS01A0281_001 0.000 0.000 0.000 0.000 0.000
LYS+1A0281_002 1.000 1.000 1.000 1.000 1.000
GLU01A0282_001 0.001 0.001 0.000 0.002 0.001
GLU01A0282_002 0.007 0.010 0.011 0.011 0.007
GLU02A0282_003 0.000 0.000 0.000 0.000 0.000
GLU02A0282_004 0.001 0.001 0.001 0.000 0.002
GLU-1A0282_005 0.990 0.988 0.988 0.987 0.990
LEU01A0283_001 1.000 1.000 1.000 1.000 1.000
LYS01A0285_001 0.000 0.000 0.000 0.000 0.000
LYS+1A0285_002 1.000 1.000 1.000 1.000 1.000
ARG01A0286_001 0.000 0.000 0.000 0.000 0.000
ARG02A0286_002 0.000 0.000 0.000 0.000 0.000
ARG02A0286_003 0.000 0.000 0.000 0.000 0.000
ARG03A0286_004 0.000 0.000 0.000 0.000 0.000
ARG+1A0286_005 1.000 1.000 1.000 1.000 1.000
THR01A0288_001 1.000 1.000 1.000 1.000 1.000
SER01B0002_001 1.000 1.000 1.000 1.000 1.000
PRO01B0003_001 1.000 1.000 1.000 1.000 1.000
ASN01B0004_001 0.000 0.000 0.000 0.000 0.000
ASN01B0004_002 1.000 1.000 1.000 1.000 1.000
TYR01B0005_001 1.000 1.000 1.000 1.000 0.999
TYR-1B0005_002 0.000 0.000 0.000 0.000 0.001
ASP01B0006_001 0.000 0.000 0.000 0.000 0.000
ASP01B0006_002 0.000 0.000 0.000 0.000 0.000
ASP02B0006_003 0.000 0.000 0.000 0.000 0.000
ASP02B0006_004 0.000 0.000 0.000 0.000 0.000
ASP-1B0006_005 1.000 1.000 1.000 1.000 1.000
LYS01B0007_001 0.000 0.000 0.000 0.000 0.000
LYS+1B0007_002 1.000 1.000 1.000 1.000 1.000
TRP01B0008_001 1.000 1.000 1.000 1.000 1.000
GLU01B0009_001 0.000 0.000 0.000 0.000 0.000
GLU01B0009_002 0.000 0.000 0.000 0.000 0.000
GLU02B0009_003 0.000 0.000 0.000 0.000 0.000
GLU02B0009_004 0.000 0.000 0.000 0.000 0.000
GLU-1B0009_005 1.000 1.000 1.000 1.000 1.000
MET01B0010_001 1.000 1.000 1.000 1.000 1.000
GLU01B0011_001 0.000 0.000 0.000 0.000 0.000
GLU01B0011_002 0.000 0.000 0.000 0.000 0.000
GLU02B0011_003 0.000 0.000 0.000 0.000 0.000
GLU02B0011_004 0.000 0.000 0.000 0.000 0.000
GLU-1B0011_005 1.000 1.000 1.000 1.000 1.000
ARG01B0012_001 0.000 0.000 0.000 0.000 0.000
ARG02B0012_002 0.000 0.000 0.000 0.000 0.000
ARG03B0012_003 0.000 0.000 0.000 0.000 0.000
ARG03B0012_004 0.000 0.000 0.000 0.000 0.000
ARG+1B0012_005 1.000 1.000 1.000 1.000 1.000
THR01B0013_001 1.000 1.000 1.000 1.000 1.000
ASP01B0014_001 0.000 0.000 0.000 0.000 0.000
ASP01B0014_002 0.000 0.000 0.000 0.000 0.000
ASP02B0014_003 0.000 0.000 0.000 0.000 0.000
ASP02B0014_004 0.000 0.002 0.000 0.000 0.002
ASP-1B0014_005 1.000 0.998 1.000 1.000 0.998
ILE01B0015_001 1.000 1.000 1.000 1.000 1.000
THR01B0016_001 0.153 0.154 0.152 0.154 0.160
THR01B0016_002 0.847 0.846 0.848 0.846 0.840
MET01B0017_001 1.000 1.000 1.000 1.000 1.000
LYS01B0018_001 0.002 0.001 0.000 0.002 0.000
LYS+1B0018_002 0.998 0.999 1.000 0.998 1.000
HIS01B0019_001 0.182 0.173 0.182 0.179 0.183
HIS01B0019_002 0.553 0.562 0.554 0.540 0.556
HIS02B0019_003 0.067 0.066 0.064 0.068 0.066
HIS02B0019_004 0.095 0.090 0.097 0.096 0.092
HIS+1B0019_005 0.048 0.049 0.047 0.054 0.045
HIS+1B0019_006 0.055 0.060 0.056 0.063 0.058
LYS01B0020_001 0.000 0.000 0.000 0.000 0.000
LYS+1B0020_002 1.000 1.000 1.000 1.000 1.000
LEU01B0021_001 1.000 1.000 1.000 1.000 1.000
GLN01B0025_001 0.242 0.237 0.238 0.238 0.239
GLN01B0025_002 0.758 0.763 0.762 0.762 0.761
TYR01B0026_001 0.832 0.828 0.832 0.828 0.825
TYR01B0026_002 0.168 0.172 0.168 0.172 0.175
TYR-1B0026_003 0.000 0.000 0.000 0.000 0.000
GLU01B0028_001 0.000 0.000 0.000 0.000 0.000
GLU01B0028_002 0.000 0.000 0.000 0.000 0.000
GLU02B0028_003 0.000 0.000 0.000 0.000 0.000
GLU02B0028_004 0.000 0.000 0.000 0.000 0.000
GLU-1B0028_005 1.000 1.000 1.000 1.000 1.000
VAL01B0029_001 1.000 1.000 1.000 1.000 1.000
TYR01B0030_001 0.681 0.688 0.683 0.687 0.689
TYR01B0030_002 0.319 0.312 0.317 0.313 0.311
TYR-1B0030_003 0.000 0.000 0.000 0.000 0.000
GLU01B0031_001 0.000 0.000 0.000 0.000 0.000
GLU01B0031_002 0.009 0.009 0.012 0.011 0.009
GLU02B0031_003 0.000 0.000 0.000 0.000 0.000
GLU02B0031_004 0.003 0.004 0.004 0.004 0.003
GLU-1B0031_005 0.988 0.987 0.984 0.986 0.988
VAL01B0033_001 1.000 1.000 1.000 1.000 1.000
TRP01B0034_001 1.000 1.000 1.000 1.000 1.000
LYS01B0035_001 0.000 0.000 0.001 0.001 0.000
LYS+1B0035_002 1.000 1.000 0.999 0.999 1.000
LYS01B0036_001 0.000 0.000 0.001 0.000 0.000
LYS+1B0036_002 1.000 1.000 0.999 1.000 1.000
TYR01B0037_001 0.995 0.995 0.994 0.995 0.995
TYR-1B0037_002 0.005 0.005 0.006 0.005 0.005
SER01B0038_001 0.688 0.684 0.682 0.686 0.688
SER01B0038_002 0.312 0.316 0.318 0.314 0.312
LEU01B0039_001 1.000 1.000 1.000 1.000 1.000
THR01B0040_001 1.000 1.000 1.000 1.000 1.000
VAL01B0041_001 1.000 1.000 1.000 1.000 1.000
ALA01B0042_001 1.000 1.000 1.000 1.000 1.000
VAL01B0043_001 1.000 1.000 1.000 1.000 1.000
LYS01B0044_001 0.000 0.000 0.000 0.000 0.000
LYS+1B0044_002 1.000 1.000 1.000 1.000 1.000
THR01B0045_001 1.000 1.000 1.000 1.000 1.000
LEU01B0046_001 1.000 1.000 1.000 1.000 1.000
LYS01B0047_001 0.000 0.000 0.000 0.000 0.001
LYS+1B0047_002 1.000 1.000 1.000 1.000 0.999
GLU01B0048_001 0.000 0.000 0.000 0.000 0.000
GLU01B0048_002 0.000 0.000 0.000 0.000 0.000
GLU02B0048_003 0.000 0.000 0.000 0.000 0.000
GLU02B0048_004 0.000 0.000 0.003 0.000 0.000
GLU-1B0048_005 1.000 1.000 0.997 1.000 1.000
ASP01B0049_001 0.000 0.000 0.000 0.000 0.000
ASP01B0049_002 0.002 0.002 0.000 0.000 0.000
ASP02B0049_003 0.000 0.000 0.000 0.000 0.000
ASP02B0049_004 0.000 0.000 0.000 0.000 0.000
ASP-1B0049_005 0.998 0.998 1.000 1.000 1.000
THR01B0050_001 1.000 1.000 1.000 1.000 1.000
THR01B0050_002 0.000 0.000 0.000 0.000 0.000
MET01B0051_001 1.000 1.000 1.000 1.000 1.000
GLU01B0052_001 0.000 0.000 0.000 0.000 0.000
GLU01B0052_002 0.001 0.000 0.000 0.000 0.000
GLU02B0052_003 0.000 0.000 0.000 0.000 0.000
GLU02B0052_004 0.001 0.000 0.001 0.000 0.000
GLU-1B0052_005 0.999 1.000 0.999 1.000 1.000
VAL01B0053_001 1.000 1.000 1.000 1.000 1.000
GLU01B0054_001 0.000 0.000 0.000 0.000 0.000
GLU01B0054_002 0.000 0.002 0.004 0.004 0.003
GLU02B0054_003 0.000 0.000 0.000 0.000 0.000
GLU02B0054_004 0.000 0.001 0.000 0.000 0.001
GLU-1B0054_005 1.000 0.997 0.996 0.996 0.997
GLU01B0055_001 0.000 0.000 0.000 0.000 0.000
GLU01B0055_002 0.000 0.000 0.000 0.000 0.002
GLU02B0055_003 0.000 0.000 0.000 0.000 0.000
GLU02B0055_004 0.002 0.003 0.000 0.000 0.000
GLU-1B0055_005 0.998 0.997 1.000 1.000 0.998
PHE01B0056_001 1.000 1.000 1.000 1.000 1.000
LEU01B0057_001 1.000 1.000 1.000 1.000 1.000
LYS01B0058_001 0.000 0.000 0.000 0.000 0.000
LYS+1B0058_002 1.000 1.000 1.000 1.000 1.000
GLU01B0059_001 0.000 0.000 0.000 0.000 0.000
GLU01B0059_002 0.000 0.000 0.000 0.000 0.000
GLU02B0059_003 0.000 0.000 0.000 0.000 0.000
GLU02B0059_004 0.000 0.000 0.000 0.000 0.000
GLU-1B0059_005 1.000 1.000 1.000 1.000 1.000
ALA01B0060_001 1.000 1.000 1.000 1.000 1.000
ALA01B0061_001 1.000 1.000 1.000 1.000 1.000
VAL01B0062_001 1.000 1.000 1.000 1.000 1.000
MET01B0063_001 1.000 1.000 1.000 1.000 1.000
LYS01B0064_001 0.003 0.003 0.003 0.003 0.000
LYS+1B0064_002 0.997 0.997 0.997 0.997 1.000
GLU01B0065_001 0.000 0.000 0.000 0.000 0.000
GLU01B0065_002 0.000 0.000 0.000 0.000 0.000
GLU02B0065_003 0.000 0.000 0.000 0.000 0.000
GLU02B0065_004 0.000 0.000 0.000 0.000 0.000
GLU-1B0065_005 1.000 1.000 1.000 1.000 1.000
ILE01B0066_001 1.000 1.000 1.000 1.000 1.000
LYS01B0067_001 0.001 0.001 0.000 0.000 0.000
LYS+1B0067_002 0.999 0.999 1.000 1.000 1.000
HIS01B0068_001 1.000 1.000 1.000 1.000 1.000
HIS02B0068_002 0.000 0.000 0.000 0.000 0.000
HIS+1B0068_003 0.000 0.000 0.000 0.000 0.000
PRO01B0069_001 1.000 1.000 1.000 1.000 1.000
ASN01B0070_001 0.975 0.974 0.976 0.974 0.978
ASN01B0070_002 0.025 0.026 0.024 0.026 0.022
LEU01B0071_001 1.000 1.000 1.000 1.000 1.000
VAL01B0072_001 1.000 1.000 1.000 1.000 1.000
GLN01B0073_001 0.867 0.866 0.870 0.870 0.868
GLN01B0073_002 0.133 0.134 0.130 0.130 0.132
LEU01B0074_001 1.000 1.000 1.000 1.000 1.000
LEU01B0075_001 1.000 1.000 1.000 1.000 1.000
VAL01B0077_001 1.000 1.000 1.000 1.000 1.000
CYS01B0078_001 0.873 0.866 0.862 0.869 0.862
CYS01B0078_002 0.054 0.057 0.057 0.054 0.054
CYS01B0078_003 0.074 0.076 0.081 0.077 0.084
CYS-1B0078_004 0.000 0.000 0.000 0.000 0.000
THR01B0079_001 0.184 0.183 0.187 0.185 0.185
THR01B0079_002 0.285 0.289 0.286 0.283 0.284
THR01B0079_003 0.531 0.529 0.528 0.532 0.532
ARG01B0080_001 0.000 0.000 0.000 0.000 0.000
ARG02B0080_002 0.000 0.000 0.000 0.000 0.000
ARG03B0080_003 0.000 0.000 0.000 0.000 0.000
ARG+1B0080_004 1.000 1.000 1.000 1.000 1.000
GLU01B0081_001 0.000 0.000 0.000 0.000 0.000
GLU01B0081_002 0.000 0.000 0.000 0.000 0.000
GLU02B0081_003 0.000 0.000 0.000 0.000 0.000
GLU02B0081_004 0.000 0.000 0.000 0.000 0.000
GLU-1B0081_005 1.000 1.000 1.000 1.000 1.000
PRO01B0082_001 1.000 1.000 1.000 1.000 1.000
PRO01B0083_001 1.000 1.000 1.000 1.000 1.000
PHE01B0084_001 1.000 1.000 1.000 1.000 1.000
TYR01B0085_001 0.508 0.509 0.509 0.509 0.513
TYR01B0085_002 0.492 0.491 0.491 0.491 0.487
TYR-1B0085_003 0.000 0.000 0.000 0.000 0.000
ILE01B0086_001 1.000 1.000 1.000 1.000 1.000
ILE01B0087_001 1.000 1.000 1.000 1.000 1.000
ILE01B0088_001 1.000 1.000 1.000 1.000 1.000
GLU01B0089_001 0.000 0.000 0.000 0.000 0.000
GLU01B0089_002 0.000 0.000 0.000 0.000 0.000
GLU02B0089_003 0.000 0.000 0.000 0.000 0.000
GLU02B0089_004 0.000 0.000 0.000 0.000 0.000
GLU-1B0089_005 0.999 1.000 1.000 1.000 1.000
PHE01B0090_001 1.000 1.000 1.000 1.000 1.000
MET01B0091_001 1.000 1.000 1.000 1.000 1.000
THR01B0092_001 0.462 0.462 0.459 0.459 0.460
THR01B0092_002 0.043 0.047 0.047 0.045 0.047
THR01B0092_003 0.495 0.492 0.494 0.496 0.493
TYR01B0093_001 0.475 0.474 0.479 0.478 0.479
TYR01B0093_002 0.525 0.526 0.521 0.522 0.521
TYR-1B0093_003 0.000 0.000 0.000 0.000 0.000
ASN01B0095_001 0.994 0.995 0.996 0.996 0.995
ASN01B0095_002 0.006 0.005 0.004 0.004 0.005
LEU01B0096_001 1.000 1.000 1.000 1.000 1.000
LEU01B0097_001 1.000 1.000 1.000 1.000 1.000
ASP01B0098_001 0.000 0.000 0.000 0.000 0.000
ASP01B0098_002 0.000 0.000 0.000 0.000 0.000
ASP02B0098_003 0.000 0.000 0.000 0.000 0.000
ASP02B0098_004 0.000 0.000 0.000 0.000 0.000
ASP-1B0098_005 1.000 1.000 1.000 1.000 1.000
TYR01B0099_001 0.657 0.646 0.657 0.654 0.655
TYR01B0099_002 0.343 0.354 0.343 0.346 0.345
TYR-1B0099_003 0.000 0.000 0.000 0.000 0.000
LEU01B0100_001 1.000 1.000 1.000 1.000 1.000
ARG01B0101_001 0.000 0.000 0.000 0.000 0.000
ARG02B0101_002 0.000 0.000 0.000 0.000 0.000
ARG03B0101_003 0.000 0.000 0.000 0.000 0.000
ARG+1B0101_004 1.000 1.000 1.000 1.000 1.000
GLU01B0102_001 0.000 0.000 0.000 0.000 0.000
GLU01B0102_002 0.003 0.003 0.003 0.003 0.003
GLU02B0102_003 0.000 0.000 0.000 0.000 0.000
GLU02B0102_004 0.011 0.013 0.009 0.010 0.010
GLU-1B0102_005 0.986 0.985 0.988 0.987 0.987
CYS01B0103_001 0.762 0.764 0.757 0.766 0.762
CYS01B0103_002 0.079 0.079 0.074 0.073 0.077
CYS01B0103_003 0.160 0.157 0.169 0.161 0.161
CYS-1B0103_004 0.000 0.000 0.000 0.000 0.000
ASN01B0104_001 1.000 1.000 1.000 1.000 1.000
ARG01B0105_001 0.000 0.000 0.000 0.000 0.000
ARG02B0105_002 0.000 0.000 0.000 0.000 0.000
ARG03B0105_003 0.000 0.000 0.000 0.000 0.000
ARG+1B0105_004 1.000 1.000 1.000 1.000 1.000
GLN01B0106_001 1.000 1.000 1.000 1.000 1.000
GLU01B0107_001 0.000 0.000 0.000 0.000 0.000
GLU01B0107_002 0.001 0.000 0.000 0.000 0.000
GLU02B0107_003 0.000 0.000 0.000 0.000 0.000
GLU02B0107_004 0.000 0.000 0.000 0.000 0.000
GLU-1B0107_005 0.999 1.000 1.000 1.000 1.000
VAL01B0108_001 1.000 1.000 1.000 1.000 1.000
SER01B0109_001 0.964 0.966 0.964 0.965 0.966
SER01B0109_002 0.036 0.034 0.036 0.035 0.034
ALA01B0110_001 1.000 1.000 1.000 1.000 1.000
VAL01B0111_001 1.000 1.000 1.000 1.000 1.000
VAL01B0112_001 1.000 1.000 1.000 1.000 1.000
LEU01B0113_001 1.000 1.000 1.000 1.000 1.000
LEU01B0114_001 1.000 1.000 1.000 1.000 1.000
TYR01B0115_001 1.000 1.000 1.000 1.000 1.000
TYR-1B0115_002 0.000 0.000 0.000 0.000 0.000
MET01B0116_001 1.000 1.000 1.000 1.000 1.000
ALA01B0117_001 1.000 1.000 1.000 1.000 1.000
THR01B0118_001 0.037 0.039 0.037 0.037 0.038
THR01B0118_002 0.963 0.961 0.963 0.963 0.962
GLN01B0119_001 1.000 1.000 1.000 1.000 1.000
GLN01B0119_002 0.000 0.000 0.000 0.000 0.000
ILE01B0120_001 1.000 1.000 1.000 1.000 1.000
SER01B0121_001 0.713 0.721 0.722 0.724 0.722
SER01B0121_002 0.287 0.279 0.278 0.276 0.278
SER01B0122_001 0.083 0.080 0.087 0.084 0.083
SER01B0122_002 0.917 0.920 0.913 0.916 0.917
ALA01B0123_001 1.000 1.000 1.000 1.000 1.000
MET01B0124_001 1.000 1.000 1.000 1.000 1.000
GLU01B0125_001 0.000 0.000 0.000 0.000 0.000
GLU01B0125_002 0.000 0.000 0.000 0.000 0.000
GLU02B0125_003 0.000 0.000 0.000 0.000 0.000
GLU02B0125_004 0.000 0.002 0.002 0.000 0.000
GLU-1B0125_005 1.000 0.998 0.998 1.000 1.000
TYR01B0126_001 1.000 1.000 1.000 1.000 1.000
TYR-1B0126_002 0.000 0.000 0.000 0.000 0.000
LEU01B0127_001 1.000 1.000 1.000 1.000 1.000
GLU01B0128_001 0.000 0.000 0.000 0.000 0.000
GLU01B0128_002 0.000 0.000 0.000 0.000 0.000
GLU02B0128_003 0.000 0.000 0.000 0.000 0.000
GLU02B0128_004 0.000 0.000 0.000 0.000 0.000
GLU-1B0128_005 1.000 1.000 1.000 1.000 1.000
LYS01B0129_001 0.005 0.006 0.005 0.005 0.006
LYS+1B0129_002 0.995 0.994 0.995 0.995 0.994
LYS01B0130_001 0.000 0.000 0.000 0.000 0.000
LYS+1B0130_002 1.000 1.000 1.000 1.000 1.000
ASN01B0131_001 0.842 0.845 0.846 0.847 0.842
ASN01B0131_002 0.158 0.155 0.154 0.153 0.158
PHE01B0132_001 1.000 1.000 1.000 1.000 1.000
ILE01B0133_001 1.000 1.000 1.000 1.000 1.000
HIS01B0134_001 1.000 1.000 1.000 1.000 1.000
HIS02B0134_002 0.000 0.000 0.000 0.000 0.000
HIS+1B0134_003 0.000 0.000 0.000 0.000 0.000
ARG01B0135_001 0.000 0.000 0.000 0.000 0.000
ARG02B0135_002 0.000 0.000 0.000 0.000 0.000
ARG03B0135_003 0.000 0.000 0.000 0.000 0.000
ARG+1B0135_004 1.000 1.000 1.000 1.000 1.000
ASP01B0136_001 0.000 0.000 0.000 0.000 0.000
ASP01B0136_002 0.000 0.000 0.000 0.000 0.000
ASP02B0136_003 0.000 0.000 0.000 0.000 0.000
ASP02B0136_004 0.000 0.000 0.000 0.000 0.000
ASP-1B0136_005 1.000 1.000 1.000 1.000 1.000
LEU01B0137_001 1.000 1.000 1.000 1.000 1.000
ALA01B0138_001 1.000 1.000 1.000 1.000 1.000
ALA01B0139_001 1.000 1.000 1.000 1.000 1.000
ARG01B0140_001 0.000 0.000 0.000 0.000 0.000
ARG02B0140_002 0.000 0.000 0.000 0.000 0.000
ARG03B0140_003 0.000 0.000 0.000 0.000 0.000
ARG03B0140_004 0.000 0.000 0.000 0.000 0.000
ARG+1B0140_005 1.000 1.000 1.000 1.000 1.000
ASN01B0141_001 1.000 1.000 1.000 1.000 1.000
ASN01B0141_002 0.000 0.000 0.000 0.000 0.000
CYS01B0142_001 0.229 0.229 0.233 0.230 0.228
CYS01B0142_002 0.546 0.542 0.544 0.542 0.548
CYS01B0142_003 0.225 0.229 0.223 0.228 0.224
CYS-1B0142_004 0.000 0.000 0.000 0.000 0.000
LEU01B0143_001 1.000 1.000 1.000 1.000 1.000
VAL01B0144_001 1.000 1.000 1.000 1.000 1.000
GLU01B0146_001 0.000 0.000 0.000 0.000 0.000
GLU01B0146_002 0.001 0.000 0.000 0.000 0.000
GLU02B0146_003 0.000 0.000 0.000 0.000 0.000
GLU02B0146_004 0.002 0.003 0.000 0.000 0.000
GLU-1B0146_005 0.997 0.997 1.000 1.000 1.000
ASN01B0147_001 0.783 0.781 0.780 0.778 0.785
ASN01B0147_002 0.217 0.219 0.220 0.222 0.215
HIS01B0148_001 0.107 0.110 0.106 0.113 0.112
HIS01B0148_002 0.343 0.345 0.351 0.340 0.339
HIS02B0148_003 0.058 0.064 0.058 0.063 0.060
HIS02B0148_004 0.287 0.292 0.283 0.283 0.287
HIS+1B0148_005 0.051 0.047 0.053 0.049 0.053
HIS+1B0148_006 0.155 0.143 0.149 0.152 0.150
LEU01B0149_001 1.000 1.000 1.000 1.000 1.000
VAL01B0150_001 1.000 1.000 1.000 1.000 1.000
LYS01B0151_001 0.000 0.000 0.000 0.000 0.001
LYS+1B0151_002 1.000 1.000 1.000 1.000 0.999
VAL01B0152_001 1.000 1.000 1.000 1.000 1.000
ALA01B0153_001 1.000 1.000 1.000 1.000 1.000
ASP01B0154_001 0.000 0.000 0.000 0.000 0.000
ASP01B0154_002 0.000 0.004 0.002 0.002 0.000
ASP02B0154_003 0.000 0.000 0.000 0.000 0.000
ASP02B0154_004 0.000 0.000 0.002 0.002 0.000
ASP-1B0154_005 1.000 0.996 0.996 0.996 1.000
PHE01B0155_001 1.000 1.000 1.000 1.000 1.000
LEU01B0157_001 1.000 1.000 1.000 1.000 1.000
SER01B0158_001 0.814 0.821 0.819 0.816 0.824
SER01B0158_002 0.186 0.179 0.181 0.184 0.176
ARG01B0159_001 0.000 0.000 0.000 0.000 0.000
ARG02B0159_002 0.000 0.000 0.000 0.000 0.000
ARG03B0159_003 0.000 0.000 0.000 0.000 0.000
ARG03B0159_004 1.000 1.000 1.000 1.000 1.000
ARG+1B0159_005 0.000 0.000 0.000 0.000 0.000
LEU01B0160_001 1.000 1.000 1.000 1.000 1.000
MET01B0161_001 1.000 1.000 1.000 1.000 1.000
THR01B0162_001 0.012 0.012 0.013 0.014 0.012
THR01B0162_002 0.988 0.988 0.987 0.986 0.988
ASP01B0164_001 0.000 0.000 0.000 0.000 0.000
ASP01B0164_002 0.000 0.000 0.000 0.000 0.000
ASP02B0164_003 0.000 0.000 0.000 0.000 0.000
ASP02B0164_004 0.000 0.000 0.000 0.000 0.000
ASP-1B0164_005 1.000 1.000 1.000 1.000 1.000
THR01B0165_001 0.420 0.423 0.421 0.423 0.420
THR01B0165_002 0.580 0.577 0.579 0.577 0.580
TYR01B0166_001 0.002 0.000 0.000 0.000 0.000
TYR01B0166_002 0.998 1.000 1.000 1.000 1.000
TYR-1B0166_003 0.000 0.000 0.000 0.000 0.000
THR01B0167_001 1.000 1.000 1.000 1.000 1.000
ALA01B0168_001 1.000 1.000 1.000 1.000 1.000
HIS01B0169_001 0.009 0.010 0.009 0.009 0.009
HIS01B0169_002 0.712 0.716 0.705 0.714 0.729
HIS02B0169_003 0.031 0.030 0.031 0.032 0.031
HIS02B0169_004 0.140 0.136 0.142 0.138 0.135
HIS+1B0169_005 0.001 0.000 0.000 0.002 0.001
HIS+1B0169_006 0.107 0.108 0.113 0.105 0.095
ALA01B0170_001 1.000 1.000 1.000 1.000 1.000
ALA01B0172_001 1.000 1.000 1.000 1.000 1.000
LYS01B0173_001 0.000 0.001 0.000 0.001 0.001
LYS+1B0173_002 1.000 0.999 1.000 0.999 0.999
PHE01B0174_001 1.000 1.000 1.000 1.000 1.000
PRO01B0175_001 1.000 1.000 1.000 1.000 1.000
ILE01B0176_001 1.000 1.000 1.000 1.000 1.000
LYS01B0177_001 0.000 0.001 0.000 0.000 0.000
LYS+1B0177_002 1.000 0.999 1.000 1.000 1.000
TRP01B0178_001 1.000 1.000 1.000 1.000 1.000
THR01B0179_001 0.358 0.351 0.356 0.357 0.351
THR01B0179_002 0.642 0.649 0.644 0.643 0.649
ALA01B0180_001 1.000 1.000 1.000 1.000 1.000
PRO01B0181_001 1.000 1.000 1.000 1.000 1.000
GLU01B0182_001 0.000 0.000 0.000 0.000 0.000
GLU01B0182_002 0.000 0.000 0.000 0.000 0.000
GLU02B0182_003 0.000 0.000 0.000 0.000 0.000
GLU02B0182_004 0.000 0.000 0.000 0.000 0.000
GLU-1B0182_005 1.000 1.000 1.000 1.000 1.000
SER01B0183_001 0.932 0.933 0.929 0.932 0.928
SER01B0183_002 0.006 0.007 0.008 0.006 0.007
SER01B0183_003 0.062 0.060 0.063 0.062 0.065
LEU01B0184_001 1.000 1.000 1.000 1.000 1.000
ALA01B0185_001 1.000 1.000 1.000 1.000 1.000
TYR01B0186_001 1.000 1.000 1.000 1.000 1.000
TYR-1B0186_002 0.000 0.000 0.000 0.000 0.000
ASN01B0187_001 0.236 0.239 0.231 0.231 0.232
ASN01B0187_002 0.764 0.761 0.769 0.769 0.768
LYS01B0188_001 0.000 0.000 0.000 0.001 0.001
LYS+1B0188_002 1.000 1.000 1.000 0.999 0.999
PHE01B0189_001 1.000 1.000 1.000 1.000 1.000
SER01B0190_001 1.000 1.000 1.000 1.000 1.000
SER01B0190_002 0.000 0.000 0.000 0.000 0.000
ILE01B0191_001 1.000 1.000 1.000 1.000 1.000
LYS01B0192_001 0.010 0.011 0.012 0.011 0.010
LYS+1B0192_002 0.990 0.989 0.988 0.989 0.990
SER01B0193_001 0.000 0.000 0.000 0.000 0.000
SER01B0193_002 1.000 1.000 1.000 1.000 1.000
ASP01B0194_001 0.000 0.000 0.000 0.000 0.000
ASP01B0194_002 0.000 0.000 0.000 0.000 0.000
ASP02B0194_003 0.000 0.000 0.000 0.000 0.000
ASP02B0194_004 0.000 0.000 0.000 0.000 0.000
ASP-1B0194_005 1.000 1.000 1.000 1.000 1.000
VAL01B0195_001 1.000 1.000 1.000 1.000 1.000
TRP01B0196_001 1.000 1.000 1.000 1.000 1.000
ALA01B0197_001 1.000 1.000 1.000 1.000 1.000
PHE01B0198_001 1.000 1.000 1.000 1.000 1.000
VAL01B0200_001 1.000 1.000 1.000 1.000 1.000
LEU01B0201_001 1.000 1.000 1.000 1.000 1.000
LEU01B0202_001 1.000 1.000 1.000 1.000 1.000
TRP01B0203_001 1.000 1.000 1.000 1.000 1.000
GLU01B0204_001 0.000 0.000 0.000 0.000 0.000
GLU01B0204_002 0.000 0.000 0.000 0.001 0.000
GLU02B0204_003 0.000 0.000 0.000 0.000 0.000
GLU02B0204_004 0.000 0.000 0.000 0.000 0.000
GLU-1B0204_005 1.000 1.000 1.000 0.999 1.000
ILE01B0205_001 1.000 1.000 1.000 1.000 1.000
ALA01B0206_001 1.000 1.000 1.000 1.000 1.000
THR01B0207_001 1.000 1.000 1.000 1.000 1.000
THR01B0207_002 0.000 0.000 0.000 0.000 0.000
TYR01B0208_001 0.996 1.000 0.996 0.996 0.995
TYR01B0208_002 0.004 0.000 0.004 0.004 0.005
TYR-1B0208_003 0.000 0.000 0.000 0.000 0.000
MET01B0210_001 1.000 1.000 1.000 1.000 1.000
SER01B0211_001 0.037 0.040 0.038 0.036 0.038
SER01B0211_002 0.963 0.960 0.962 0.964 0.962
PRO01B0212_001 1.000 1.000 1.000 1.000 1.000
TYR01B0213_001 1.000 1.000 1.000 1.000 1.000
TYR-1B0213_002 0.000 0.000 0.000 0.000 0.000
PRO01B0214_001 1.000 1.000 1.000 1.000 1.000
ILE01B0216_001 1.000 1.000 1.000 1.000 1.000
ASP01B0217_001 0.000 0.000 0.000 0.000 0.000
ASP01B0217_002 0.000 0.000 0.000 0.000 0.000
ASP02B0217_003 0.000 0.000 0.000 0.000 0.000
ASP02B0217_004 0.000 0.000 0.000 0.000 0.000
ASP-1B0217_005 1.000 1.000 1.000 1.000 1.000
LEU01B0218_001 1.000 1.000 1.000 1.000 1.000
SER01B0219_001 0.261 0.254 0.256 0.255 0.254
SER01B0219_002 0.739 0.746 0.744 0.745 0.746
GLN01B0220_001 0.440 0.440 0.438 0.440 0.437
GLN01B0220_002 0.560 0.560 0.562 0.560 0.563
VAL01B0221_001 1.000 1.000 1.000 1.000 1.000
TYR01B0222_001 0.390 0.391 0.389 0.391 0.393
TYR01B0222_002 0.610 0.609 0.611 0.609 0.607
TYR-1B0222_003 0.000 0.000 0.000 0.000 0.000
GLU01B0223_001 0.000 0.000 0.000 0.000 0.000
GLU01B0223_002 0.000 0.000 0.000 0.000 0.000
GLU02B0223_003 0.000 0.000 0.000 0.000 0.000
GLU02B0223_004 0.000 0.000 0.000 0.000 0.000
GLU-1B0223_005 1.000 1.000 1.000 1.000 1.000
LEU01B0224_001 1.000 1.000 1.000 1.000 1.000
LEU01B0225_001 1.000 1.000 1.000 1.000 1.000
GLU01B0226_001 0.000 0.000 0.000 0.000 0.000
GLU01B0226_002 0.002 0.000 0.002 0.001 0.000
GLU02B0226_003 0.000 0.000 0.000 0.000 0.000
GLU02B0226_004 0.004 0.008 0.003 0.005 0.006
GLU-1B0226_005 0.994 0.992 0.995 0.994 0.994
LYS01B0227_001 0.000 0.000 0.000 0.000 0.000
LYS+1B0227_002 1.000 1.000 1.000 1.000 1.000
ASP01B0228_001 0.000 0.000 0.000 0.000 0.000
ASP01B0228_002 0.000 0.000 0.000 0.000 0.000
ASP02B0228_003 0.000 0.000 0.000 0.000 0.000
ASP02B0228_004 0.000 0.000 0.000 0.000 0.000
ASP-1B0228_005 1.000 1.000 1.000 1.000 1.000
TYR01B0229_001 1.000 1.000 1.000 1.000 1.000
TYR-1B0229_002 0.000 0.000 0.000 0.000 0.000
ARG01B0230_001 0.000 0.000 0.000 0.000 0.000
ARG02B0230_002 0.000 0.000 0.000 0.000 0.000
ARG02B0230_003 0.000 0.000 0.000 0.000 0.000
ARG03B0230_004 0.000 0.000 0.000 0.000 0.000
ARG+1B0230_005 1.000 1.000 1.000 1.000 1.000
MET01B0231_001 1.000 1.000 1.000 1.000 1.000
GLU01B0232_001 0.000 0.000 0.000 0.000 0.000
GLU01B0232_002 0.000 0.000 0.000 0.000 0.000
GLU02B0232_003 0.000 0.000 0.000 0.000 0.000
GLU02B0232_004 0.000 0.000 0.000 0.000 0.000
GLU-1B0232_005 1.000 1.000 1.000 1.000 1.000
ARG01B0233_001 0.000 0.000 0.000 0.000 0.000
ARG02B0233_002 0.000 0.000 0.000 0.000 0.000
ARG03B0233_003 0.000 0.000 0.000 0.000 0.000
ARG03B0233_004 0.000 0.000 0.000 0.000 0.000
ARG+1B0233_005 1.000 1.000 1.000 1.000 1.000
PRO01B0234_001 1.000 1.000 1.000 1.000 1.000
GLU01B0235_001 0.000 0.000 0.000 0.000 0.000
GLU01B0235_002 0.000 0.000 0.000 0.000 0.000
GLU02B0235_003 0.000 0.000 0.000 0.000 0.000
GLU02B0235_004 0.000 0.000 0.000 0.000 0.000
GLU-1B0235_005 1.000 1.000 1.000 1.000 1.000
CYS01B0237_001 0.217 0.217 0.216 0.207 0.220
CYS01B0237_002 0.626 0.635 0.631 0.636 0.625
CYS01B0237_003 0.157 0.148 0.153 0.157 0.156
CYS-1B0237_004 0.000 0.000 0.000 0.000 0.000
PRO01B0238_001 1.000 1.000 1.000 1.000 1.000
GLU01B0239_001 0.000 0.000 0.000 0.000 0.000
GLU01B0239_002 0.000 0.000 0.000 0.000 0.000
GLU02B0239_003 0.000 0.000 0.000 0.000 0.000
GLU02B0239_004 0.000 0.000 0.000 0.001 0.001
GLU-1B0239_005 1.000 1.000 1.000 0.999 0.999
LYS01B0240_001 0.018 0.017 0.020 0.018 0.018
LYS+1B0240_002 0.982 0.983 0.980 0.982 0.982
VAL01B0241_001 1.000 1.000 1.000 1.000 1.000
TYR01B0242_001 1.000 1.000 1.000 0.998 0.998
TYR01B0242_002 0.000 0.000 0.000 0.002 0.002
TYR-1B0242_003 0.000 0.000 0.000 0.000 0.000
GLU01B0243_001 0.000 0.000 0.000 0.000 0.000
GLU01B0243_002 0.000 0.000 0.000 0.000 0.003
GLU02B0243_003 0.000 0.000 0.000 0.000 0.000
GLU02B0243_004 0.000 0.000 0.001 0.000 0.001
GLU-1B0243_005 1.000 1.000 0.999 1.000 0.997
LEU01B0244_001 1.000 1.000 1.000 1.000 1.000
MET01B0245_001 1.000 1.000 1.000 1.000 1.000
ARG01B0246_001 0.000 0.000 0.000 0.000 0.000
ARG02B0246_002 0.000 0.000 0.000 0.000 0.000
ARG03B0246_003 0.000 0.000 0.000 0.000 0.000
ARG03B0246_004 0.000 0.000 0.000 0.000 0.000
ARG+1B0246_005 1.000 1.000 1.000 1.000 1.000
ALA01B0247_001 1.000 1.000 1.000 1.000 1.000
CYS01B0248_001 0.268 0.272 0.273 0.269 0.274
CYS01B0248_002 0.453 0.450 0.446 0.448 0.450
CYS01B0248_003 0.280 0.278 0.281 0.283 0.277
CYS-1B0248_004 0.000 0.000 0.000 0.000 0.000
TRP01B0249_001 1.000 1.000 1.000 1.000 1.000
GLN01B0250_001 0.915 0.909 0.916 0.916 0.920
GLN01B0250_002 0.085 0.091 0.084 0.084 0.080
TRP01B0251_001 1.000 1.000 1.000 1.000 1.000
ASN01B0252_001 1.000 1.000 1.000 1.000 1.000
ASN01B0252_002 0.000 0.000 0.000 0.000 0.000
PRO01B0253_001 1.000 1.000 1.000 1.000 1.000
SER01B0254_001 0.004 0.005 0.005 0.005 0.004
SER01B0254_002 0.072 0.066 0.068 0.069 0.070
SER01B0254_003 0.924 0.929 0.928 0.927 0.927
ASP01B0255_001 0.000 0.000 0.000 0.000 0.000
ASP01B0255_002 0.000 0.000 0.000 0.000 0.000
ASP02B0255_003 0.000 0.000 0.000 0.000 0.000
ASP02B0255_004 0.001 0.000 0.000 0.000 0.000
ASP-1B0255_005 0.999 1.000 1.000 1.000 1.000
ARG01B0256_001 0.000 0.000 0.000 0.000 0.000
ARG02B0256_002 0.000 0.000 0.000 0.000 0.000
ARG02B0256_003 0.000 0.000 0.000 0.000 0.000
ARG03B0256_004 0.000 0.000 0.000 0.000 0.000
ARG03B0256_005 0.000 0.000 0.000 0.000 0.000
ARG+1B0256_006 1.000 1.000 1.000 1.000 1.000
PRO01B0257_001 1.000 1.000 1.000 1.000 1.000
SER01B0258_001 0.012 0.013 0.012 0.012 0.011
SER01B0258_002 0.000 0.000 0.000 0.000 0.000
SER01B0258_003 0.988 0.987 0.988 0.988 0.989
PHE01B0259_001 1.000 1.000 1.000 1.000 1.000
ALA01B0260_001 1.000 1.000 1.000 1.000 1.000
GLU01B0261_001 0.000 0.000 0.000 0.000 0.000
GLU01B0261_002 0.000 0.000 0.000 0.000 0.000
GLU02B0261_003 0.000 0.000 0.000 0.000 0.000
GLU02B0261_004 0.000 0.000 0.000 0.000 0.000
GLU-1B0261_005 1.000 1.000 1.000 1.000 1.000
ILE01B0262_001 1.000 1.000 1.000 1.000 1.000
HIS01B0263_001 0.025 0.026 0.024 0.024 0.025
HIS01B0263_002 0.022 0.023 0.021 0.025 0.021
HIS02B0263_003 0.862 0.860 0.849 0.851 0.856
HIS02B0263_004 0.013 0.013 0.013 0.013 0.012
HIS+1B0263_005 0.046 0.048 0.054 0.050 0.052
HIS+1B0263_006 0.032 0.030 0.038 0.036 0.035
GLN01B0264_001 0.923 0.922 0.923 0.923 0.921
GLN01B0264_002 0.077 0.078 0.077 0.077 0.079
ALA01B0265_001 1.000 1.000 1.000 1.000 1.000
PHE01B0266_001 1.000 1.000 1.000 1.000 1.000
GLU01B0267_001 0.000 0.000 0.000 0.000 0.000
GLU01B0267_002 0.007 0.006 0.006 0.000 0.006
GLU02B0267_003 0.000 0.000 0.000 0.001 0.001
GLU02B0267_004 0.010 0.008 0.009 0.012 0.010
GLU-1B0267_005 0.983 0.986 0.985 0.987 0.983
THR01B0268_001 0.362 0.365 0.361 0.362 0.367
THR01B0268_002 0.638 0.635 0.639 0.638 0.633
MET01B0269_001 1.000 1.000 1.000 1.000 1.000
PHE01B0270_001 1.000 1.000 1.000 1.000 1.000
GLN01B0271_001 1.000 1.000 1.000 1.000 1.000
GLU01B0272_001 0.000 0.000 0.000 0.000 0.000
GLU01B0272_002 0.000 0.000 0.000 0.000 0.000
GLU02B0272_003 0.000 0.000 0.000 0.000 0.000
GLU02B0272_004 0.000 0.000 0.000 0.000 0.000
GLU-1B0272_005 1.000 1.000 1.000 1.000 1.000
SER01B0273_001 0.131 0.134 0.133 0.129 0.136
SER01B0273_002 0.869 0.866 0.867 0.871 0.864
SER01B0274_001 0.289 0.283 0.285 0.286 0.284
SER01B0274_002 0.711 0.717 0.715 0.714 0.716
ILE01B0275_001 1.000 1.000 1.000 1.000 1.000
SER01B0276_001 0.242 0.241 0.241 0.245 0.241
SER01B0276_002 0.758 0.759 0.759 0.755 0.759
ASP01B0277_001 0.000 0.000 0.000 0.000 0.000
ASP01B0277_002 0.003 0.008 0.004 0.004 0.004
ASP02B0277_003 0.000 0.000 0.000 0.000 0.000
ASP02B0277_004 0.003 0.000 0.003 0.002 0.003
ASP-1B0277_005 0.994 0.991 0.992 0.994 0.993
GLU01B0278_001 0.000 0.000 0.000 0.000 0.000
GLU01B0278_002 0.002 0.002 0.000 0.000 0.000
GLU02B0278_003 0.000 0.000 0.000 0.000 0.000
GLU02B0278_004 0.001 0.002 0.003 0.002 0.000
GLU-1B0278_005 0.997 0.996 0.997 0.998 1.000
VAL01B0279_001 1.000 1.000 1.000 1.000 1.000
GLU01B0280_001 0.000 0.000 0.000 0.000 0.000
GLU01B0280_002 0.000 0.000 0.002 0.001 0.001
GLU02B0280_003 0.000 0.000 0.000 0.000 0.000
GLU02B0280_004 0.000 0.000 0.000 0.001 0.001
GLU-1B0280_005 1.000 1.000 0.998 0.998 0.999
LYS01B0281_001 0.000 0.000 0.000 0.000 0.000
LYS+1B0281_002 1.000 1.000 1.000 1.000 1.000
GLU01B0282_001 0.000 0.000 0.000 0.000 0.000
GLU01B0282_002 0.000 0.000 0.000 0.000 0.000
GLU02B0282_003 0.000 0.000 0.000 0.000 0.000
GLU02B0282_004 0.000 0.000 0.000 0.000 0.000
GLU-1B0282_005 1.000 1.000 1.000 1.000 1.000
LEU01B0283_001 1.000 1.000 1.000 1.000 1.000
LYS01B0285_001 0.000 0.000 0.000 0.000 0.000
LYS+1B0285_002 1.000 1.000 1.000 1.000 1.000
ARG01B0286_001 0.000 0.000 0.000 0.000 0.000
ARG02B0286_002 0.000 0.000 0.000 0.000 0.000
ARG03B0286_003 0.000 0.000 0.000 0.000 0.000
ARG+1B0286_004 1.000 1.000 1.000 1.000 1.000
0LI11C0001_001 0.748 0.743 0.746 0.749 0.743
0LI11C0001_002 0.250 0.257 0.254 0.251 0.257
0LI12C0001_003 0.000 0.000 0.000 0.000 0.000
0LI12C0001_004 0.000 0.000 0.000 0.000 0.000
0LI01C0001_005 0.001 0.001 0.000 0.000 0.000
0LI01C0001_006 0.001 0.000 0.000 0.000 0.000
0LIDMC0001_007 0.000 0.000 0.000 0.000 0.000
0LI11D0001_001 0.397 0.397 0.395 0.400 0.403
0LI11D0001_002 0.601 0.603 0.605 0.597 0.597
0LI12D0001_003 0.000 0.000 0.000 0.000 0.000
0LI12D0001_004 0.000 0.000 0.000 0.000 0.000
0LI01D0001_005 0.000 0.000 0.001 0.001 0.000
0LI01D0001_006 0.002 0.000 0.000 0.002 0.000
0LIDMD0001_007 0.000 0.000 0.000 0.000 0.000
