   Rotamer making statitics:
   Residue   Start  Clean   Swap Rotate   Self  Hbond Repack  Ioni.   TorH     OH  Elect
   ASPA0001      1      1      1      1      1      1      1      3      5      5      5
   LYSA0002      1      1      1      1      1      1      1      2      2      2      2
   TRPA0003      1      1      1      1      1      1      1      1      1      1      1
   GLUA0004      1      1      1      1      1      1      1      3      5      5      5
   META0005      1      1      1      1      1      1      1      1      1      1      1
   GLUA0006      1      1      1      1      1      1      1      3      5      5      5
   ARGA0007      1      1      1      1      1      1      1      4      6      6      6
   THRA0008      1      1      1      1      1      1      1      1      2      2      2
   ASPA0009      1      1      1      1      1      1      1      3      5      5      5
   ILEA0010      1      1      1      1      1      1      1      1      1      1      1
   THRA0011      1      1      1      1      1      1      1      1      1      1      1
   META0012      1      1      1      1      1      1      1      1      1      1      1
   LYSA0013      1      1      1      1      1      1      1      2      2      2      2
   HISA0014      1      1      2      2      2      2      2      6      6      6      6
   LYSA0015      1      1      1      1      1      1      1      2      2      2      2
   LEUA0016      1      1      1      1      1      1      1      1      1      1      1
   GLYA0017      0      0      0      0      0      0      0      0      0      0      0
   GLYA0018      0      0      0      0      0      0      0      0      0      0      0
   GLYA0019      0      0      0      0      0      0      0      0      0      0      0
   GLNA0020      1      1      2      2      2      2      1      1      1      1      1
   TYRA0021      1      1      1      1      1      1      1      2      3      3      3
   GLYA0022      0      0      0      0      0      0      0      0      0      0      0
   GLUA0023      1      1      1      1      1      1      1      3      5      5      5
   VALA0024      1      1      1      1      1      1      1      1      1      1      1
   TYRA0025      1      1      1      1      1      1      1      2      3      3      3
   GLUA0026      1      1      1      1      1      1      1      3      5      5      5
   GLYA0027      0      0      0      0      0      0      0      0      0      0      0
   VALA0028      1      1      1      1      1      1      1      1      1      1      1
   TRPA0029      1      1      1      1      1      1      1      1      1      1      1
   LYSA0030      1      1      1      1      1      1      1      2      2      2      2
   LYSA0031      1      1      1      1      1      1      1      2      2      2      2
   TYRA0032      1      1      1      1      1      1      1      2      3      3      3
   SERA0033      1      1      1      1      1      1      1      1      2      2      2
   LEUA0034      1      1      1      1      1      1      1      1      1      1      1
   THRA0035      1      1      1      1      1      1      1      1      2      2      1
   VALA0036      1      1      1      1      1      1      1      1      1      1      1
   ALAA0037      1      1      1      1      1      1      1      1      1      1      1
   VALA0038      1      1      1      1      1      1      1      1      1      1      1
   LYSA0039      1      1      1      1      1      1      1      2      2      2      2
   THRA0040      1      1      1      1      1      1      1      1      2      2      2
   LEUA0041      1      1      1      1      1      1      1      1      1      1      1
   LYSA0042      1      1      1      1      1      1      1      2      2      2      2
   GLUA0043      1      1      1      1      1      1      1      3      5      5      5
   ASPA0044      1      1      1      1      1      1      1      3      5      5      5
   THRA0045      1      1      1      1      1      1      1      1      2      2      2
   META0046      1      1      1      1      1      1      1      1      1      1      1
   GLUA0047      1      1      1      1      1      1      1      3      5      5      5
   VALA0048      1      1      1      1      1      1      1      1      1      1      1
   GLUA0049      1      1      1      1      1      1      1      3      5      5      5
   GLUA0050      1      1      1      1      1      1      1      3      5      5      5
   PHEA0051      1      1      1      1      1      1      1      1      1      1      1
   LEUA0052      1      1      1      1      1      1      1      1      1      1      1
   LYSA0053      1      1      1      1      1      1      1      2      2      2      2
   GLUA0054      1      1      1      1      1      1      1      3      5      5      5
   ALAA0055      1      1      1      1      1      1      1      1      1      1      1
   ALAA0056      1      1      1      1      1      1      1      1      1      1      1
   VALA0057      1      1      1      1      1      1      1      1      1      1      1
   META0058      1      1      1      1      1      1      1      1      1      1      1
   LYSA0059      1      1      1      1      1      1      1      2      2      2      2
   GLUA0060      1      1      1      1      1      1      1      3      5      5      5
   ILEA0061      1      1      1      1      1      1      1      1      1      1      1
   LYSA0062      1      1      1      1      1      1      1      2      2      2      2
   HISA0063      1      1      2      2      2      2      2      6      6      6      6
   PROA0064      1      1      1      1      1      1      1      1      1      1      1
   ASNA0065      1      1      2      2      2      2      2      2      2      2      2
   LEUA0066      1      1      1      1      1      1      1      1      1      1      1
   VALA0067      1      1      1      1      1      1      1      1      1      1      1
   GLNA0068      1      1      2      2      2      2      2      2      2      2      2
   LEUA0069      1      1      1      1      1      1      1      1      1      1      1
   LEUA0070      1      1      1      1      1      1      1      1      1      1      1
   GLYA0071      0      0      0      0      0      0      0      0      0      0      0
   VALA0072      1      1      1      1      1      1      1      1      1      1      1
   CYSA0073      1      1      1      1      1      1      1      2      4      4      4
   THRA0074      1      1      1      1      1      1      1      1      2      2      2
   ARGA0075      1      1      1      1      1      1      1      4      4      4      4
   GLUA0076      1      1      1      1      1      1      1      3      5      5      5
   PROA0077      1      1      1      1      1      1      1      1      1      1      1
   PROA0078      1      1      1      1      1      1      1      1      1      1      1
   PHEA0079      1      1      1      1      1      1      1      1      1      1      1
   TYRA0080      1      1      1      1      1      1      1      2      2      2      2
   ILEA0081      1      1      1      1      1      1      1      1      1      1      1
   ILEA0082      1      1      1      1      1      1      1      1      1      1      1
   THRA0083      1      1      1      1      1      1      1      1      3      3      3
   GLUA0084      1      1      1      1      1      1      1      3      5      5      5
   PHEA0085      1      1      1      1      1      1      1      1      1      1      1
   META0086      1      1      1      1      1      1      1      1      1      1      1
   THRA0087      1      1      1      1      1      1      1      1      2      2      2
   TYRA0088      1      1      1      1      1      1      1      2      2      2      2
   GLYA0089      0      0      0      0      0      0      0      0      0      0      0
   ASNA0090      1      1      2      2      2      2      2      2      2      2      2
   LEUA0091      1      1      1      1      1      1      1      1      1      1      1
   LEUA0092      1      1      1      1      1      1      1      1      1      1      1
   ASPA0093      1      1      1      1      1      1      1      3      5      5      5
   TYRA0094      1      1      1      1      1      1      1      2      3      3      3
   LEUA0095      1      1      1      1      1      1      1      1      1      1      1
   ARGA0096      1      1      1      1      1      1      1      4      4      4      4
   GLUA0097      1      1      1      1      1      1      1      3      5      5      5
   CYSA0098      1      1      1      1      1      1      1      2      4      4      4
   ASNA0099      1      1      2      2      2      2      1      1      1      1      1
   ARGA0100      1      1      1      1      1      1      1      4      4      4      4
   GLNA0101      1      1      2      2      2      2      2      2      2      2      2
   GLUA0102      1      1      1      1      1      1      1      3      5      5      5
   VALA0103      1      1      1      1      1      1      1      1      1      1      1
   ASNA0104      1      1      2      2      2      2      1      1      1      1      1
   ALAA0105      1      1      1      1      1      1      1      1      1      1      1
   VALA0106      1      1      1      1      1      1      1      1      1      1      1
   VALA0107      1      1      1      1      1      1      1      1      1      1      1
   LEUA0108      1      1      1      1      1      1      1      1      1      1      1
   LEUA0109      1      1      1      1      1      1      1      1      1      1      1
   TYRA0110      1      1      1      1      1      1      1      2      2      2      2
   META0111      1      1      1      1      1      1      1      1      1      1      1
   ALAA0112      1      1      1      1      1      1      1      1      1      1      1
   THRA0113      1      1      1      1      1      1      1      1      2      2      2
   GLNA0114      1      1      2      2      2      2      2      2      2      2      2
   ILEA0115      1      1      1      1      1      1      1      1      1      1      1
   SERA0116      1      1      1      1      1      1      1      1      2      2      2
   SERA0117      1      1      1      1      1      1      1      1      2      2      2
   ALAA0118      1      1      1      1      1      1      1      1      1      1      1
   META0119      1      1      1      1      1      1      1      1      1      1      1
   GLUA0120      1      1      1      1      1      1      1      3      5      5      5
   TYRA0121      1      1      1      1      1      1      1      2      2      2      2
   LEUA0122      1      1      1      1      1      1      1      1      1      1      1
   GLUA0123      1      1      1      1      1      1      1      3      5      5      5
   LYSA0124      1      1      1      1      1      1      1      2      2      2      2
   LYSA0125      1      1      1      1      1      1      1      2      2      2      2
   ASNA0126      1      1      2      2      2      2      2      2      2      2      2
   PHEA0127      1      1      1      1      1      1      1      1      1      1      1
   ILEA0128      1      1      1      1      1      1      1      1      1      1      1
   HISA0129      1      1      2      2      1      1      1      3      3      3      3
   ARGA0130      1      1      1      1      1      1      1      4      4      4      4
   ASPA0131      1      1      1      1      1      1      1      3      5      5      5
   LEUA0132      1      1      1      1      1      1      1      1      1      1      1
   ALAA0133      1      1      1      1      1      1      1      1      1      1      1
   ALAA0134      1      1      1      1      1      1      1      1      1      1      1
   ARGA0135      1      1      1      1      1      1      1      4      5      5      5
   ASNA0136      1      1      2      2      2      2      2      2      2      2      2
   CYSA0137      1      1      1      1      1      1      1      2      4      4      4
   LEUA0138      1      1      1      1      1      1      1      1      1      1      1
   VALA0139      1      1      1      1      1      1      1      1      1      1      1
   GLYA0140      0      0      0      0      0      0      0      0      0      0      0
   GLUA0141      1      1      1      1      1      1      1      3      5      5      5
   ASNA0142      1      1      2      2      2      2      2      2      2      2      2
   HISA0143      1      1      2      2      2      2      2      6      6      6      6
   LEUA0144      1      1      1      1      1      1      1      1      1      1      1
   VALA0145      1      1      1      1      1      1      1      1      1      1      1
   LYSA0146      1      1      1      1      1      1      1      2      2      2      2
   VALA0147      1      1      1      1      1      1      1      1      1      1      1
   ALAA0148      1      1      1      1      1      1      1      1      1      1      1
   ASPA0149      1      1      1      1      1      1      1      3      5      5      5
   PHEA0150      1      1      1      1      1      1      1      1      1      1      1
   GLYA0151      0      0      0      0      0      0      0      0      0      0      0
   LEUA0152      1      1      1      1      1      1      1      1      1      1      1
   SERA0153      1      1      1      1      1      1      1      1      3      3      3
   ARGA0154      1      1      1      1      1      1      1      4      6      6      6
   LEUA0155      1      1      1      1      1      1      1      1      1      1      1
   META0156      1      1      1      1      1      1      1      1      1      1      1
   THRA0157      1      1      1      1      1      1      1      1      1      1      1
   GLYA0158      0      0      0      0      0      0      0      0      0      0      0
   ASPA0159      1      1      1      1      1      1      1      3      5      5      5
   THRA0160      1      1      1      1      1      1      1      1      1      1      1
   TYRA0161      1      1      1      1      1      1      1      2      2      2      2
   THRA0162      1      1      1      1      1      1      1      1      2      2      2
   ALAA0163      1      1      1      1      1      1      1      1      1      1      1
   HISA0164      1      1      2      2      2      2      2      6      6      6      6
   ALAA0165      1      1      1      1      1      1      1      1      1      1      1
   GLYA0166      0      0      0      0      0      0      0      0      0      0      0
   ALAA0167      1      1      1      1      1      1      1      1      1      1      1
   LYSA0168      1      1      1      1      1      1      1      2      2      2      2
   PHEA0169      1      1      1      1      1      1      1      1      1      1      1
   PROA0170      1      1      1      1      1      1      1      1      1      1      1
   ILEA0171      1      1      1      1      1      1      1      1      1      1      1
   LYSA0172      1      1      1      1      1      1      1      2      2      2      2
   TRPA0173      1      1      1      1      1      1      1      1      1      1      1
   THRA0174      1      1      1      1      1      1      1      1      2      2      2
   ALAA0175      1      1      1      1      1      1      1      1      1      1      1
   PROA0176      1      1      1      1      1      1      1      1      1      1      1
   GLUA0177      1      1      1      1      1      1      1      3      5      5      5
   SERA0178      1      1      1      1      1      1      1      1      3      3      3
   LEUA0179      1      1      1      1      1      1      1      1      1      1      1
   ALAA0180      1      1      1      1      1      1      1      1      1      1      1
   TYRA0181      1      1      1      1      1      1      1      2      3      3      2
   ASNA0182      1      1      2      2      2      2      2      2      2      2      2
   LYSA0183      1      1      1      1      1      1      1      2      2      2      2
   PHEA0184      1      1      1      1      1      1      1      1      1      1      1
   SERA0185      1      1      1      1      1      1      1      1      2      2      2
   ILEA0186      1      1      1      1      1      1      1      1      1      1      1
   LYSA0187      1      1      1      1      1      1      1      2      2      2      2
   SERA0188      1      1      1      1      1      1      1      1      3      3      3
   ASPA0189      1      1      1      1      1      1      1      3      5      5      5
   VALA0190      1      1      1      1      1      1      1      1      1      1      1
   TRPA0191      1      1      1      1      1      1      1      1      1      1      1
   ALAA0192      1      1      1      1      1      1      1      1      1      1      1
   PHEA0193      1      1      1      1      1      1      1      1      1      1      1
   GLYA0194      0      0      0      0      0      0      0      0      0      0      0
   VALA0195      1      1      1      1      1      1      1      1      1      1      1
   LEUA0196      1      1      1      1      1      1      1      1      1      1      1
   LEUA0197      1      1      1      1      1      1      1      1      1      1      1
   TRPA0198      1      1      1      1      1      1      1      1      1      1      1
   GLUA0199      1      1      1      1      1      1      1      3      5      5      5
   ILEA0200      1      1      1      1      1      1      1      1      1      1      1
   ALAA0201      1      1      1      1      1      1      1      1      1      1      1
   THRA0202      1      1      1      1      1      1      1      1      2      2      2
   TYRA0203      1      1      1      1      1      1      1      2      3      3      3
   GLYA0204      0      0      0      0      0      0      0      0      0      0      0
   META0205      1      1      1      1      1      1      1      1      1      1      1
   SERA0206      1      1      1      1      1      1      1      1      2      2      2
   PROA0207      1      1      1      1      1      1      1      1      1      1      1
   TYRA0208      1      1      1      1      1      1      1      2      3      3      2
   PROA0209      1      1      1      1      1      1      1      1      1      1      1
   GLYA0210      0      0      0      0      0      0      0      0      0      0      0
   ILEA0211      1      1      1      1      1      1      1      1      1      1      1
   ASPA0212      1      1      1      1      1      1      1      3      5      5      5
   LEUA0213      1      1      1      1      1      1      1      1      1      1      1
   SERA0214      1      1      1      1      1      1      1      1      2      2      2
   GLNA0215      1      1      2      2      2      2      2      2      2      2      2
   VALA0216      1      1      1      1      1      1      1      1      1      1      1
   TYRA0217      1      1      1      1      1      1      1      2      3      3      3
   GLUA0218      1      1      1      1      1      1      1      3      5      5      5
   LEUA0219      1      1      1      1      1      1      1      1      1      1      1
   LEUA0220      1      1      1      1      1      1      1      1      1      1      1
   GLUA0221      1      1      1      1      1      1      1      3      5      5      5
   LYSA0222      1      1      1      1      1      1      1      2      2      2      2
   ASPA0223      1      1      1      1      1      1      1      3      5      5      5
   TYRA0224      1      1      1      1      1      1      1      2      3      3      2
   ARGA0225      1      1      1      1      1      1      1      4      4      4      4
   META0226      1      1      1      1      1      1      1      1      1      1      1
   GLUA0227      1      1      1      1      1      1      1      3      5      5      5
   ARGA0228      1      1      1      1      1      1      1      4      4      4      4
   PROA0229      1      1      1      1      1      1      1      1      1      1      1
   GLUA0230      1      1      1      1      1      1      1      3      5      5      5
   GLYA0231      0      0      0      0      0      0      0      0      0      0      0
   CYSA0232      1      1      1      1      1      1      1      2      4      4      4
   PROA0233      1      1      1      1      1      1      1      1      1      1      1
   GLUA0234      1      1      1      1      1      1      1      3      5      5      5
   LYSA0235      1      1      1      1      1      1      1      2      2      2      2
   VALA0236      1      1      1      1      1      1      1      1      1      1      1
   TYRA0237      1      1      1      1      1      1      1      2      3      3      3
   GLUA0238      1      1      1      1      1      1      1      3      5      5      5
   LEUA0239      1      1      1      1      1      1      1      1      1      1      1
   META0240      1      1      1      1      1      1      1      1      1      1      1
   ARGA0241      1      1      1      1      1      1      1      4      5      5      5
   ALAA0242      1      1      1      1      1      1      1      1      1      1      1
   CYSA0243      1      1      1      1      1      1      1      2      4      4      4
   TRPA0244      1      1      1      1      1      1      1      1      1      1      1
   GLNA0245      1      1      2      2      2      2      2      2      2      2      2
   TRPA0246      1      1      1      1      1      1      1      1      1      1      1
   ASNA0247      1      1      2      2      2      2      2      2      2      2      2
   PROA0248      1      1      1      1      1      1      1      1      1      1      1
   SERA0249      1      1      1      1      1      1      1      1      2      2      2
   ASPA0250      1      1      1      1      1      1      1      3      5      5      5
   ARGA0251      1      1      1      1      1      1      1      4      6      6      6
   PROA0252      1      1      1      1      1      1      1      1      1      1      1
   SERA0253      1      1      1      1      1      1      1      1      3      3      3
   PHEA0254      1      1      1      1      1      1      1      1      1      1      1
   ALAA0255      1      1      1      1      1      1      1      1      1      1      1
   GLUA0256      1      1      1      1      1      1      1      3      5      5      5
   ILEA0257      1      1      1      1      1      1      1      1      1      1      1
   HISA0258      1      1      2      2      2      2      2      6      6      6      6
   GLNA0259      1      1      2      2      2      2      2      2      2      2      2
   ALAA0260      1      1      1      1      1      1      1      1      1      1      1
   PHEA0261      1      1      1      1      1      1      1      1      1      1      1
   GLUA0262      1      1      1      1      1      1      1      3      5      5      5
   THRA0263      1      1      1      1      1      1      1      1      3      3      2
   META0264      1      1      1      1      1      1      1      1      1      1      1
   PHEA0265      1      1      1      1      1      1      1      1      1      1      1
   GLNA0266      1      1      2      2      2      2      2      2      2      2      2
   GLUA0267      1      1      1      1      1      1      1      3      5      5      5
   SERA0268      1      1      1      1      1      1      1      1      1      1      1
   SERA0269      1      1      1      1      1      1      1      1      3      3      2
   ILEA0270      1      1      1      1      1      1      1      1      1      1      1
   DB8B0001      1      1      1      1      1      1      2      6      5      5      5
   Total       256    256    279    279    278    278    276    452    588    588    582
