   Rotamer making statitics:
   Residue   Start  Clean   Swap Rotate   Self  Hbond Repack  Ioni.   TorH     OH  Elect
   HISA0001      1      1      2      2      2      2      2      6      6      6      6
   CYSA0002      1      1      1      1      1      1      1      2      4      4      4
   GLUA0003      1      1      1      1      1      1      1      3      5      5      5
   ARGA0004      1      1      1      1      1      1      1      4      4      4      4
   LEUA0005      1      1      1      1      1      1      1      1      1      1      1
   PROA0006      1      1      1      1      1      1      1      1      1      1      1
   TYRA0007      1      1      1      1      1      1      1      2      3      3      3
   ASPA0008      1      1      1      1      1      1      1      3      5      5      5
   ALAA0009      1      1      1      1      1      1      1      1      1      1      1
   SERA0010      1      1      1      1      1      1      1      1      3      3      3
   LYSA0011      1      1      1      1      1      1      1      2      2      2      2
   TRPA0012      1      1      1      1      1      1      1      1      1      1      1
   GLUA0013      1      1      1      1      1      1      1      3      5      5      5
   PHEA0014      1      1      1      1      1      1      1      1      1      1      1
   PROA0015      1      1      1      1      1      1      1      1      1      1      1
   ARGA0016      1      1      1      1      1      1      1      4      5      5      5
   ASPA0017      1      1      1      1      1      1      1      3      5      5      5
   ARGA0018      1      1      1      1      1      1      1      4      4      4      4
   LEUA0019      1      1      1      1      1      1      1      1      1      1      1
   LYSA0020      1      1      1      1      1      1      1      2      2      2      2
   LEUA0021      1      1      1      1      1      1      1      1      1      1      1
   GLYA0022      0      0      0      0      0      0      0      0      0      0      0
   LYSA0023      1      1      1      1      1      1      1      2      2      2      2
   PROA0024      1      1      1      1      1      1      1      1      1      1      1
   LEUA0025      1      1      1      1      1      1      1      1      1      1      1
   GLYA0026      0      0      0      0      0      0      0      0      0      0      0
   ARGA0027      1      1      1      1      1      1      1      4      4      4      4
   GLYA0028      0      0      0      0      0      0      0      0      0      0      0
   ALAA0029      1      1      1      1      1      1      1      1      1      1      1
   PHEA0030      1      1      1      1      1      1      1      1      1      1      1
   GLYA0031      0      0      0      0      0      0      0      0      0      0      0
   GLNA0032      1      1      2      2      2      2      2      2      2      2      2
   VALA0033      1      1      1      1      1      1      1      1      1      1      1
   ILEA0034      1      1      1      1      1      1      1      1      1      1      1
   GLUA0035      1      1      1      1      1      1      1      3      5      5      5
   ALAA0036      1      1      1      1      1      1      1      1      1      1      1
   ASPA0037      1      1      1      1      1      1      1      3      5      5      5
   ALAA0038      1      1      1      1      1      1      1      1      1      1      1
   PHEA0039      1      1      1      1      1      1      1      1      1      1      1
   GLYA0040      0      0      0      0      0      0      0      0      0      0      0
   ILEA0041      1      1      1      1      1      1      1      1      1      1      1
   ASPA0042      1      1      1      1      1      1      1      3      5      5      5
   LYSA0043      1      1      1      1      1      1      1      2      2      2      2
   THRA0044      1      1      1      1      1      1      1      1      2      2      2
   ALAA0045      1      1      1      1      1      1      1      1      1      1      1
   THRA0046      1      1      1      1      1      1      1      1      2      2      1
   CYSA0047      1      1      1      1      1      1      1      2      4      4      4
   ARGA0048      1      1      1      1      1      1      1      4      5      5      5
   THRA0049      1      1      1      1      1      1      1      1      2      2      2
   VALA0050      1      1      1      1      1      1      1      1      1      1      1
   ALAA0051      1      1      1      1      1      1      1      1      1      1      1
   VALA0052      1      1      1      1      1      1      1      1      1      1      1
   LYSA0053      1      1      1      1      1      1      1      2      2      2      2
   META0054      1      1      1      1      1      1      1      1      1      1      1
   LEUA0055      1      1      1      1      1      1      1      1      1      1      1
   LYSA0056      1      1      1      1      1      1      1      2      2      2      2
   GLUA0057      1      1      1      1      1      1      1      3      5      5      5
   GLYA0058      0      0      0      0      0      0      0      0      0      0      0
   ALAA0059      1      1      1      1      1      1      1      1      1      1      1
   THRA0060      1      1      1      1      1      1      1      1      2      2      2
   HISA0061      1      1      2      2      2      2      2      6      6      6      6
   SERA0062      1      1      1      1      1      1      1      1      2      2      2
   GLUA0063      1      1      1      1      1      1      1      3      5      5      5
   HISA0064      1      1      2      2      2      2      2      6      6      6      6
   ARGA0065      1      1      1      1      1      1      1      4      4      4      4
   ALAA0066      1      1      1      1      1      1      1      1      1      1      1
   LEUA0067      1      1      1      1      1      1      1      1      1      1      1
   META0068      1      1      1      1      1      1      1      1      1      1      1
   SERA0069      1      1      1      1      1      1      1      1      2      2      1
   GLUA0070      1      1      1      1      1      1      1      3      5      5      5
   LEUA0071      1      1      1      1      1      1      1      1      1      1      1
   LYSA0072      1      1      1      1      1      1      1      2      2      2      2
   ILEA0073      1      1      1      1      1      1      1      1      1      1      1
   LEUA0074      1      1      1      1      1      1      1      1      1      1      1
   ILEA0075      1      1      1      1      1      1      1      1      1      1      1
   HISA0076      1      1      2      2      1      1      1      3      3      3      3
   ILEA0077      1      1      1      1      1      1      1      1      1      1      1
   GLYA0078      0      0      0      0      0      0      0      0      0      0      0
   HISA0079      1      1      2      2      2      2      2      6      6      6      6
   HISA0080      1      1      2      2      1      1      1      3      3      3      3
   LEUA0081      1      1      1      1      1      1      1      1      1      1      1
   ASNA0082      1      1      2      2      2      2      2      2      2      2      2
   VALA0083      1      1      1      1      1      1      1      1      1      1      1
   VALA0084      1      1      1      1      1      1      1      1      1      1      1
   ASNA0085      1      1      2      2      2      2      2      2      2      2      2
   LEUA0086      1      1      1      1      1      1      1      1      1      1      1
   LEUA0087      1      1      1      1      1      1      1      1      1      1      1
   GLYA0088      0      0      0      0      0      0      0      0      0      0      0
   ALAA0089      1      1      1      1      1      1      1      1      1      1      1
   CYSA0090      1      1      1      1      1      1      1      2      4      4      4
   THRA0091      1      1      1      1      1      1      1      1      3      3      3
   LYSA0092      1      1      1      1      1      1      1      2      2      2      2
   PROA0093      1      1      1      1      1      1      1      1      1      1      1
   GLYA0094      0      0      0      0      0      0      0      0      0      0      0
   GLYA0095      0      0      0      0      0      0      0      0      0      0      0
   PROA0096      1      1      1      1      1      1      1      1      1      1      1
   LEUA0097      1      1      1      1      1      1      1      1      1      1      1
   META0098      1      1      1      1      1      1      1      1      1      1      1
   VALA0099      1      1      1      1      1      1      1      1      1      1      1
   ILEA0100      1      1      1      1      1      1      1      1      1      1      1
   VALA0101      1      1      1      1      1      1      1      1      1      1      1
   GLUA0102      1      1      1      1      1      1      1      3      5      5      5
   PHEA0103      1      1      1      1      1      1      1      1      1      1      1
   CYSA0104      1      1      1      1      1      1      1      2      4      4      4
   LYSA0105      1      1      1      1      1      1      1      2      2      2      2
   PHEA0106      1      1      1      1      1      1      1      1      1      1      1
   GLYA0107      0      0      0      0      0      0      0      0      0      0      0
   ASNA0108      1      1      2      2      2      2      2      2      2      2      2
   LEUA0109      1      1      1      1      1      1      1      1      1      1      1
   SERA0110      1      1      1      1      1      1      1      1      2      2      2
   THRA0111      1      1      1      1      1      1      1      1      3      3      3
   TYRA0112      1      1      1      1      1      1      1      2      2      2      2
   LEUA0113      1      1      1      1      1      1      1      1      1      1      1
   ARGA0114      1      1      1      1      1      1      1      4      4      4      4
   SERA0115      1      1      1      1      1      1      1      1      2      2      2
   LYSA0116      1      1      1      1      1      1      1      2      2      2      2
   ARGA0117      1      1      1      1      1      1      1      4      4      4      4
   ASNA0118      1      1      2      2      2      2      2      2      2      2      2
   GLUA0119      1      1      1      1      1      1      1      3      5      5      5
   PHEA0120      1      1      1      1      1      1      1      1      1      1      1
   VALA0121      1      1      1      1      1      1      1      1      1      1      1
   PROA0122      1      1      1      1      1      1      1      1      1      1      1
   TYRA0123      1      1      1      1      1      1      1      2      2      2      2
   TYRA0124      1      1      1      1      1      1      1      2      3      3      3
   LYSA0125      1      1      1      1      1      1      1      2      2      2      2
   ASPA0126      1      1      1      1      1      1      1      3      5      5      5
   PHEA0127      1      1      1      1      1      1      1      1      1      1      1
   LEUA0128      1      1      1      1      1      1      1      1      1      1      1
   THRA0129      1      1      1      1      1      1      1      1      2      2      2
   LEUA0130      1      1      1      1      1      1      1      1      1      1      1
   GLUA0131      1      1      1      1      1      1      1      3      5      5      5
   HISA0132      1      1      2      2      2      2      1      3      3      3      3
   LEUA0133      1      1      1      1      1      1      1      1      1      1      1
   ILEA0134      1      1      1      1      1      1      1      1      1      1      1
   CYSA0135      1      1      1      1      1      1      1      2      4      4      4
   TYRA0136      1      1      1      1      1      1      1      2      3      3      3
   SERA0137      1      1      1      1      1      1      1      1      3      3      2
   PHEA0138      1      1      1      1      1      1      1      1      1      1      1
   GLNA0139      1      1      2      2      2      2      2      2      2      2      2
   VALA0140      1      1      1      1      1      1      1      1      1      1      1
   ALAA0141      1      1      1      1      1      1      1      1      1      1      1
   LYSA0142      1      1      1      1      1      1      1      2      2      2      2
   GLYA0143      0      0      0      0      0      0      0      0      0      0      0
   META0144      1      1      1      1      1      1      1      1      1      1      1
   GLUA0145      1      1      1      1      1      1      1      3      5      5      5
   PHEA0146      1      1      1      1      1      1      1      1      1      1      1
   LEUA0147      1      1      1      1      1      1      1      1      1      1      1
   ALAA0148      1      1      1      1      1      1      1      1      1      1      1
   SERA0149      1      1      1      1      1      1      1      1      3      3      3
   ARGA0150      1      1      1      1      1      1      1      4      4      4      4
   LYSA0151      1      1      1      1      1      1      1      2      2      2      2
   CYSA0152      1      1      1      1      1      1      1      2      4      4      4
   ILEA0153      1      1      1      1      1      1      1      1      1      1      1
   HISA0154      1      1      2      2      1      1      1      3      3      3      3
   ARGA0155      1      1      1      1      1      1      1      4      4      4      4
   ASPA0156      1      1      1      1      1      1      1      3      5      5      5
   LEUA0157      1      1      1      1      1      1      1      1      1      1      1
   ALAA0158      1      1      1      1      1      1      1      1      1      1      1
   ALAA0159      1      1      1      1      1      1      1      1      1      1      1
   ARGA0160      1      1      1      1      1      1      1      4      6      6      6
   ASNA0161      1      1      2      2      2      2      2      2      2      2      2
   ILEA0162      1      1      1      1      1      1      1      1      1      1      1
   LEUA0163      1      1      1      1      1      1      1      1      1      1      1
   LEUA0164      1      1      1      1      1      1      1      1      1      1      1
   SERA0165      1      1      1      1      1      1      1      1      2      2      2
   GLUA0166      1      1      1      1      1      1      1      3      5      5      5
   LYSA0167      1      1      1      1      1      1      1      2      2      2      2
   ASNA0168      1      1      2      2      2      2      2      2      2      2      2
   VALA0169      1      1      1      1      1      1      1      1      1      1      1
   VALA0170      1      1      1      1      1      1      1      1      1      1      1
   LYSA0171      1      1      1      1      1      1      1      2      2      2      2
   ILEA0172      1      1      1      1      1      1      1      1      1      1      1
   CYSA0173      1      1      1      1      1      1      1      2      4      4      4
   ASPA0174      1      1      1      1      1      1      1      3      5      5      5
   PHEA0175      1      1      1      1      1      1      1      1      1      1      1
   GLYA0176      0      0      0      0      0      0      0      0      0      0      0
   LEUA0177      1      1      1      1      1      1      1      1      1      1      1
   ALAA0178      1      1      1      1      1      1      1      1      1      1      1
   ARGA0179      1      1      1      1      1      1      1      4      5      5      5
   ASPA0180      1      1      1      1      1      1      1      3      5      5      5
   ILEA0181      1      1      1      1      1      1      1      1      1      1      1
   TYRA0182      1      1      1      1      1      1      1      2      3      3      2
   LYSA0183      1      1      1      1      1      1      1      2      2      2      2
   ASPA0184      1      1      1      1      1      1      1      3      5      5      5
   PROA0185      1      1      1      1      1      1      1      1      1      1      1
   ASPA0186      1      1      1      1      1      1      1      3      5      5      5
   TYRA0187      1      1      1      1      1      1      1      2      3      3      3
   VALA0188      1      1      1      1      1      1      1      1      1      1      1
   ARGA0189      1      1      1      1      1      1      1      4      4      4      4
   LYSA0190      1      1      1      1      1      1      1      2      2      2      2
   GLYA0191      0      0      0      0      0      0      0      0      0      0      0
   ASPA0192      1      1      1      1      1      1      1      3      5      5      5
   ALAA0193      1      1      1      1      1      1      1      1      1      1      1
   ARGA0194      1      1      1      1      1      1      1      4      4      4      4
   LEUA0195      1      1      1      1      1      1      1      1      1      1      1
   PROA0196      1      1      1      1      1      1      1      1      1      1      1
   LEUA0197      1      1      1      1      1      1      1      1      1      1      1
   LYSA0198      1      1      1      1      1      1      1      2      2      2      2
   TRPA0199      1      1      1      1      1      1      1      1      1      1      1
   META0200      1      1      1      1      1      1      1      1      1      1      1
   ALAA0201      1      1      1      1      1      1      1      1      1      1      1
   PROA0202      1      1      1      1      1      1      1      1      1      1      1
   GLUA0203      1      1      1      1      1      1      1      3      5      5      5
   THRA0204      1      1      1      1      1      1      1      1      3      3      3
   ILEA0205      1      1      1      1      1      1      1      1      1      1      1
   PHEA0206      1      1      1      1      1      1      1      1      1      1      1
   ASPA0207      1      1      1      1      1      1      1      3      5      5      5
   ARGA0208      1      1      1      1      1      1      1      4      5      5      5
   VALA0209      1      1      1      1      1      1      1      1      1      1      1
   TYRA0210      1      1      1      1      1      1      1      2      2      2      2
   THRA0211      1      1      1      1      1      1      1      1      2      2      2
   ILEA0212      1      1      1      1      1      1      1      1      1      1      1
   GLNA0213      1      1      2      2      2      2      2      2      2      2      2
   SERA0214      1      1      1      1      1      1      1      1      2      2      1
   ASPA0215      1      1      1      1      1      1      1      3      5      5      5
   VALA0216      1      1      1      1      1      1      1      1      1      1      1
   TRPA0217      1      1      1      1      1      1      1      1      1      1      1
   SERA0218      1      1      1      1      1      1      1      1      2      2      2
   PHEA0219      1      1      1      1      1      1      1      1      1      1      1
   GLYA0220      0      0      0      0      0      0      0      0      0      0      0
   VALA0221      1      1      1      1      1      1      1      1      1      1      1
   LEUA0222      1      1      1      1      1      1      1      1      1      1      1
   LEUA0223      1      1      1      1      1      1      1      1      1      1      1
   TRPA0224      1      1      1      1      1      1      1      1      1      1      1
   GLUA0225      1      1      1      1      1      1      1      3      5      5      5
   ILEA0226      1      1      1      1      1      1      1      1      1      1      1
   PHEA0227      1      1      1      1      1      1      1      1      1      1      1
   SERA0228      1      1      1      1      1      1      1      1      2      2      2
   LEUA0229      1      1      1      1      1      1      1      1      1      1      1
   GLYA0230      0      0      0      0      0      0      0      0      0      0      0
   ALAA0231      1      1      1      1      1      1      1      1      1      1      1
   SERA0232      1      1      1      1      1      1      1      1      2      2      2
   PROA0233      1      1      1      1      1      1      1      1      1      1      1
   TYRA0234      1      1      1      1      1      1      1      2      3      3      2
   PROA0235      1      1      1      1      1      1      1      1      1      1      1
   GLYA0236      0      0      0      0      0      0      0      0      0      0      0
   VALA0237      1      1      1      1      1      1      1      1      1      1      1
   LYSA0238      1      1      1      1      1      1      1      2      2      2      2
   ILEA0239      1      1      1      1      1      1      1      1      1      1      1
   ASPA0240      1      1      1      1      1      1      1      3      5      5      5
   GLUA0241      1      1      1      1      1      1      1      3      5      5      5
   GLUA0242      1      1      1      1      1      1      1      3      5      5      5
   PHEA0243      1      1      1      1      1      1      1      1      1      1      1
   CYSA0244      1      1      1      1      1      1      1      2      4      4      4
   ARGA0245      1      1      1      1      1      1      1      4      6      6      6
   ARGA0246      1      1      1      1      1      1      1      4      4      4      4
   LEUA0247      1      1      1      1      1      1      1      1      1      1      1
   LYSA0248      1      1      1      1      1      1      1      2      2      2      2
   GLUA0249      1      1      1      1      1      1      1      3      5      5      5
   GLYA0250      0      0      0      0      0      0      0      0      0      0      0
   THRA0251      1      1      1      1      1      1      1      1      2      2      2
   ARGA0252      1      1      1      1      1      1      1      4      5      5      5
   META0253      1      1      1      1      1      1      1      1      1      1      1
   ARGA0254      1      1      1      1      1      1      1      4      5      5      5
   ALAA0255      1      1      1      1      1      1      1      1      1      1      1
   PROA0256      1      1      1      1      1      1      1      1      1      1      1
   ASPA0257      1      1      1      1      1      1      1      3      5      5      5
   TYRA0258      1      1      1      1      1      1      1      2      3      3      3
   THRA0259      1      1      1      1      1      1      1      1      2      2      2
   THRA0260      1      1      1      1      1      1      1      1      3      3      3
   PROA0261      1      1      1      1      1      1      1      1      1      1      1
   GLUA0262      1      1      1      1      1      1      1      3      5      5      5
   META0263      1      1      1      1      1      1      1      1      1      1      1
   TYRA0264      1      1      1      1      1      1      1      2      3      3      3
   GLNA0265      1      1      2      2      2      2      2      2      2      2      2
   THRA0266      1      1      1      1      1      1      1      1      3      3      3
   META0267      1      1      1      1      1      1      1      1      1      1      1
   LEUA0268      1      1      1      1      1      1      1      1      1      1      1
   ASPA0269      1      1      1      1      1      1      1      3      5      5      5
   CYSA0270      1      1      1      1      1      1      1      2      4      4      4
   TRPA0271      1      1      1      1      1      1      1      1      1      1      1
   HISA0272      1      1      2      2      1      1      1      3      3      3      3
   GLYA0273      0      0      0      0      0      0      0      0      0      0      0
   GLUA0274      1      1      1      1      1      1      1      3      5      5      5
   PROA0275      1      1      1      1      1      1      1      1      1      1      1
   SERA0276      1      1      1      1      1      1      1      1      2      2      2
   GLNA0277      1      1      2      2      2      2      2      2      2      2      2
   ARGA0278      1      1      1      1      1      1      1      4      6      6      6
   PROA0279      1      1      1      1      1      1      1      1      1      1      1
   THRA0280      1      1      1      1      1      1      1      1      3      3      3
   PHEA0281      1      1      1      1      1      1      1      1      1      1      1
   SERA0282      1      1      1      1      1      1      1      1      2      2      2
   GLUA0283      1      1      1      1      1      1      1      3      5      5      5
   LEUA0284      1      1      1      1      1      1      1      1      1      1      1
   VALA0285      1      1      1      1      1      1      1      1      1      1      1
   GLUA0286      1      1      1      1      1      1      1      3      5      5      5
   HISA0287      1      1      2      2      2      2      2      6      6      6      6
   LEUA0288      1      1      1      1      1      1      1      1      1      1      1
   GLYA0289      0      0      0      0      0      0      0      0      0      0      0
   ASNA0290      1      1      2      2      2      2      2      2      2      2      2
   LEUA0291      1      1      1      1      1      1      1      1      1      1      1
   LEUA0292      1      1      1      1      1      1      1      1      1      1      1
   GLNA0293      1      1      2      2      2      2      2      2      2      2      2
   ALAA0294      1      1      1      1      1      1      1      1      1      1      1
   ASNA0295      1      1      2      2      2      2      2      2      2      2      2
   ALAA0296      1      1      1      1      1      1      1      1      1      1      1
   AXIB0001      1      1      1      1      1      1      2      5      7      7      7
   Total       277    277    301    301    297    297    297    502    651    651    645
