 ph              7.4   7.4   7.4   7.4   7.4
ASN01A0001_001 0.135 0.137 0.137 0.137 0.135
ASN01A0001_002 0.865 0.863 0.863 0.863 0.865
PRO01A0002_001 1.000 1.000 1.000 1.000 1.000
ASN01A0003_001 0.306 0.317 0.309 0.310 0.310
ASN01A0003_002 0.694 0.683 0.691 0.690 0.690
TYR01A0004_001 1.000 1.000 1.000 1.000 1.000
TYR-1A0004_002 0.000 0.000 0.000 0.000 0.000
CYS01A0005_001 0.205 0.201 0.204 0.207 0.206
CYS01A0005_002 0.343 0.341 0.345 0.335 0.346
CYS01A0005_003 0.441 0.446 0.439 0.446 0.438
CYS-1A0005_004 0.011 0.012 0.012 0.012 0.010
PHE01A0006_001 1.000 1.000 1.000 1.000 1.000
ALA01A0007_001 1.000 1.000 1.000 1.000 1.000
LYS01A0009_001 0.007 0.008 0.007 0.007 0.007
LYS+1A0009_002 0.993 0.992 0.993 0.993 0.993
THR01A0010_001 0.068 0.073 0.066 0.078 0.067
THR01A0010_002 0.029 0.029 0.027 0.031 0.029
THR01A0010_003 0.904 0.898 0.907 0.891 0.903
SER01A0011_001 1.000 1.000 1.000 1.000 1.000
SER01A0012_001 0.000 0.000 0.000 0.000 0.000
SER01A0012_002 0.013 0.012 0.013 0.013 0.012
SER01A0012_003 0.987 0.988 0.987 0.987 0.988
ILE01A0013_001 1.000 1.000 1.000 1.000 1.000
SER01A0014_001 0.882 0.883 0.887 0.885 0.886
SER01A0014_002 0.118 0.117 0.113 0.115 0.114
ASP01A0015_001 0.000 0.000 0.000 0.000 0.000
ASP01A0015_002 0.000 0.000 0.000 0.000 0.000
ASP02A0015_003 0.000 0.000 0.000 0.000 0.000
ASP02A0015_004 0.000 0.000 0.000 0.000 0.000
ASP-1A0015_005 1.000 1.000 1.000 1.000 1.000
LEU01A0016_001 1.000 1.000 1.000 1.000 1.000
LYS01A0017_001 0.236 0.235 0.243 0.235 0.231
LYS+1A0017_002 0.764 0.765 0.757 0.765 0.769
GLU01A0018_001 0.000 0.000 0.000 0.000 0.000
GLU01A0018_002 0.000 0.000 0.000 0.000 0.000
GLU02A0018_003 0.000 0.000 0.000 0.000 0.000
GLU02A0018_004 0.000 0.000 0.000 0.000 0.000
GLU-1A0018_005 1.000 1.000 1.000 1.000 1.000
VAL01A0019_001 1.000 1.000 1.000 1.000 1.000
PRO01A0020_001 1.000 1.000 1.000 1.000 1.000
ARG01A0021_001 0.000 0.000 0.000 0.000 0.000
ARG02A0021_002 0.000 0.000 0.000 0.000 0.000
ARG03A0021_003 0.000 0.000 0.000 0.000 0.000
ARG03A0021_004 0.000 0.000 0.000 0.000 0.000
ARG+1A0021_005 1.000 1.000 1.000 1.000 1.000
LYS01A0022_001 0.026 0.028 0.031 0.031 0.028
LYS+1A0022_002 0.974 0.972 0.969 0.969 0.972
ASN01A0023_001 1.000 1.000 1.000 1.000 1.000
ILE01A0024_001 1.000 1.000 1.000 1.000 1.000
THR01A0025_001 1.000 1.000 1.000 1.000 1.000
LEU01A0026_001 1.000 1.000 1.000 1.000 1.000
ILE01A0027_001 1.000 1.000 1.000 1.000 1.000
ARG01A0028_001 0.000 0.000 0.000 0.000 0.000
ARG02A0028_002 0.000 0.000 0.000 0.000 0.000
ARG02A0028_003 0.000 0.000 0.000 0.000 0.000
ARG03A0028_004 0.000 0.000 0.000 0.000 0.000
ARG+1A0028_005 1.000 1.000 1.000 1.000 1.000
LEU01A0030_001 1.000 1.000 1.000 1.000 1.000
HIS01A0032_001 0.123 0.126 0.123 0.125 0.127
HIS01A0032_002 0.240 0.243 0.236 0.244 0.244
HIS02A0032_003 0.221 0.219 0.224 0.217 0.221
HIS02A0032_004 0.282 0.284 0.284 0.279 0.276
HIS+1A0032_005 0.054 0.054 0.054 0.056 0.055
HIS+1A0032_006 0.080 0.075 0.078 0.079 0.077
ALA01A0034_001 1.000 1.000 1.000 1.000 1.000
PHE01A0035_001 1.000 1.000 1.000 1.000 1.000
GLU01A0037_001 0.000 0.000 0.000 0.000 0.000
GLU01A0037_002 0.000 0.000 0.000 0.000 0.000
GLU02A0037_003 0.000 0.000 0.000 0.000 0.000
GLU02A0037_004 0.000 0.001 0.001 0.000 0.000
GLU-1A0037_005 1.000 0.999 0.999 1.000 1.000
VAL01A0038_001 1.000 1.000 1.000 1.000 1.000
TYR01A0039_001 0.450 0.451 0.448 0.446 0.451
TYR01A0039_002 0.550 0.549 0.552 0.554 0.549
TYR-1A0039_003 0.000 0.000 0.000 0.000 0.000
GLU01A0040_001 0.000 0.000 0.000 0.000 0.000
GLU01A0040_002 0.000 0.000 0.003 0.003 0.003
GLU02A0040_003 0.000 0.000 0.000 0.000 0.000
GLU02A0040_004 0.000 0.000 0.000 0.000 0.000
GLU-1A0040_005 1.000 1.000 0.997 0.997 0.997
GLN01A0042_001 0.629 0.618 0.623 0.628 0.618
GLN01A0042_002 0.371 0.382 0.377 0.372 0.382
VAL01A0043_001 1.000 1.000 1.000 1.000 1.000
SER01A0044_001 0.914 0.910 0.913 0.908 0.909
SER01A0044_002 0.086 0.090 0.087 0.092 0.091
MET01A0046_001 1.000 1.000 1.000 1.000 1.000
PRO01A0047_001 1.000 1.000 1.000 1.000 1.000
ASN01A0048_001 0.000 0.001 0.000 0.001 0.001
ASN01A0048_002 1.000 0.999 1.000 0.999 0.999
ASP01A0049_001 0.000 0.000 0.000 0.000 0.000
ASP01A0049_002 0.000 0.000 0.000 0.000 0.000
ASP02A0049_003 0.000 0.000 0.000 0.000 0.000
ASP02A0049_004 0.000 0.000 0.000 0.000 0.000
ASP-1A0049_005 1.000 1.000 1.000 1.000 1.000
PRO01A0050_001 1.000 1.000 1.000 1.000 1.000
SER01A0051_001 0.160 0.162 0.164 0.163 0.163
SER01A0051_002 0.840 0.838 0.836 0.837 0.837
PRO01A0052_001 1.000 1.000 1.000 1.000 1.000
LEU01A0053_001 1.000 1.000 1.000 1.000 1.000
GLN01A0054_001 0.820 0.815 0.811 0.814 0.814
GLN01A0054_002 0.180 0.185 0.189 0.186 0.186
VAL01A0055_001 1.000 1.000 1.000 1.000 1.000
ALA01A0056_001 1.000 1.000 1.000 1.000 1.000
VAL01A0057_001 1.000 1.000 1.000 1.000 1.000
LYS01A0058_001 0.001 0.001 0.001 0.000 0.000
LYS+1A0058_002 0.999 0.999 0.999 1.000 1.000
THR01A0059_001 1.000 1.000 1.000 1.000 1.000
LEU01A0060_001 1.000 1.000 1.000 1.000 1.000
PRO01A0061_001 1.000 1.000 1.000 1.000 1.000
GLU01A0062_001 0.000 0.000 0.000 0.000 0.000
GLU01A0062_002 0.000 0.000 0.000 0.000 0.000
GLU02A0062_003 0.000 0.000 0.000 0.000 0.000
GLU02A0062_004 0.002 0.000 0.002 0.000 0.002
GLU-1A0062_005 0.998 1.000 0.998 1.000 0.998
VAL01A0063_001 1.000 1.000 1.000 1.000 1.000
CYS01A0064_001 0.335 0.338 0.337 0.342 0.337
CYS01A0064_002 0.469 0.468 0.471 0.465 0.470
CYS01A0064_003 0.195 0.194 0.192 0.193 0.194
CYS-1A0064_004 0.000 0.000 0.000 0.000 0.000
SER01A0065_001 0.021 0.021 0.023 0.024 0.021
SER01A0065_002 0.000 0.000 0.000 0.000 0.000
SER01A0065_003 0.979 0.979 0.977 0.976 0.979
GLU01A0066_001 0.000 0.000 0.000 0.000 0.000
GLU01A0066_002 0.000 0.001 0.000 0.000 0.000
GLU02A0066_003 0.000 0.000 0.000 0.000 0.000
GLU02A0066_004 0.000 0.000 0.000 0.000 0.000
GLU-1A0066_005 1.000 0.999 1.000 1.000 1.000
GLN01A0067_001 1.000 1.000 1.000 1.000 1.000
ASP01A0068_001 0.000 0.000 0.000 0.000 0.000
ASP01A0068_002 0.000 0.000 0.000 0.000 0.000
ASP02A0068_003 0.000 0.000 0.000 0.000 0.000
ASP02A0068_004 0.000 0.000 0.000 0.000 0.000
ASP-1A0068_005 1.000 1.000 1.000 1.000 1.000
GLU01A0069_001 0.000 0.000 0.000 0.000 0.000
GLU01A0069_002 0.000 0.000 0.000 0.000 0.000
GLU02A0069_003 0.000 0.000 0.000 0.000 0.000
GLU02A0069_004 0.000 0.000 0.000 0.000 0.000
GLU-1A0069_005 1.000 1.000 1.000 1.000 1.000
LEU01A0070_001 1.000 1.000 1.000 1.000 1.000
ASP01A0071_001 0.000 0.000 0.000 0.000 0.000
ASP01A0071_002 0.000 0.000 0.000 0.000 0.000
ASP02A0071_003 0.004 0.000 0.003 0.004 0.003
ASP02A0071_004 0.004 0.000 0.003 0.000 0.003
ASP-1A0071_005 0.992 1.000 0.994 0.996 0.994
PHE01A0072_001 1.000 1.000 1.000 1.000 1.000
LEU01A0073_001 1.000 1.000 1.000 1.000 1.000
MET01A0074_001 1.000 1.000 1.000 1.000 1.000
GLU01A0075_001 0.000 0.000 0.000 0.000 0.000
GLU01A0075_002 0.000 0.000 0.002 0.000 0.000
GLU02A0075_003 0.000 0.000 0.000 0.000 0.000
GLU02A0075_004 0.004 0.000 0.003 0.005 0.000
GLU-1A0075_005 0.996 1.000 0.994 0.995 1.000
ALA01A0076_001 1.000 1.000 1.000 1.000 1.000
LEU01A0077_001 1.000 1.000 1.000 1.000 1.000
ILE01A0078_001 1.000 1.000 1.000 1.000 1.000
ILE01A0079_001 1.000 1.000 1.000 1.000 1.000
SER01A0080_001 0.120 0.125 0.120 0.125 0.126
SER01A0080_002 0.726 0.721 0.726 0.718 0.719
SER01A0080_003 0.154 0.155 0.153 0.157 0.155
LYS01A0081_001 0.000 0.000 0.000 0.000 0.000
LYS+1A0081_002 1.000 1.000 1.000 1.000 1.000
PHE01A0082_001 1.000 1.000 1.000 1.000 1.000
ASN01A0083_001 1.000 1.000 1.000 1.000 1.000
HIS01A0084_001 1.000 1.000 1.000 1.000 1.000
HIS01A0084_002 0.000 0.000 0.000 0.000 0.000
HIS02A0084_003 0.000 0.000 0.000 0.000 0.000
HIS02A0084_004 0.000 0.000 0.000 0.000 0.000
HIS+1A0084_005 0.000 0.000 0.000 0.000 0.000
HIS+1A0084_006 0.000 0.000 0.000 0.000 0.000
GLN01A0085_001 0.724 0.721 0.720 0.723 0.726
GLN01A0085_002 0.276 0.279 0.280 0.277 0.274
ASN01A0086_001 1.000 1.000 1.000 1.000 1.000
ASN01A0086_002 0.000 0.000 0.000 0.000 0.000
ILE01A0087_001 1.000 1.000 1.000 1.000 1.000
VAL01A0088_001 1.000 1.000 1.000 1.000 1.000
ARG01A0089_001 0.000 0.000 0.000 0.000 0.000
ARG02A0089_002 0.000 0.000 0.000 0.000 0.000
ARG02A0089_003 0.000 0.000 0.000 0.000 0.000
ARG03A0089_004 0.000 0.000 0.000 0.000 0.000
ARG+1A0089_005 1.000 1.000 1.000 1.000 1.000
CYS01A0090_001 0.280 0.284 0.282 0.271 0.278
CYS01A0090_002 0.396 0.396 0.391 0.404 0.393
CYS01A0090_003 0.324 0.320 0.327 0.325 0.328
CYS-1A0090_004 0.000 0.000 0.000 0.000 0.000
ILE01A0091_001 1.000 1.000 1.000 1.000 1.000
VAL01A0093_001 1.000 1.000 1.000 1.000 1.000
SER01A0094_001 0.089 0.086 0.090 0.084 0.083
SER01A0094_002 0.851 0.855 0.851 0.858 0.858
SER01A0094_003 0.060 0.060 0.059 0.058 0.058
LEU01A0095_001 1.000 1.000 1.000 1.000 1.000
GLN01A0096_001 0.063 0.064 0.064 0.065 0.063
GLN01A0096_002 0.937 0.936 0.936 0.935 0.937
SER01A0097_001 1.000 1.000 1.000 1.000 1.000
LEU01A0098_001 1.000 1.000 1.000 1.000 1.000
PRO01A0099_001 1.000 1.000 1.000 1.000 1.000
ARG01A0100_001 0.000 0.000 0.000 0.000 0.000
ARG02A0100_002 0.000 0.000 0.000 0.000 0.000
ARG03A0100_003 0.000 0.000 0.000 0.000 0.000
ARG03A0100_004 0.000 0.000 0.000 0.000 0.000
ARG+1A0100_005 1.000 1.000 1.000 1.000 1.000
PHE01A0101_001 1.000 1.000 1.000 1.000 1.000
ILE01A0102_001 1.000 1.000 1.000 1.000 1.000
LEU01A0103_001 1.000 1.000 1.000 1.000 1.000
LEU01A0104_001 1.000 1.000 1.000 1.000 1.000
GLU01A0105_001 0.000 0.000 0.000 0.000 0.000
GLU01A0105_002 0.000 0.000 0.000 0.000 0.000
GLU02A0105_003 0.000 0.000 0.000 0.000 0.000
GLU02A0105_004 0.000 0.000 0.000 0.000 0.000
GLU-1A0105_005 1.000 1.000 1.000 1.000 1.000
LEU01A0106_001 1.000 1.000 1.000 1.000 1.000
MET01A0107_001 1.000 1.000 1.000 1.000 1.000
ALA01A0108_001 1.000 1.000 1.000 1.000 1.000
ASP01A0111_001 0.000 0.000 0.000 0.000 0.000
ASP01A0111_002 0.000 0.000 0.000 0.000 0.000
ASP02A0111_003 0.000 0.000 0.000 0.000 0.000
ASP02A0111_004 0.000 0.000 0.000 0.000 0.000
ASP-1A0111_005 1.000 1.000 1.000 1.000 1.000
LEU01A0112_001 1.000 1.000 1.000 1.000 1.000
LYS01A0113_001 0.315 0.318 0.315 0.316 0.320
LYS+1A0113_002 0.685 0.682 0.685 0.684 0.680
SER01A0114_001 0.191 0.195 0.195 0.194 0.204
SER01A0114_002 0.051 0.050 0.050 0.053 0.051
SER01A0114_003 0.758 0.755 0.755 0.753 0.745
PHE01A0115_001 1.000 1.000 1.000 1.000 1.000
LEU01A0116_001 1.000 1.000 1.000 1.000 1.000
ARG01A0117_001 0.000 0.000 0.000 0.000 0.000
ARG02A0117_002 0.000 0.000 0.000 0.000 0.000
ARG03A0117_003 0.000 0.000 0.000 0.000 0.000
ARG+1A0117_004 1.000 1.000 1.000 1.000 1.000
GLU01A0118_001 0.000 0.000 0.000 0.000 0.000
GLU01A0118_002 0.000 0.000 0.000 0.000 0.000
GLU02A0118_003 0.000 0.000 0.000 0.000 0.000
GLU02A0118_004 0.000 0.001 0.000 0.001 0.000
GLU-1A0118_005 1.000 0.999 1.000 0.999 1.000
THR01A0119_001 1.000 1.000 1.000 1.000 1.000
ARG01A0120_001 0.000 0.000 0.000 0.000 0.000
ARG02A0120_002 0.000 0.000 0.000 0.000 0.000
ARG02A0120_003 0.000 0.000 0.000 0.000 0.000
ARG03A0120_004 0.000 0.000 0.000 0.000 0.000
ARG+1A0120_005 1.000 1.000 1.000 1.000 1.000
PRO01A0121_001 1.000 1.000 1.000 1.000 1.000
ARG01A0122_001 0.000 0.000 0.000 0.000 0.000
ARG02A0122_002 0.000 0.000 0.000 0.000 0.000
ARG03A0122_003 0.000 0.000 0.000 0.000 0.000
ARG+1A0122_004 1.000 1.000 1.000 1.000 1.000
PRO01A0123_001 1.000 1.000 1.000 1.000 1.000
SER01A0124_001 0.308 0.309 0.304 0.306 0.304
SER01A0124_002 0.692 0.691 0.696 0.694 0.696
GLN01A0125_001 1.000 1.000 1.000 1.000 1.000
PRO01A0126_001 1.000 1.000 1.000 1.000 1.000
SER01A0127_001 0.000 0.000 0.000 0.000 0.000
SER01A0127_002 1.000 1.000 1.000 1.000 1.000
SER01A0127_003 0.000 0.000 0.000 0.000 0.000
SER01A0128_001 1.000 1.000 1.000 1.000 1.000
LEU01A0129_001 1.000 1.000 1.000 1.000 1.000
ALA01A0130_001 1.000 1.000 1.000 1.000 1.000
MET01A0131_001 1.000 1.000 1.000 1.000 1.000
LEU01A0132_001 1.000 1.000 1.000 1.000 1.000
ASP01A0133_001 0.000 0.000 0.000 0.000 0.000
ASP01A0133_002 0.000 0.000 0.000 0.000 0.000
ASP02A0133_003 0.000 0.000 0.000 0.000 0.000
ASP02A0133_004 0.001 0.000 0.000 0.000 0.000
ASP-1A0133_005 0.999 1.000 1.000 1.000 1.000
LEU01A0134_001 1.000 1.000 1.000 1.000 1.000
LEU01A0135_001 1.000 1.000 1.000 1.000 1.000
HIS01A0136_001 0.186 0.178 0.183 0.182 0.184
HIS01A0136_002 0.046 0.043 0.045 0.045 0.045
HIS02A0136_003 0.421 0.438 0.429 0.433 0.432
HIS02A0136_004 0.086 0.093 0.089 0.091 0.086
HIS+1A0136_005 0.233 0.221 0.228 0.222 0.224
HIS+1A0136_006 0.028 0.026 0.025 0.027 0.029
VAL01A0137_001 1.000 1.000 1.000 1.000 1.000
ALA01A0138_001 1.000 1.000 1.000 1.000 1.000
ARG01A0139_001 0.000 0.000 0.000 0.000 0.000
ARG02A0139_002 0.000 0.000 0.000 0.000 0.000
ARG02A0139_003 0.000 0.000 0.000 0.000 0.000
ARG03A0139_004 0.000 0.000 0.000 0.000 0.000
ARG+1A0139_005 1.000 1.000 1.000 1.000 1.000
ASP01A0140_001 0.000 0.000 0.000 0.000 0.000
ASP01A0140_002 0.000 0.000 0.000 0.000 0.000
ASP02A0140_003 0.000 0.000 0.000 0.000 0.000
ASP02A0140_004 0.000 0.003 0.000 0.003 0.002
ASP-1A0140_005 1.000 0.997 1.000 0.997 0.998
ILE01A0141_001 1.000 1.000 1.000 1.000 1.000
ALA01A0142_001 1.000 1.000 1.000 1.000 1.000
CYS01A0143_001 0.321 0.321 0.327 0.319 0.329
CYS01A0143_002 0.326 0.326 0.320 0.326 0.322
CYS01A0143_003 0.352 0.352 0.353 0.355 0.349
CYS-1A0143_004 0.001 0.000 0.000 0.000 0.000
CYS01A0145_001 0.422 0.431 0.424 0.424 0.431
CYS01A0145_002 0.342 0.336 0.340 0.338 0.334
CYS01A0145_003 0.237 0.233 0.236 0.238 0.235
CYS-1A0145_004 0.000 0.000 0.000 0.000 0.000
GLN01A0146_001 0.146 0.145 0.146 0.147 0.150
GLN01A0146_002 0.854 0.855 0.854 0.853 0.850
TYR01A0147_001 0.983 0.984 0.981 0.984 0.983
TYR01A0147_002 0.017 0.016 0.019 0.016 0.017
TYR-1A0147_003 0.000 0.000 0.000 0.000 0.000
LEU01A0148_001 1.000 1.000 1.000 1.000 1.000
GLU01A0149_001 0.000 0.000 0.000 0.000 0.000
GLU01A0149_002 0.000 0.000 0.000 0.000 0.000
GLU02A0149_003 0.000 0.000 0.000 0.000 0.000
GLU02A0149_004 0.000 0.000 0.000 0.000 0.000
GLU-1A0149_005 1.000 1.000 1.000 1.000 1.000
GLU01A0150_001 0.000 0.000 0.000 0.000 0.000
GLU01A0150_002 0.001 0.000 0.000 0.000 0.000
GLU02A0150_003 0.000 0.000 0.000 0.000 0.000
GLU02A0150_004 0.002 0.000 0.000 0.000 0.000
GLU-1A0150_005 0.998 1.000 1.000 1.000 1.000
ASN01A0151_001 0.013 0.011 0.011 0.013 0.013
ASN01A0151_002 0.987 0.989 0.989 0.987 0.987
HIS01A0152_001 0.073 0.065 0.069 0.065 0.071
HIS01A0152_002 0.092 0.086 0.086 0.085 0.093
HIS02A0152_003 0.119 0.110 0.111 0.106 0.116
HIS02A0152_004 0.073 0.070 0.068 0.071 0.074
HIS+1A0152_005 0.368 0.376 0.370 0.373 0.365
HIS+1A0152_006 0.275 0.293 0.296 0.300 0.280
PHE01A0153_001 1.000 1.000 1.000 1.000 1.000
ILE01A0154_001 1.000 1.000 1.000 1.000 1.000
HIS01A0155_001 1.000 1.000 1.000 1.000 1.000
HIS02A0155_002 0.000 0.000 0.000 0.000 0.000
HIS+1A0155_003 0.000 0.000 0.000 0.000 0.000
ARG01A0156_001 0.000 0.000 0.000 0.000 0.000
ARG02A0156_002 0.000 0.000 0.000 0.000 0.000
ARG03A0156_003 0.000 0.000 0.000 0.000 0.000
ARG+1A0156_004 1.000 1.000 1.000 1.000 1.000
ASP01A0157_001 0.003 0.000 0.003 0.003 0.003
ASP01A0157_002 0.074 0.075 0.079 0.072 0.076
ASP02A0157_003 0.033 0.035 0.035 0.030 0.034
ASP02A0157_004 0.665 0.657 0.649 0.654 0.657
ASP-1A0157_005 0.226 0.233 0.234 0.242 0.230
ILE01A0158_001 1.000 1.000 1.000 1.000 1.000
ALA01A0159_001 1.000 1.000 1.000 1.000 1.000
ALA01A0160_001 1.000 1.000 1.000 1.000 1.000
ARG01A0161_001 0.000 0.000 0.000 0.000 0.000
ARG02A0161_002 0.000 0.000 0.000 0.000 0.000
ARG03A0161_003 0.000 0.000 0.000 0.000 0.000
ARG03A0161_004 0.000 0.000 0.000 0.000 0.000
ARG+1A0161_005 1.000 1.000 1.000 1.000 1.000
ASN01A0162_001 0.994 0.994 0.995 0.994 0.994
ASN01A0162_002 0.006 0.006 0.005 0.006 0.006
CYS01A0163_001 0.245 0.246 0.249 0.246 0.246
CYS01A0163_002 0.543 0.544 0.539 0.542 0.537
CYS01A0163_003 0.212 0.210 0.212 0.213 0.217
CYS-1A0163_004 0.000 0.000 0.000 0.000 0.000
LEU01A0164_001 1.000 1.000 1.000 1.000 1.000
LEU01A0165_001 1.000 1.000 1.000 1.000 1.000
THR01A0166_001 0.000 0.000 0.000 0.000 0.000
THR01A0166_002 0.008 0.008 0.008 0.008 0.007
THR01A0166_003 0.992 0.992 0.992 0.992 0.993
CYS01A0167_001 0.196 0.196 0.200 0.195 0.195
CYS01A0167_002 0.145 0.145 0.143 0.139 0.144
CYS01A0167_003 0.641 0.644 0.641 0.651 0.643
CYS-1A0167_004 0.019 0.015 0.016 0.015 0.018
PRO01A0168_001 1.000 1.000 1.000 1.000 1.000
PRO01A0170_001 1.000 1.000 1.000 1.000 1.000
ARG01A0172_001 0.000 0.000 0.000 0.000 0.000
ARG02A0172_002 0.000 0.000 0.000 0.000 0.000
ARG02A0172_003 0.000 0.000 0.000 0.000 0.000
ARG03A0172_004 0.000 0.000 0.000 0.000 0.000
ARG03A0172_005 0.000 0.000 0.000 0.000 0.000
ARG+1A0172_006 1.000 1.000 1.000 1.000 1.000
VAL01A0173_001 1.000 1.000 1.000 1.000 1.000
ALA01A0174_001 1.000 1.000 1.000 1.000 1.000
LYS01A0175_001 0.000 0.000 0.000 0.000 0.000
LYS+1A0175_002 1.000 1.000 1.000 1.000 1.000
ILE01A0176_001 1.000 1.000 1.000 1.000 1.000
ASP01A0178_001 0.000 0.000 0.000 0.000 0.000
ASP01A0178_002 0.000 0.000 0.000 0.000 0.000
ASP02A0178_003 0.000 0.000 0.000 0.000 0.000
ASP02A0178_004 0.000 0.000 0.000 0.000 0.000
ASP-1A0178_005 1.000 1.000 1.000 1.000 1.000
PHE01A0179_001 1.000 1.000 1.000 1.000 1.000
MET01A0181_001 1.000 1.000 1.000 1.000 1.000
ALA01A0182_001 1.000 1.000 1.000 1.000 1.000
ARG01A0183_001 0.000 0.000 0.000 0.000 0.000
ARG02A0183_002 0.000 0.000 0.000 0.000 0.000
ARG02A0183_003 0.000 0.000 0.000 0.000 0.000
ARG03A0183_004 0.000 0.000 0.000 0.000 0.000
ARG03A0183_005 0.000 0.000 0.000 0.000 0.000
ARG+1A0183_006 1.000 1.000 1.000 1.000 1.000
ASP01A0184_001 0.000 0.002 0.002 0.002 0.002
ASP01A0184_002 0.060 0.059 0.059 0.062 0.061
ASP02A0184_003 0.027 0.028 0.028 0.029 0.030
ASP02A0184_004 0.852 0.855 0.852 0.848 0.852
ASP-1A0184_005 0.061 0.056 0.059 0.059 0.055
ILE01A0185_001 1.000 1.000 1.000 1.000 1.000
TYR01A0186_001 1.000 1.000 1.000 1.000 1.000
TYR-1A0186_002 0.000 0.000 0.000 0.000 0.000
ARG01A0187_001 0.000 0.000 0.000 0.000 0.000
ARG02A0187_002 0.314 0.309 0.304 0.304 0.313
ARG02A0187_003 0.000 0.000 0.000 0.000 0.000
ARG03A0187_004 0.686 0.691 0.696 0.696 0.687
ARG03A0187_005 0.000 0.000 0.000 0.000 0.000
ARG+1A0187_006 0.000 0.000 0.000 0.000 0.000
ALA01A0188_001 1.000 1.000 1.000 1.000 1.000
SER01A0189_001 0.022 0.019 0.018 0.017 0.020
SER01A0189_002 0.967 0.972 0.971 0.971 0.970
SER01A0189_003 0.011 0.010 0.011 0.012 0.010
TYR01A0190_001 0.998 0.998 0.998 0.998 1.000
TYR-1A0190_002 0.002 0.002 0.002 0.002 0.000
TYR01A0191_001 0.063 0.062 0.062 0.060 0.061
TYR01A0191_002 0.937 0.938 0.938 0.939 0.939
TYR-1A0191_003 0.000 0.000 0.000 0.000 0.000
ARG01A0192_001 0.000 0.000 0.000 0.000 0.000
ARG02A0192_002 0.000 0.000 0.000 0.000 0.000
ARG02A0192_003 0.000 0.000 0.000 0.000 0.000
ARG03A0192_004 0.000 0.000 0.000 0.000 0.000
ARG03A0192_005 0.000 0.000 0.000 0.000 0.000
ARG+1A0192_006 1.000 1.000 1.000 1.000 1.000
LYS01A0193_001 0.004 0.003 0.003 0.004 0.003
LYS+1A0193_002 0.996 0.997 0.997 0.996 0.997
CYS01A0196_001 0.289 0.288 0.278 0.284 0.281
CYS01A0196_002 0.503 0.506 0.517 0.513 0.514
CYS01A0196_003 0.209 0.206 0.206 0.203 0.203
CYS-1A0196_004 0.000 0.000 0.000 0.000 0.002
ALA01A0197_001 1.000 1.000 1.000 1.000 1.000
MET01A0198_001 1.000 1.000 1.000 1.000 1.000
LEU01A0199_001 1.000 1.000 1.000 1.000 1.000
PRO01A0200_001 1.000 1.000 1.000 1.000 1.000
VAL01A0201_001 1.000 1.000 1.000 1.000 1.000
LYS01A0202_001 0.000 0.001 0.001 0.000 0.001
LYS+1A0202_002 1.000 0.999 0.999 1.000 0.999
TRP01A0203_001 1.000 1.000 1.000 1.000 1.000
MET01A0204_001 1.000 1.000 1.000 1.000 1.000
PRO01A0205_001 1.000 1.000 1.000 1.000 1.000
PRO01A0206_001 1.000 1.000 1.000 1.000 1.000
GLU01A0207_001 0.000 0.000 0.000 0.000 0.000
GLU01A0207_002 0.000 0.000 0.000 0.000 0.000
GLU02A0207_003 0.000 0.000 0.000 0.000 0.000
GLU02A0207_004 0.000 0.000 0.000 0.000 0.000
GLU-1A0207_005 1.000 1.000 1.000 1.000 1.000
ALA01A0208_001 1.000 1.000 1.000 1.000 1.000
PHE01A0209_001 1.000 1.000 1.000 1.000 1.000
MET01A0210_001 1.000 1.000 1.000 1.000 1.000
GLU01A0211_001 0.000 0.000 0.000 0.000 0.000
GLU01A0211_002 0.000 0.000 0.000 0.000 0.000
GLU02A0211_003 0.000 0.000 0.000 0.000 0.000
GLU02A0211_004 0.000 0.000 0.000 0.000 0.000
GLU-1A0211_005 1.000 1.000 1.000 1.000 1.000
ILE01A0213_001 1.000 1.000 1.000 1.000 1.000
PHE01A0214_001 1.000 1.000 1.000 1.000 1.000
THR01A0215_001 1.000 0.999 1.000 1.000 1.000
THR01A0215_002 0.000 0.001 0.000 0.000 0.000
SER01A0216_001 0.088 0.087 0.088 0.087 0.088
SER01A0216_002 0.912 0.913 0.912 0.913 0.912
LYS01A0217_001 0.000 0.001 0.000 0.001 0.000
LYS+1A0217_002 1.000 0.999 1.000 0.999 1.000
THR01A0218_001 1.000 1.000 1.000 1.000 0.999
THR01A0218_002 0.000 0.000 0.000 0.000 0.001
ASP01A0219_001 0.000 0.000 0.000 0.000 0.000
ASP01A0219_002 0.000 0.000 0.000 0.000 0.000
ASP02A0219_003 0.000 0.000 0.000 0.000 0.000
ASP02A0219_004 0.000 0.000 0.000 0.000 0.000
ASP-1A0219_005 1.000 1.000 1.000 1.000 1.000
THR01A0220_001 0.136 0.137 0.138 0.137 0.134
THR01A0220_002 0.047 0.043 0.044 0.043 0.044
THR01A0220_003 0.817 0.820 0.818 0.820 0.822
TRP01A0221_001 1.000 1.000 1.000 1.000 1.000
SER01A0222_001 0.944 0.946 0.946 0.947 0.944
SER01A0222_002 0.034 0.034 0.034 0.033 0.034
SER01A0222_003 0.022 0.020 0.020 0.020 0.022
PHE01A0223_001 1.000 1.000 1.000 1.000 1.000
VAL01A0225_001 1.000 1.000 1.000 1.000 1.000
LEU01A0226_001 1.000 1.000 1.000 1.000 1.000
LEU01A0227_001 1.000 1.000 1.000 1.000 1.000
TRP01A0228_001 1.000 1.000 1.000 1.000 1.000
GLU01A0229_001 0.000 0.000 0.000 0.000 0.000
GLU01A0229_002 0.000 0.000 0.000 0.000 0.000
GLU02A0229_003 0.000 0.000 0.000 0.000 0.000
GLU02A0229_004 0.000 0.000 0.000 0.000 0.000
GLU-1A0229_005 1.000 1.000 1.000 1.000 1.000
ILE01A0230_001 1.000 1.000 1.000 1.000 1.000
PHE01A0231_001 1.000 1.000 1.000 1.000 1.000
SER01A0232_001 1.000 1.000 1.000 1.000 1.000
LEU01A0233_001 1.000 1.000 1.000 1.000 1.000
TYR01A0235_001 0.962 0.965 0.962 0.963 0.966
TYR-1A0235_002 0.038 0.035 0.038 0.037 0.034
MET01A0236_001 1.000 1.000 1.000 1.000 1.000
PRO01A0237_001 1.000 1.000 1.000 1.000 1.000
TYR01A0238_001 1.000 1.000 1.000 1.000 1.000
TYR-1A0238_002 0.000 0.000 0.000 0.000 0.000
PRO01A0239_001 1.000 1.000 1.000 1.000 1.000
SER01A0240_001 0.942 0.937 0.940 0.941 0.942
SER01A0240_002 0.058 0.063 0.060 0.059 0.058
LYS01A0241_001 0.005 0.000 0.005 0.005 0.004
LYS+1A0241_002 0.995 1.000 0.995 0.995 0.996
SER01A0242_001 0.990 0.990 0.990 0.992 0.991
SER01A0242_002 0.010 0.010 0.010 0.008 0.009
ASN01A0243_001 0.989 0.990 0.988 0.990 0.989
ASN01A0243_002 0.011 0.010 0.012 0.010 0.011
GLN01A0244_001 0.621 0.624 0.624 0.624 0.620
GLN01A0244_002 0.379 0.376 0.376 0.376 0.380
GLU01A0245_001 0.000 0.000 0.000 0.000 0.000
GLU01A0245_002 0.000 0.000 0.000 0.000 0.000
GLU02A0245_003 0.000 0.000 0.000 0.000 0.000
GLU02A0245_004 0.000 0.000 0.000 0.000 0.000
GLU-1A0245_005 1.000 1.000 1.000 1.000 1.000
VAL01A0246_001 1.000 1.000 1.000 1.000 1.000
LEU01A0247_001 1.000 1.000 1.000 1.000 1.000
GLU01A0248_001 0.000 0.000 0.000 0.000 0.000
GLU01A0248_002 0.000 0.000 0.000 0.000 0.000
GLU02A0248_003 0.000 0.000 0.000 0.000 0.000
GLU02A0248_004 0.000 0.000 0.000 0.000 0.001
GLU-1A0248_005 1.000 1.000 1.000 1.000 0.999
PHE01A0249_001 1.000 1.000 1.000 1.000 1.000
VAL01A0250_001 1.000 1.000 1.000 1.000 1.000
THR01A0251_001 0.027 0.028 0.027 0.027 0.028
THR01A0251_002 0.973 0.972 0.973 0.973 0.972
SER01A0252_001 0.199 0.199 0.200 0.196 0.203
SER01A0252_002 0.309 0.312 0.312 0.313 0.315
SER01A0252_003 0.492 0.489 0.489 0.491 0.483
ARG01A0255_001 0.000 0.000 0.000 0.000 0.000
ARG02A0255_002 0.000 0.000 0.000 0.000 0.000
ARG02A0255_003 0.000 0.000 0.000 0.000 0.000
ARG03A0255_004 0.000 0.000 0.000 0.000 0.000
ARG+1A0255_005 1.000 1.000 1.000 1.000 1.000
MET01A0256_001 1.000 1.000 1.000 1.000 1.000
ASP01A0257_001 0.000 0.000 0.000 0.000 0.000
ASP01A0257_002 0.000 0.000 0.000 0.000 0.000
ASP02A0257_003 0.000 0.000 0.000 0.000 0.000
ASP02A0257_004 0.000 0.000 0.000 0.000 0.000
ASP-1A0257_005 1.000 1.000 1.000 1.000 1.000
PRO01A0258_001 1.000 1.000 1.000 1.000 1.000
PRO01A0259_001 1.000 1.000 1.000 1.000 1.000
LYS01A0260_001 0.004 0.003 0.000 0.000 0.002
LYS+1A0260_002 0.996 0.997 1.000 1.000 0.998
ASN01A0261_001 0.938 0.940 0.938 0.938 0.937
ASN01A0261_002 0.062 0.060 0.062 0.062 0.063
CYS01A0262_001 0.395 0.393 0.397 0.395 0.398
CYS01A0262_002 0.310 0.318 0.313 0.316 0.316
CYS01A0262_003 0.294 0.289 0.290 0.289 0.286
CYS-1A0262_004 0.000 0.000 0.000 0.000 0.000
PRO01A0263_001 1.000 1.000 1.000 1.000 1.000
PRO01A0265_001 1.000 1.000 1.000 1.000 1.000
VAL01A0266_001 1.000 1.000 1.000 1.000 1.000
TYR01A0267_001 0.985 0.983 0.984 0.985 0.982
TYR01A0267_002 0.015 0.017 0.016 0.015 0.018
TYR-1A0267_003 0.000 0.000 0.000 0.000 0.000
ARG01A0268_001 0.000 0.000 0.000 0.000 0.000
ARG02A0268_002 0.000 0.000 0.000 0.000 0.000
ARG03A0268_003 0.000 0.000 0.000 0.000 0.000
ARG+1A0268_004 1.000 1.000 1.000 1.000 1.000
ILE01A0269_001 1.000 1.000 1.000 1.000 1.000
MET01A0270_001 1.000 1.000 1.000 1.000 1.000
THR01A0271_001 0.018 0.017 0.019 0.018 0.019
THR01A0271_002 0.982 0.983 0.981 0.982 0.981
GLN01A0272_001 0.000 0.000 0.000 0.000 0.000
GLN01A0272_002 1.000 1.000 1.000 1.000 1.000
CYS01A0273_001 0.441 0.437 0.432 0.433 0.439
CYS01A0273_002 0.280 0.280 0.284 0.283 0.278
CYS01A0273_003 0.278 0.283 0.284 0.283 0.283
CYS-1A0273_004 0.000 0.000 0.000 0.000 0.000
TRP01A0274_001 1.000 1.000 1.000 1.000 1.000
GLN01A0275_001 0.718 0.723 0.718 0.719 0.718
GLN01A0275_002 0.282 0.277 0.282 0.281 0.282
HIS01A0276_001 0.312 0.310 0.306 0.315 0.311
HIS01A0276_002 0.199 0.196 0.202 0.200 0.200
HIS02A0276_003 0.271 0.278 0.275 0.268 0.274
HIS02A0276_004 0.137 0.132 0.137 0.136 0.137
HIS+1A0276_005 0.050 0.049 0.049 0.050 0.048
HIS+1A0276_006 0.032 0.035 0.031 0.030 0.031
GLN01A0277_001 0.923 0.921 0.920 0.923 0.924
GLN01A0277_002 0.077 0.079 0.080 0.077 0.076
PRO01A0278_001 1.000 1.000 1.000 1.000 1.000
GLU01A0279_001 0.000 0.000 0.000 0.000 0.000
GLU01A0279_002 0.000 0.000 0.000 0.000 0.000
GLU02A0279_003 0.000 0.000 0.000 0.000 0.000
GLU02A0279_004 0.000 0.000 0.000 0.000 0.000
GLU-1A0279_005 1.000 1.000 1.000 1.000 1.000
ASP01A0280_001 0.000 0.000 0.000 0.000 0.000
ASP01A0280_002 0.000 0.000 0.000 0.000 0.000
ASP02A0280_003 0.000 0.000 0.000 0.000 0.000
ASP02A0280_004 0.000 0.000 0.001 0.000 0.000
ASP-1A0280_005 1.000 1.000 0.999 1.000 1.000
ARG01A0281_001 0.000 0.000 0.000 0.000 0.000
ARG02A0281_002 0.000 0.000 0.000 0.000 0.000
ARG02A0281_003 0.000 0.000 0.000 0.000 0.000
ARG03A0281_004 0.000 0.000 0.000 0.000 0.000
ARG03A0281_005 0.000 0.000 0.000 0.000 0.000
ARG+1A0281_006 1.000 1.000 1.000 1.000 1.000
PRO01A0282_001 1.000 1.000 1.000 1.000 1.000
ASN01A0283_001 1.000 1.000 1.000 1.000 1.000
PHE01A0284_001 1.000 1.000 1.000 1.000 1.000
ALA01A0285_001 1.000 1.000 1.000 1.000 1.000
ILE01A0286_001 1.000 1.000 1.000 1.000 1.000
ILE01A0287_001 1.000 1.000 1.000 1.000 1.000
LEU01A0288_001 1.000 1.000 1.000 1.000 1.000
GLU01A0289_001 0.000 0.000 0.000 0.000 0.000
GLU01A0289_002 0.000 0.000 0.000 0.000 0.000
GLU02A0289_003 0.000 0.000 0.000 0.000 0.000
GLU02A0289_004 0.001 0.001 0.002 0.000 0.002
GLU-1A0289_005 0.999 0.999 0.998 1.000 0.998
ARG01A0290_001 0.000 0.000 0.000 0.000 0.000
ARG02A0290_002 0.000 0.000 0.000 0.000 0.000
ARG03A0290_003 0.000 0.000 0.000 0.000 0.000
ARG+1A0290_004 1.000 1.000 1.000 1.000 1.000
ILE01A0291_001 1.000 1.000 1.000 1.000 1.000
GLU01A0292_001 0.000 0.000 0.000 0.000 0.000
GLU01A0292_002 0.001 0.000 0.001 0.000 0.001
GLU02A0292_003 0.000 0.000 0.000 0.000 0.000
GLU02A0292_004 0.001 0.000 0.000 0.000 0.000
GLU-1A0292_005 0.998 1.000 0.999 1.000 0.999
TYR01A0293_001 1.000 0.997 0.997 0.997 0.997
TYR-1A0293_002 0.000 0.003 0.003 0.003 0.003
CYS01A0294_001 0.079 0.081 0.081 0.082 0.080
CYS01A0294_002 0.784 0.780 0.783 0.782 0.781
CYS01A0294_003 0.137 0.139 0.136 0.136 0.138
CYS-1A0294_004 0.000 0.000 0.000 0.000 0.000
THR01A0295_001 0.374 0.373 0.374 0.369 0.378
THR01A0295_002 0.626 0.627 0.626 0.631 0.622
GLN01A0296_001 0.603 0.600 0.602 0.606 0.602
GLN01A0296_002 0.397 0.400 0.398 0.394 0.398
ASP01A0297_001 0.000 0.000 0.000 0.000 0.000
ASP01A0297_002 0.000 0.000 0.000 0.000 0.000
ASP02A0297_003 0.000 0.000 0.000 0.000 0.000
ASP02A0297_004 0.000 0.000 0.000 0.000 0.000
ASP-1A0297_005 1.000 1.000 1.000 1.000 1.000
PRO01A0298_001 1.000 1.000 1.000 1.000 1.000
ASP01A0299_001 0.000 0.000 0.000 0.000 0.000
ASP01A0299_002 0.000 0.000 0.000 0.000 0.000
ASP02A0299_003 0.000 0.000 0.000 0.000 0.000
ASP02A0299_004 0.000 0.000 0.000 0.000 0.000
ASP-1A0299_005 1.000 1.000 1.000 1.000 1.000
VAL01A0300_001 1.000 1.000 1.000 1.000 1.000
ILE01A0301_001 1.000 1.000 1.000 1.000 1.000
ASN01A0302_001 0.856 0.855 0.857 0.858 0.857
ASN01A0302_002 0.144 0.145 0.143 0.142 0.143
THR01A0303_001 0.234 0.232 0.235 0.236 0.228
THR01A0303_002 0.766 0.768 0.765 0.764 0.772
ALA01A0304_001 1.000 1.000 1.000 1.000 1.000
LEU01A0305_001 1.000 1.000 1.000 1.000 1.000
PRO01A0306_001 1.000 1.000 1.000 1.000 1.000
ILE01A0307_001 1.000 1.000 1.000 1.000 1.000
GLU01A0308_001 0.000 0.000 0.000 0.000 0.000
GLU01A0308_002 0.000 0.000 0.000 0.000 0.000
GLU02A0308_003 0.000 0.000 0.000 0.000 0.000
GLU02A0308_004 0.000 0.000 0.000 0.000 0.000
GLU-1A0308_005 1.000 1.000 1.000 1.000 1.000
TYR01A0309_001 0.428 0.427 0.429 0.423 0.423
TYR01A0309_002 0.572 0.569 0.567 0.573 0.577
TYR-1A0309_003 0.000 0.004 0.004 0.003 0.000
VGH21B0001_001 0.003 0.000 0.003 0.000 0.003
VGH21B0001_002 0.000 0.000 0.000 0.000 0.000
VGH11B0001_003 0.997 0.999 0.997 1.000 0.997
VGH01B0001_004 0.000 0.001 0.000 0.000 0.000
VGH12B0001_005 0.000 0.000 0.000 0.000 0.000
VGHDMB0001_006 0.000 0.000 0.000 0.000 0.000
