 ph              7.4   7.4   7.4   7.4   7.4
GLU01A0002_001 0.000 0.000 0.000 0.000 0.000
GLU01A0002_002 0.000 0.000 0.000 0.000 0.000
GLU02A0002_003 0.000 0.000 0.000 0.000 0.000
GLU02A0002_004 0.000 0.000 0.000 0.000 0.000
GLU-1A0002_005 1.000 1.000 1.000 1.000 1.000
ALA01A0003_001 1.000 1.000 1.000 1.000 1.000
PRO01A0004_001 1.000 1.000 1.000 1.000 1.000
ASN01A0005_001 1.000 1.000 1.000 1.000 1.000
ASN01A0005_002 0.000 0.000 0.000 0.000 0.000
GLN01A0006_001 0.378 0.378 0.378 0.378 0.377
GLN01A0006_002 0.622 0.622 0.622 0.622 0.623
ALA01A0007_001 1.000 1.000 1.000 1.000 1.000
LEU01A0008_001 1.000 1.000 1.000 1.000 1.000
LEU01A0009_001 1.000 1.000 1.000 1.000 1.000
ARG01A0010_001 0.000 0.000 0.000 0.000 0.000
ARG02A0010_002 0.000 0.000 0.000 0.000 0.000
ARG03A0010_003 0.000 0.000 0.000 0.000 0.000
ARG+1A0010_004 1.000 1.000 1.000 1.000 1.000
ILE01A0011_001 1.000 1.000 1.000 1.000 1.000
LEU01A0012_001 1.000 1.000 1.000 1.000 1.000
LYS01A0013_001 0.000 0.000 0.000 0.000 0.000
LYS+1A0013_002 1.000 1.000 1.000 1.000 1.000
GLU01A0014_001 0.000 0.000 0.000 0.000 0.000
GLU01A0014_002 0.000 0.000 0.000 0.000 0.000
GLU02A0014_003 0.000 0.000 0.000 0.000 0.000
GLU02A0014_004 0.000 0.000 0.000 0.000 0.000
GLU-1A0014_005 1.000 1.000 1.000 1.000 1.000
THR01A0015_001 0.005 0.005 0.005 0.005 0.005
THR01A0015_002 0.995 0.995 0.995 0.995 0.995
GLU01A0016_001 0.000 0.000 0.000 0.000 0.000
GLU01A0016_002 0.000 0.000 0.000 0.000 0.000
GLU02A0016_003 0.000 0.000 0.000 0.000 0.000
GLU02A0016_004 0.000 0.000 0.000 0.000 0.000
GLU-1A0016_005 1.000 1.000 1.000 1.000 1.000
PHE01A0017_001 1.000 1.000 1.000 1.000 1.000
LYS01A0018_001 0.007 0.007 0.008 0.007 0.007
LYS+1A0018_002 0.993 0.993 0.992 0.993 0.993
LYS01A0019_001 0.002 0.002 0.002 0.002 0.002
LYS+1A0019_002 0.998 0.998 0.998 0.998 0.998
ILE01A0020_001 1.000 1.000 1.000 1.000 1.000
LYS01A0021_001 0.003 0.003 0.003 0.003 0.003
LYS+1A0021_002 0.997 0.997 0.997 0.997 0.997
VAL01A0022_001 1.000 1.000 1.000 1.000 1.000
LEU01A0023_001 1.000 1.000 1.000 1.000 1.000
SER01A0025_001 0.122 0.123 0.122 0.123 0.123
SER01A0025_002 0.878 0.877 0.878 0.877 0.877
ALA01A0027_001 1.000 1.000 1.000 1.000 1.000
PHE01A0028_001 1.000 1.000 1.000 1.000 1.000
THR01A0030_001 0.326 0.326 0.325 0.325 0.325
THR01A0030_002 0.080 0.081 0.081 0.081 0.080
THR01A0030_003 0.594 0.594 0.595 0.594 0.594
VAL01A0031_001 1.000 1.000 1.000 1.000 1.000
TYR01A0032_001 0.716 0.716 0.715 0.716 0.716
TYR01A0032_002 0.284 0.284 0.285 0.284 0.284
TYR-1A0032_003 0.000 0.000 0.000 0.000 0.000
LYS01A0033_001 0.052 0.053 0.053 0.053 0.052
LYS+1A0033_002 0.948 0.947 0.947 0.947 0.948
LEU01A0035_001 1.000 1.000 1.000 1.000 1.000
TRP01A0036_001 1.000 1.000 1.000 1.000 1.000
ILE01A0037_001 1.000 1.000 1.000 1.000 1.000
PRO01A0038_001 1.000 1.000 1.000 1.000 1.000
GLU01A0039_001 0.000 0.000 0.000 0.000 0.000
GLU01A0039_002 0.000 0.000 0.000 0.000 0.000
GLU02A0039_003 0.000 0.000 0.000 0.000 0.000
GLU02A0039_004 0.000 0.000 0.000 0.000 0.000
GLU-1A0039_005 1.000 1.000 1.000 1.000 1.000
GLU01A0041_001 0.000 0.000 0.000 0.000 0.000
GLU01A0041_002 0.000 0.000 0.000 0.000 0.000
GLU02A0041_003 0.000 0.000 0.000 0.000 0.000
GLU02A0041_004 0.000 0.000 0.000 0.000 0.000
GLU-1A0041_005 1.000 1.000 1.000 1.000 1.000
LYS01A0042_001 0.004 0.004 0.004 0.004 0.004
LYS+1A0042_002 0.996 0.996 0.996 0.996 0.996
VAL01A0043_001 1.000 1.000 1.000 1.000 1.000
LYS01A0044_001 0.009 0.009 0.009 0.009 0.009
LYS+1A0044_002 0.991 0.991 0.991 0.991 0.991
ILE01A0045_001 1.000 1.000 1.000 1.000 1.000
PRO01A0046_001 1.000 1.000 1.000 1.000 1.000
VAL01A0047_001 1.000 1.000 1.000 1.000 1.000
ALA01A0048_001 1.000 1.000 1.000 1.000 1.000
ILE01A0049_001 1.000 1.000 1.000 1.000 1.000
LYS01A0050_001 0.000 0.000 0.000 0.000 0.000
LYS+1A0050_002 1.000 1.000 1.000 1.000 1.000
GLU01A0051_001 0.000 0.000 0.000 0.000 0.000
GLU01A0051_002 0.003 0.002 0.003 0.003 0.003
GLU02A0051_003 0.000 0.000 0.000 0.000 0.000
GLU02A0051_004 0.005 0.006 0.005 0.005 0.005
GLU-1A0051_005 0.992 0.992 0.992 0.992 0.992
LEU01A0052_001 1.000 1.000 1.000 1.000 1.000
ARG01A0053_001 0.000 0.000 0.000 0.000 0.000
ARG02A0053_002 0.000 0.000 0.000 0.000 0.000
ARG03A0053_003 0.000 0.000 0.000 0.000 0.000
ARG03A0053_004 0.000 0.000 0.000 0.000 0.000
ARG+1A0053_005 1.000 1.000 1.000 1.000 1.000
GLU01A0054_001 0.000 0.000 0.000 0.000 0.000
GLU01A0054_002 0.000 0.000 0.000 0.000 0.000
GLU02A0054_003 0.000 0.000 0.000 0.000 0.000
GLU02A0054_004 0.000 0.000 0.000 0.000 0.000
GLU-1A0054_005 1.000 1.000 1.000 1.000 1.000
ALA01A0055_001 1.000 1.000 1.000 1.000 1.000
THR01A0056_001 1.000 1.000 1.000 1.000 1.000
SER01A0057_001 1.000 1.000 1.000 1.000 1.000
PRO01A0058_001 1.000 1.000 1.000 1.000 1.000
LYS01A0059_001 0.002 0.001 0.001 0.001 0.000
LYS+1A0059_002 0.998 0.999 0.999 0.999 1.000
ALA01A0060_001 1.000 1.000 1.000 1.000 1.000
ASN01A0061_001 0.542 0.541 0.542 0.542 0.541
ASN01A0061_002 0.458 0.459 0.458 0.458 0.459
LYS01A0062_001 0.000 0.000 0.000 0.000 0.000
LYS+1A0062_002 1.000 1.000 1.000 1.000 1.000
GLU01A0063_001 0.000 0.000 0.000 0.000 0.000
GLU01A0063_002 0.000 0.000 0.000 0.000 0.000
GLU02A0063_003 0.000 0.000 0.000 0.000 0.000
GLU02A0063_004 0.000 0.000 0.000 0.000 0.000
GLU-1A0063_005 1.000 1.000 1.000 1.000 1.000
ILE01A0064_001 1.000 1.000 1.000 1.000 1.000
LEU01A0065_001 1.000 1.000 1.000 1.000 1.000
ASP01A0066_001 0.000 0.000 0.000 0.000 0.000
ASP01A0066_002 0.000 0.000 0.000 0.000 0.000
ASP02A0066_003 0.000 0.000 0.000 0.000 0.000
ASP02A0066_004 0.000 0.000 0.000 0.000 0.000
ASP-1A0066_005 1.000 1.000 1.000 1.000 1.000
GLU01A0067_001 0.000 0.000 0.000 0.000 0.000
GLU01A0067_002 0.000 0.000 0.000 0.000 0.000
GLU02A0067_003 0.000 0.000 0.000 0.000 0.000
GLU02A0067_004 0.000 0.000 0.000 0.000 0.000
GLU-1A0067_005 1.000 1.000 1.000 1.000 1.000
ALA01A0068_001 1.000 1.000 1.000 1.000 1.000
TYR01A0069_001 0.270 0.270 0.269 0.269 0.270
TYR01A0069_002 0.728 0.728 0.729 0.729 0.729
TYR-1A0069_003 0.002 0.002 0.002 0.002 0.002
VAL01A0070_001 1.000 1.000 1.000 1.000 1.000
MET01A0071_001 1.000 1.000 1.000 1.000 1.000
ALA01A0072_001 1.000 1.000 1.000 1.000 1.000
SER01A0073_001 0.002 0.002 0.002 0.003 0.002
SER01A0073_002 0.994 0.994 0.994 0.994 0.994
SER01A0073_003 0.004 0.004 0.004 0.004 0.004
VAL01A0074_001 1.000 1.000 1.000 1.000 1.000
ASP01A0075_001 0.000 0.000 0.000 0.000 0.000
ASP01A0075_002 0.000 0.000 0.000 0.000 0.000
ASP02A0075_003 0.000 0.000 0.000 0.000 0.000
ASP02A0075_004 0.000 0.000 0.000 0.000 0.000
ASP-1A0075_005 1.000 1.000 1.000 1.000 1.000
ASN01A0076_001 1.000 1.000 1.000 1.000 1.000
ASN01A0076_002 0.000 0.000 0.000 0.000 0.000
PRO01A0077_001 1.000 1.000 1.000 1.000 1.000
HIS01A0078_001 0.001 0.000 0.000 0.001 0.000
HIS01A0078_002 0.000 0.000 0.000 0.000 0.000
HIS02A0078_003 0.999 1.000 1.000 0.999 1.000
HIS02A0078_004 0.000 0.000 0.000 0.000 0.000
HIS+1A0078_005 0.000 0.000 0.000 0.000 0.000
HIS+1A0078_006 0.000 0.000 0.000 0.000 0.000
VAL01A0079_001 1.000 1.000 1.000 1.000 1.000
CYS01A0080_001 0.289 0.289 0.288 0.289 0.290
CYS01A0080_002 0.360 0.359 0.359 0.358 0.359
CYS01A0080_003 0.351 0.352 0.353 0.353 0.351
CYS-1A0080_004 0.000 0.000 0.000 0.000 0.000
ARG01A0081_001 0.000 0.000 0.000 0.000 0.000
ARG02A0081_002 0.000 0.000 0.000 0.000 0.000
ARG03A0081_003 0.000 0.000 0.000 0.000 0.000
ARG+1A0081_004 1.000 1.000 1.000 1.000 1.000
LEU01A0082_001 1.000 1.000 1.000 1.000 1.000
LEU01A0083_001 1.000 1.000 1.000 1.000 1.000
ILE01A0085_001 1.000 1.000 1.000 1.000 1.000
CYS01A0086_001 0.222 0.222 0.223 0.223 0.222
CYS01A0086_002 0.583 0.582 0.582 0.584 0.584
CYS01A0086_003 0.195 0.196 0.195 0.194 0.194
CYS-1A0086_004 0.000 0.000 0.000 0.000 0.000
LEU01A0087_001 1.000 1.000 1.000 1.000 1.000
THR01A0088_001 0.236 0.233 0.235 0.233 0.235
THR01A0088_002 0.100 0.101 0.100 0.101 0.101
THR01A0088_003 0.664 0.666 0.665 0.666 0.665
SER01A0089_001 1.000 1.000 1.000 1.000 1.000
THR01A0090_001 0.601 0.600 0.601 0.602 0.601
THR01A0090_002 0.399 0.400 0.399 0.398 0.399
VAL01A0091_001 1.000 1.000 1.000 1.000 1.000
GLN01A0092_001 0.329 0.331 0.328 0.329 0.328
GLN01A0092_002 0.671 0.669 0.672 0.671 0.672
LEU01A0093_001 1.000 1.000 1.000 1.000 1.000
ILE01A0094_001 1.000 1.000 1.000 1.000 1.000
THR01A0095_001 0.195 0.195 0.195 0.195 0.195
THR01A0095_002 0.805 0.805 0.805 0.805 0.805
GLN01A0096_001 1.000 1.000 1.000 1.000 1.000
LEU01A0097_001 1.000 1.000 1.000 1.000 1.000
MET01A0098_001 1.000 1.000 1.000 1.000 1.000
PRO01A0099_001 1.000 1.000 1.000 1.000 1.000
PHE01A0100_001 1.000 1.000 1.000 1.000 1.000
CYS01A0102_001 0.526 0.525 0.524 0.525 0.525
CYS01A0102_002 0.010 0.010 0.010 0.010 0.010
CYS01A0102_003 0.464 0.465 0.466 0.465 0.464
CYS-1A0102_004 0.000 0.000 0.000 0.000 0.000
LEU01A0103_001 1.000 1.000 1.000 1.000 1.000
LEU01A0104_001 1.000 1.000 1.000 1.000 1.000
ASP01A0105_001 0.000 0.000 0.000 0.000 0.000
ASP01A0105_002 0.000 0.000 0.000 0.000 0.000
ASP02A0105_003 0.000 0.000 0.000 0.000 0.000
ASP02A0105_004 0.000 0.000 0.000 0.000 0.000
ASP-1A0105_005 1.000 1.000 1.000 1.000 1.000
TYR01A0106_001 0.481 0.483 0.482 0.484 0.483
TYR01A0106_002 0.519 0.517 0.518 0.516 0.517
TYR-1A0106_003 0.000 0.000 0.000 0.000 0.000
VAL01A0107_001 1.000 1.000 1.000 1.000 1.000
ARG01A0108_001 0.000 0.000 0.000 0.000 0.000
ARG02A0108_002 0.000 0.000 0.000 0.000 0.000
ARG02A0108_003 0.000 0.000 0.000 0.000 0.000
ARG03A0108_004 0.000 0.000 0.000 0.000 0.000
ARG+1A0108_005 1.000 1.000 1.000 1.000 1.000
GLU01A0109_001 0.000 0.000 0.000 0.000 0.000
GLU01A0109_002 0.000 0.000 0.000 0.000 0.000
GLU02A0109_003 0.000 0.000 0.000 0.000 0.000
GLU02A0109_004 0.000 0.000 0.000 0.000 0.000
GLU-1A0109_005 1.000 1.000 1.000 1.000 1.000
HIS01A0110_001 0.000 0.000 0.000 0.000 0.000
HIS01A0110_002 0.000 0.000 0.000 0.000 0.000
HIS02A0110_003 0.319 0.319 0.319 0.320 0.319
HIS02A0110_004 0.000 0.000 0.000 0.000 0.000
HIS+1A0110_005 0.681 0.680 0.680 0.680 0.681
HIS+1A0110_006 0.000 0.000 0.000 0.000 0.000
LYS01A0111_001 0.002 0.002 0.002 0.002 0.001
LYS+1A0111_002 0.998 0.998 0.998 0.998 0.999
ASP01A0112_001 0.000 0.000 0.000 0.000 0.000
ASP01A0112_002 0.000 0.000 0.000 0.000 0.000
ASP02A0112_003 0.000 0.000 0.000 0.000 0.000
ASP02A0112_004 0.000 0.000 0.000 0.000 0.000
ASP-1A0112_005 1.000 1.000 1.000 1.000 1.000
ASN01A0113_001 0.775 0.775 0.774 0.775 0.776
ASN01A0113_002 0.225 0.225 0.226 0.225 0.224
ILE01A0114_001 1.000 1.000 1.000 1.000 1.000
SER01A0116_001 0.891 0.892 0.893 0.890 0.891
SER01A0116_002 0.002 0.002 0.002 0.003 0.002
SER01A0116_003 0.107 0.106 0.105 0.107 0.106
GLN01A0117_001 0.932 0.931 0.932 0.931 0.932
GLN01A0117_002 0.068 0.069 0.068 0.069 0.068
TYR01A0118_001 0.728 0.728 0.729 0.728 0.730
TYR01A0118_002 0.257 0.256 0.256 0.256 0.256
TYR-1A0118_003 0.016 0.015 0.015 0.015 0.015
LEU01A0119_001 1.000 1.000 1.000 1.000 1.000
LEU01A0120_001 1.000 1.000 1.000 1.000 1.000
ASN01A0121_001 0.954 0.954 0.954 0.953 0.954
ASN01A0121_002 0.046 0.046 0.046 0.047 0.046
TRP01A0122_001 1.000 1.000 1.000 1.000 1.000
CYS01A0123_001 0.295 0.294 0.295 0.295 0.294
CYS01A0123_002 0.522 0.524 0.522 0.522 0.523
CYS01A0123_003 0.183 0.182 0.183 0.183 0.183
CYS-1A0123_004 0.000 0.000 0.000 0.000 0.000
VAL01A0124_001 1.000 1.000 1.000 1.000 1.000
GLN01A0125_001 1.000 1.000 1.000 1.000 1.000
GLN01A0125_002 0.000 0.000 0.000 0.000 0.000
ILE01A0126_001 1.000 1.000 1.000 1.000 1.000
ALA01A0127_001 1.000 1.000 1.000 1.000 1.000
LYS01A0128_001 0.001 0.002 0.002 0.001 0.002
LYS+1A0128_002 0.999 0.998 0.998 0.999 0.998
MET01A0130_001 1.000 1.000 1.000 1.000 1.000
ASN01A0131_001 0.361 0.360 0.361 0.359 0.360
ASN01A0131_002 0.639 0.640 0.639 0.641 0.640
TYR01A0132_001 0.996 0.996 0.996 0.996 0.996
TYR01A0132_002 0.004 0.004 0.004 0.004 0.004
TYR-1A0132_003 0.000 0.000 0.000 0.000 0.000
LEU01A0133_001 1.000 1.000 1.000 1.000 1.000
GLU01A0134_001 0.000 0.000 0.000 0.000 0.000
GLU01A0134_002 0.004 0.005 0.004 0.004 0.004
GLU02A0134_003 0.003 0.003 0.003 0.003 0.003
GLU02A0134_004 0.016 0.016 0.015 0.016 0.016
GLU-1A0134_005 0.976 0.976 0.978 0.976 0.977
ASP01A0135_001 0.000 0.000 0.000 0.000 0.000
ASP01A0135_002 0.000 0.000 0.000 0.000 0.000
ASP02A0135_003 0.000 0.000 0.000 0.000 0.000
ASP02A0135_004 0.000 0.000 0.000 0.000 0.000
ASP-1A0135_005 1.000 1.000 1.000 1.000 1.000
ARG01A0136_001 0.000 0.000 0.000 0.000 0.000
ARG02A0136_002 0.000 0.000 0.000 0.000 0.000
ARG03A0136_003 0.000 0.000 0.000 0.000 0.000
ARG+1A0136_004 1.000 1.000 1.000 1.000 1.000
ARG01A0137_001 0.000 0.000 0.000 0.000 0.000
ARG02A0137_002 0.000 0.000 0.000 0.000 0.000
ARG03A0137_003 0.000 0.000 0.000 0.000 0.000
ARG+1A0137_004 1.000 1.000 1.000 1.000 1.000
LEU01A0138_001 1.000 1.000 1.000 1.000 1.000
VAL01A0139_001 1.000 1.000 1.000 1.000 1.000
HIS01A0140_001 1.000 1.000 1.000 1.000 1.000
HIS02A0140_002 0.000 0.000 0.000 0.000 0.000
HIS+1A0140_003 0.000 0.000 0.000 0.000 0.000
ARG01A0141_001 0.000 0.000 0.000 0.000 0.000
ARG02A0141_002 0.000 0.000 0.000 0.000 0.000
ARG03A0141_003 0.000 0.000 0.000 0.000 0.000
ARG03A0141_004 0.000 0.000 0.000 0.000 0.000
ARG+1A0141_005 1.000 1.000 1.000 1.000 1.000
ASP01A0142_001 0.024 0.024 0.024 0.024 0.024
ASP01A0142_002 0.000 0.000 0.000 0.000 0.000
ASP02A0142_003 0.335 0.336 0.333 0.335 0.336
ASP02A0142_004 0.215 0.214 0.214 0.215 0.214
ASP-1A0142_005 0.427 0.426 0.429 0.426 0.426
LEU01A0143_001 1.000 1.000 1.000 1.000 1.000
ALA01A0144_001 1.000 1.000 1.000 1.000 1.000
ALA01A0145_001 1.000 1.000 1.000 1.000 1.000
ARG01A0146_001 0.000 0.000 0.000 0.000 0.000
ARG02A0146_002 0.000 0.000 0.000 0.000 0.000
ARG02A0146_003 0.000 0.000 0.000 0.000 0.000
ARG03A0146_004 0.000 0.000 0.000 0.000 0.000
ARG03A0146_005 0.000 0.000 0.000 0.000 0.000
ARG+1A0146_006 1.000 1.000 1.000 1.000 1.000
ASN01A0147_001 0.000 0.000 0.000 0.000 0.000
ASN01A0147_002 1.000 1.000 1.000 1.000 1.000
VAL01A0148_001 1.000 1.000 1.000 1.000 1.000
LEU01A0149_001 1.000 1.000 1.000 1.000 1.000
VAL01A0150_001 1.000 1.000 1.000 1.000 1.000
LYS01A0151_001 0.017 0.017 0.017 0.017 0.017
LYS+1A0151_002 0.983 0.983 0.983 0.983 0.983
THR01A0152_001 1.000 1.000 1.000 1.000 1.000
PRO01A0153_001 1.000 1.000 1.000 1.000 1.000
GLN01A0154_001 0.728 0.728 0.729 0.728 0.729
GLN01A0154_002 0.272 0.272 0.271 0.272 0.271
HIS01A0155_001 0.985 0.984 0.985 0.984 0.985
HIS02A0155_002 0.015 0.016 0.015 0.016 0.015
HIS+1A0155_003 0.000 0.000 0.000 0.000 0.000
VAL01A0156_001 1.000 1.000 1.000 1.000 1.000
LYS01A0157_001 0.006 0.006 0.006 0.006 0.006
LYS+1A0157_002 0.994 0.994 0.994 0.994 0.994
ILE01A0158_001 1.000 1.000 1.000 1.000 1.000
THR01A0159_001 0.000 0.000 0.000 0.000 0.000
THR01A0159_002 1.000 1.000 1.000 1.000 1.000
ASP01A0160_001 0.000 0.000 0.000 0.000 0.000
ASP01A0160_002 0.000 0.000 0.000 0.000 0.000
ASP02A0160_003 0.000 0.000 0.000 0.000 0.000
ASP02A0160_004 0.000 0.000 0.000 0.000 0.000
ASP-1A0160_005 1.000 1.000 1.000 1.000 1.000
PHE01A0161_001 1.000 1.000 1.000 1.000 1.000
LEU01A0163_001 1.000 1.000 1.000 1.000 1.000
ALA01A0164_001 1.000 1.000 1.000 1.000 1.000
LYS01A0165_001 0.011 0.011 0.011 0.011 0.011
LYS+1A0165_002 0.989 0.989 0.989 0.989 0.989
LEU01A0166_001 1.000 1.000 1.000 1.000 1.000
LEU01A0167_001 1.000 1.000 1.000 1.000 1.000
ALA01A0169_001 1.000 1.000 1.000 1.000 1.000
GLU01A0170_001 0.000 0.000 0.000 0.000 0.000
GLU01A0170_002 0.002 0.000 0.000 0.000 0.002
GLU02A0170_003 0.000 0.000 0.000 0.000 0.000
GLU02A0170_004 0.000 0.000 0.000 0.000 0.000
GLU-1A0170_005 0.998 1.000 1.000 1.000 0.998
GLU01A0171_001 0.000 0.000 0.000 0.000 0.000
GLU01A0171_002 0.000 0.000 0.000 0.000 0.000
GLU02A0171_003 0.000 0.000 0.000 0.000 0.000
GLU02A0171_004 0.000 0.000 0.000 0.000 0.000
GLU-1A0171_005 1.000 1.000 1.000 1.000 1.000
LYS01A0172_001 0.000 0.000 0.000 0.000 0.000
LYS+1A0172_002 1.000 1.000 1.000 1.000 1.000
GLU01A0173_001 0.000 0.000 0.000 0.000 0.000
GLU01A0173_002 0.003 0.003 0.003 0.003 0.003
GLU02A0173_003 0.000 0.000 0.000 0.000 0.000
GLU02A0173_004 0.000 0.000 0.000 0.000 0.000
GLU-1A0173_005 0.997 0.997 0.997 0.997 0.997
TYR01A0174_001 0.545 0.544 0.545 0.545 0.544
TYR01A0174_002 0.455 0.456 0.455 0.455 0.456
TYR-1A0174_003 0.000 0.000 0.000 0.000 0.000
HIS01A0175_001 0.077 0.077 0.078 0.078 0.077
HIS01A0175_002 0.043 0.043 0.042 0.042 0.043
HIS02A0175_003 0.156 0.156 0.155 0.157 0.157
HIS02A0175_004 0.017 0.017 0.016 0.016 0.016
HIS+1A0175_005 0.609 0.609 0.611 0.608 0.607
HIS+1A0175_006 0.098 0.099 0.097 0.099 0.099
ALA01A0176_001 1.000 1.000 1.000 1.000 1.000
GLU01A0177_001 0.000 0.000 0.000 0.000 0.000
GLU01A0177_002 0.000 0.000 0.000 0.000 0.000
GLU02A0177_003 0.000 0.000 0.000 0.000 0.000
GLU02A0177_004 0.000 0.000 0.000 0.000 0.000
GLU-1A0177_005 1.000 1.000 1.000 1.000 1.000
LYS01A0180_001 0.003 0.003 0.003 0.003 0.003
LYS+1A0180_002 0.997 0.997 0.997 0.997 0.997
VAL01A0181_001 1.000 1.000 1.000 1.000 1.000
PRO01A0182_001 1.000 1.000 1.000 1.000 1.000
ILE01A0183_001 1.000 1.000 1.000 1.000 1.000
LYS01A0184_001 0.000 0.000 0.000 0.000 0.000
LYS+1A0184_002 1.000 1.000 1.000 1.000 1.000
TRP01A0185_001 1.000 1.000 1.000 1.000 1.000
MET01A0186_001 1.000 1.000 1.000 1.000 1.000
ALA01A0187_001 1.000 1.000 1.000 1.000 1.000
LEU01A0188_001 1.000 1.000 1.000 1.000 1.000
GLU01A0189_001 0.000 0.000 0.000 0.000 0.000
GLU01A0189_002 0.000 0.000 0.000 0.000 0.000
GLU02A0189_003 0.000 0.000 0.000 0.000 0.000
GLU02A0189_004 0.000 0.000 0.000 0.000 0.000
GLU-1A0189_005 1.000 1.000 1.000 1.000 1.000
SER01A0190_001 0.930 0.931 0.932 0.931 0.930
SER01A0190_002 0.007 0.007 0.007 0.007 0.007
SER01A0190_003 0.063 0.062 0.062 0.062 0.063
ILE01A0191_001 1.000 1.000 1.000 1.000 1.000
LEU01A0192_001 1.000 1.000 1.000 1.000 1.000
HIS01A0193_001 0.530 0.530 0.530 0.530 0.529
HIS02A0193_002 0.329 0.329 0.328 0.330 0.330
HIS+1A0193_003 0.140 0.141 0.142 0.141 0.141
ARG01A0194_001 0.000 0.000 0.000 0.000 0.000
ARG02A0194_002 0.000 0.000 0.000 0.000 0.000
ARG03A0194_003 0.000 0.000 0.000 0.000 0.000
ARG+1A0194_004 1.000 1.000 1.000 1.000 1.000
ILE01A0195_001 1.000 1.000 1.000 1.000 1.000
TYR01A0196_001 1.000 1.000 1.000 1.000 1.000
TYR-1A0196_002 0.000 0.000 0.000 0.000 0.000
THR01A0197_001 0.048 0.048 0.048 0.047 0.047
THR01A0197_002 0.952 0.952 0.952 0.953 0.953
HIS01A0198_001 0.005 0.005 0.006 0.005 0.006
HIS01A0198_002 0.004 0.004 0.004 0.004 0.004
HIS02A0198_003 0.160 0.160 0.158 0.160 0.159
HIS02A0198_004 0.003 0.003 0.003 0.003 0.003
HIS+1A0198_005 0.793 0.794 0.795 0.793 0.794
HIS+1A0198_006 0.035 0.034 0.035 0.034 0.034
GLN01A0199_001 0.964 0.963 0.963 0.963 0.963
GLN01A0199_002 0.036 0.037 0.037 0.037 0.037
SER01A0200_001 0.806 0.807 0.807 0.807 0.806
SER01A0200_002 0.194 0.193 0.193 0.193 0.194
ASP01A0201_001 0.003 0.003 0.004 0.003 0.004
ASP01A0201_002 0.000 0.000 0.000 0.000 0.000
ASP02A0201_003 0.009 0.009 0.010 0.009 0.010
ASP02A0201_004 0.000 0.000 0.000 0.000 0.000
ASP-1A0201_005 0.987 0.988 0.987 0.987 0.986
VAL01A0202_001 1.000 1.000 1.000 1.000 1.000
TRP01A0203_001 1.000 1.000 1.000 1.000 1.000
SER01A0204_001 0.998 0.998 0.998 0.998 0.998
SER01A0204_002 0.002 0.002 0.002 0.002 0.002
TYR01A0205_001 0.986 0.986 0.986 0.986 0.986
TYR01A0205_002 0.014 0.014 0.014 0.014 0.014
TYR-1A0205_003 0.000 0.000 0.000 0.000 0.000
VAL01A0207_001 1.000 1.000 1.000 1.000 1.000
THR01A0208_001 0.016 0.016 0.017 0.017 0.017
THR01A0208_002 0.968 0.969 0.967 0.968 0.968
THR01A0208_003 0.015 0.015 0.016 0.015 0.015
VAL01A0209_001 1.000 1.000 1.000 1.000 1.000
TRP01A0210_001 1.000 1.000 1.000 1.000 1.000
GLU01A0211_001 0.000 0.000 0.000 0.000 0.000
GLU01A0211_002 0.011 0.012 0.012 0.012 0.012
GLU02A0211_003 0.000 0.000 0.000 0.000 0.000
GLU02A0211_004 0.000 0.000 0.000 0.000 0.000
GLU-1A0211_005 0.989 0.988 0.988 0.988 0.988
LEU01A0212_001 1.000 1.000 1.000 1.000 1.000
MET01A0213_001 1.000 1.000 1.000 1.000 1.000
THR01A0214_001 0.736 0.736 0.735 0.736 0.735
THR01A0214_002 0.264 0.264 0.265 0.264 0.265
PHE01A0215_001 1.000 1.000 1.000 1.000 1.000
SER01A0217_001 1.000 1.000 1.000 1.000 1.000
LYS01A0218_001 0.000 0.000 0.000 0.000 0.000
LYS+1A0218_002 1.000 1.000 1.000 1.000 1.000
PRO01A0219_001 1.000 1.000 1.000 1.000 1.000
TYR01A0220_001 1.000 1.000 1.000 1.000 1.000
TYR-1A0220_002 0.000 0.000 0.000 0.000 0.000
ASP01A0221_001 0.000 0.000 0.000 0.000 0.000
ASP01A0221_002 0.000 0.000 0.000 0.000 0.000
ASP02A0221_003 0.000 0.000 0.000 0.000 0.000
ASP02A0221_004 0.000 0.000 0.000 0.000 0.000
ASP-1A0221_005 1.000 1.000 1.000 1.000 1.000
ILE01A0223_001 1.000 1.000 1.000 1.000 1.000
PRO01A0224_001 1.000 1.000 1.000 1.000 1.000
ALA01A0225_001 1.000 1.000 1.000 1.000 1.000
SER01A0226_001 0.273 0.273 0.274 0.275 0.274
SER01A0226_002 0.727 0.727 0.726 0.725 0.726
GLU01A0227_001 0.000 0.000 0.000 0.000 0.000
GLU01A0227_002 0.000 0.000 0.000 0.000 0.000
GLU02A0227_003 0.000 0.000 0.000 0.000 0.000
GLU02A0227_004 0.000 0.000 0.000 0.001 0.000
GLU-1A0227_005 1.000 1.000 1.000 0.999 1.000
ILE01A0228_001 1.000 1.000 1.000 1.000 1.000
SER01A0229_001 0.918 0.919 0.919 0.918 0.919
SER01A0229_002 0.082 0.081 0.081 0.082 0.081
SER01A0230_001 0.705 0.705 0.705 0.706 0.706
SER01A0230_002 0.295 0.295 0.295 0.294 0.294
ILE01A0231_001 1.000 1.000 1.000 1.000 1.000
LEU01A0232_001 1.000 1.000 1.000 1.000 1.000
GLU01A0233_001 0.000 0.000 0.000 0.000 0.000
GLU01A0233_002 0.000 0.000 0.000 0.000 0.000
GLU02A0233_003 0.000 0.000 0.000 0.000 0.000
GLU02A0233_004 0.002 0.000 0.002 0.002 0.000
GLU-1A0233_005 0.998 1.000 0.998 0.998 1.000
LYS01A0234_001 0.000 0.000 0.000 0.000 0.000
LYS+1A0234_002 1.000 1.000 1.000 1.000 1.000
GLU01A0236_001 0.000 0.000 0.000 0.000 0.000
GLU01A0236_002 0.000 0.000 0.000 0.000 0.000
GLU02A0236_003 0.000 0.000 0.000 0.000 0.000
GLU02A0236_004 0.000 0.000 0.000 0.001 0.000
GLU-1A0236_005 1.000 1.000 1.000 0.999 1.000
ARG01A0237_001 0.000 0.000 0.000 0.000 0.000
ARG02A0237_002 0.000 0.000 0.000 0.000 0.000
ARG02A0237_003 0.000 0.000 0.000 0.000 0.000
ARG03A0237_004 0.000 0.000 0.000 0.000 0.000
ARG+1A0237_005 1.000 1.000 1.000 1.000 1.000
LEU01A0238_001 1.000 1.000 1.000 1.000 1.000
PRO01A0239_001 1.000 1.000 1.000 1.000 1.000
GLN01A0240_001 0.886 0.886 0.886 0.886 0.885
GLN01A0240_002 0.114 0.114 0.114 0.114 0.115
PRO01A0241_001 1.000 1.000 1.000 1.000 1.000
PRO01A0242_001 1.000 1.000 1.000 1.000 1.000
ILE01A0243_001 1.000 1.000 1.000 1.000 1.000
CYS01A0244_001 0.349 0.350 0.349 0.349 0.349
CYS01A0244_002 0.306 0.306 0.306 0.305 0.306
CYS01A0244_003 0.345 0.345 0.345 0.346 0.345
CYS-1A0244_004 0.000 0.000 0.000 0.000 0.000
THR01A0245_001 0.663 0.664 0.663 0.663 0.662
THR01A0245_002 0.337 0.336 0.337 0.337 0.338
ILE01A0246_001 1.000 1.000 1.000 1.000 1.000
ASP01A0247_001 0.000 0.000 0.000 0.000 0.000
ASP01A0247_002 0.000 0.000 0.000 0.000 0.000
ASP02A0247_003 0.000 0.000 0.000 0.000 0.000
ASP02A0247_004 0.000 0.000 0.000 0.000 0.000
ASP-1A0247_005 1.000 1.000 1.000 1.000 1.000
VAL01A0248_001 1.000 1.000 1.000 1.000 1.000
TYR01A0249_001 0.903 0.903 0.903 0.904 0.903
TYR01A0249_002 0.097 0.097 0.097 0.096 0.097
TYR-1A0249_003 0.000 0.000 0.000 0.000 0.000
MET01A0250_001 1.000 1.000 1.000 1.000 1.000
ILE01A0251_001 1.000 1.000 1.000 1.000 1.000
MET01A0252_001 1.000 1.000 1.000 1.000 1.000
VAL01A0253_001 1.000 1.000 1.000 1.000 1.000
LYS01A0254_001 0.000 0.000 0.000 0.000 0.000
LYS+1A0254_002 1.000 1.000 1.000 1.000 1.000
CYS01A0255_001 0.170 0.169 0.170 0.168 0.168
CYS01A0255_002 0.576 0.579 0.576 0.578 0.578
CYS01A0255_003 0.254 0.252 0.254 0.253 0.254
CYS-1A0255_004 0.000 0.000 0.000 0.000 0.000
TRP01A0256_001 1.000 1.000 1.000 1.000 1.000
MET01A0257_001 1.000 1.000 1.000 1.000 1.000
ILE01A0258_001 1.000 1.000 1.000 1.000 1.000
ASP01A0259_001 0.000 0.000 0.000 0.000 0.000
ASP01A0259_002 0.000 0.000 0.001 0.000 0.000
ASP02A0259_003 0.000 0.000 0.000 0.000 0.000
ASP02A0259_004 0.000 0.000 0.000 0.000 0.000
ASP-1A0259_005 1.000 1.000 0.999 1.000 1.000
ALA01A0260_001 1.000 1.000 1.000 1.000 1.000
ASP01A0261_001 0.000 0.000 0.000 0.000 0.000
ASP01A0261_002 0.000 0.000 0.000 0.000 0.000
ASP02A0261_003 0.000 0.000 0.000 0.000 0.000
ASP02A0261_004 0.000 0.000 0.000 0.000 0.000
ASP-1A0261_005 1.000 1.000 1.000 1.000 1.000
SER01A0262_001 0.159 0.160 0.159 0.159 0.159
SER01A0262_002 0.602 0.599 0.601 0.600 0.602
SER01A0262_003 0.239 0.241 0.240 0.241 0.239
ARG01A0263_001 0.000 0.000 0.000 0.000 0.000
ARG02A0263_002 0.000 0.000 0.000 0.000 0.000
ARG02A0263_003 0.000 0.000 0.000 0.000 0.000
ARG03A0263_004 0.000 0.000 0.000 0.000 0.000
ARG03A0263_005 0.000 0.000 0.000 0.000 0.000
ARG+1A0263_006 1.000 1.000 1.000 1.000 1.000
PRO01A0264_001 1.000 1.000 1.000 1.000 1.000
LYS01A0265_001 0.000 0.000 0.000 0.000 0.000
LYS+1A0265_002 1.000 1.000 1.000 1.000 1.000
PHE01A0266_001 1.000 1.000 1.000 1.000 1.000
ARG01A0267_001 0.000 0.000 0.000 0.000 0.000
ARG02A0267_002 0.000 0.000 0.000 0.000 0.000
ARG03A0267_003 0.000 0.000 0.000 0.000 0.000
ARG+1A0267_004 1.000 1.000 1.000 1.000 1.000
GLU01A0268_001 0.000 0.000 0.000 0.000 0.000
GLU01A0268_002 0.000 0.000 0.000 0.000 0.000
GLU02A0268_003 0.000 0.000 0.000 0.000 0.000
GLU02A0268_004 0.000 0.000 0.000 0.000 0.000
GLU-1A0268_005 1.000 1.000 1.000 1.000 1.000
LEU01A0269_001 1.000 1.000 1.000 1.000 1.000
ILE01A0270_001 1.000 1.000 1.000 1.000 1.000
ILE01A0271_001 1.000 1.000 1.000 1.000 1.000
GLU01A0272_001 0.000 0.000 0.000 0.000 0.000
GLU01A0272_002 0.000 0.000 0.000 0.000 0.000
GLU02A0272_003 0.000 0.000 0.000 0.000 0.000
GLU02A0272_004 0.000 0.000 0.000 0.000 0.000
GLU-1A0272_005 1.000 1.000 1.000 1.000 1.000
PHE01A0273_001 1.000 1.000 1.000 1.000 1.000
SER01A0274_001 1.000 1.000 1.000 1.000 1.000
LYS01A0275_001 0.000 0.000 0.000 0.000 0.000
LYS+1A0275_002 1.000 1.000 1.000 1.000 1.000
MET01A0276_001 1.000 1.000 1.000 1.000 1.000
ALA01A0277_001 1.000 1.000 1.000 1.000 1.000
ARG01A0278_001 0.000 0.000 0.000 0.000 0.000
ARG02A0278_002 0.000 0.000 0.000 0.000 0.000
ARG03A0278_003 0.000 0.000 0.000 0.000 0.000
ARG+1A0278_004 1.000 1.000 1.000 1.000 1.000
ASP01A0279_001 0.000 0.000 0.000 0.000 0.000
ASP01A0279_002 0.002 0.000 0.002 0.000 0.000
ASP02A0279_003 0.000 0.000 0.000 0.000 0.000
ASP02A0279_004 0.000 0.002 0.000 0.002 0.000
ASP-1A0279_005 0.998 0.998 0.998 0.998 1.000
PRO01A0280_001 1.000 1.000 1.000 1.000 1.000
GLN01A0281_001 0.032 0.033 0.033 0.033 0.033
GLN01A0281_002 0.968 0.967 0.967 0.967 0.967
ARG01A0282_001 0.000 0.000 0.000 0.000 0.000
ARG02A0282_002 0.000 0.000 0.000 0.000 0.000
ARG03A0282_003 0.000 0.000 0.000 0.000 0.000
ARG+1A0282_004 1.000 1.000 1.000 1.000 1.000
TYR01A0283_001 1.000 1.000 1.000 1.000 1.000
TYR-1A0283_002 0.000 0.000 0.000 0.000 0.000
LEU01A0284_001 1.000 1.000 1.000 1.000 1.000
VAL01A0285_001 1.000 1.000 1.000 1.000 1.000
ILE01A0286_001 1.000 1.000 1.000 1.000 1.000
GLN01A0287_001 0.069 0.071 0.070 0.071 0.071
GLN01A0287_002 0.931 0.929 0.930 0.929 0.929
ASP01A0289_001 0.000 0.000 0.000 0.000 0.002
ASP01A0289_002 0.000 0.000 0.000 0.002 0.000
ASP02A0289_003 0.000 0.000 0.000 0.000 0.000
ASP02A0289_004 0.000 0.000 0.000 0.000 0.000
ASP-1A0289_005 1.000 1.000 1.000 0.998 0.998
GLU01A0290_001 0.000 0.000 0.000 0.000 0.000
GLU01A0290_002 0.000 0.000 0.000 0.000 0.000
GLU02A0290_003 0.000 0.000 0.000 0.000 0.000
GLU02A0290_004 0.000 0.000 0.000 0.000 0.000
GLU-1A0290_005 1.000 1.000 1.000 1.000 1.000
ARG01A0291_001 0.000 0.000 0.000 0.000 0.000
ARG02A0291_002 0.000 0.000 0.000 0.000 0.000
ARG03A0291_003 0.000 0.000 0.000 0.000 0.000
ARG+1A0291_004 1.000 1.000 1.000 1.000 1.000
MET01A0292_001 1.000 1.000 1.000 1.000 1.000
HIS01A0293_001 0.003 0.002 0.003 0.003 0.003
HIS01A0293_002 0.213 0.213 0.213 0.215 0.213
HIS02A0293_003 0.048 0.048 0.049 0.049 0.048
HIS02A0293_004 0.650 0.650 0.649 0.647 0.651
HIS+1A0293_005 0.011 0.011 0.011 0.011 0.011
HIS+1A0293_006 0.075 0.075 0.076 0.077 0.074
LEU01A0294_001 1.000 1.000 1.000 1.000 1.000
PRO01A0295_001 1.000 1.000 1.000 1.000 1.000
SER01A0296_001 0.791 0.792 0.791 0.792 0.794
SER01A0296_002 0.000 0.000 0.000 0.000 0.000
SER01A0296_003 0.209 0.208 0.209 0.208 0.206
PRO01A0297_001 1.000 1.000 1.000 1.000 1.000
THR01A0298_001 1.000 1.000 1.000 1.000 1.000
ASP01A0299_001 0.000 0.000 0.000 0.000 0.000
ASP01A0299_002 0.000 0.000 0.000 0.000 0.000
ASP02A0299_003 0.000 0.000 0.000 0.000 0.000
ASP02A0299_004 0.000 0.000 0.000 0.000 0.000
ASP-1A0299_005 1.000 1.000 1.000 1.000 1.000
SER01A0300_001 0.130 0.130 0.130 0.130 0.130
SER01A0300_002 0.870 0.870 0.870 0.870 0.870
ASN01A0301_001 0.000 0.000 0.000 0.000 0.000
ASN01A0301_002 1.000 1.000 1.000 1.000 1.000
PHE01A0302_001 1.000 1.000 1.000 1.000 1.000
TYR01A0303_001 0.952 0.951 0.951 0.952 0.951
TYR01A0303_002 0.047 0.047 0.047 0.047 0.047
TYR-1A0303_003 0.002 0.002 0.002 0.002 0.002
ARG01A0304_001 0.000 0.000 0.000 0.000 0.000
ARG02A0304_002 0.000 0.000 0.000 0.000 0.000
ARG02A0304_003 0.000 0.000 0.000 0.000 0.000
ARG03A0304_004 0.000 0.000 0.000 0.000 0.000
ARG03A0304_005 0.000 0.000 0.000 0.000 0.000
ARG+1A0304_006 1.000 1.000 1.000 1.000 1.000
ALA01A0305_001 1.000 1.000 1.000 1.000 1.000
LEU01A0306_001 1.000 1.000 1.000 1.000 1.000
MET01A0307_001 1.000 1.000 1.000 1.000 1.000
ASP01A0308_001 0.000 0.000 0.000 0.000 0.000
ASP01A0308_002 0.005 0.005 0.005 0.005 0.005
ASP02A0308_003 0.000 0.000 0.000 0.000 0.000
ASP02A0308_004 0.000 0.000 0.000 0.000 0.000
ASP-1A0308_005 0.995 0.995 0.995 0.995 0.995
GLU01A0309_001 0.000 0.000 0.000 0.000 0.000
GLU01A0309_002 0.002 0.002 0.002 0.002 0.004
GLU02A0309_003 0.000 0.000 0.000 0.000 0.000
GLU02A0309_004 0.002 0.002 0.002 0.002 0.000
GLU-1A0309_005 0.996 0.996 0.996 0.996 0.996
GLU01A0310_001 0.000 0.000 0.000 0.000 0.000
GLU01A0310_002 0.006 0.007 0.007 0.007 0.007
GLU02A0310_003 0.000 0.000 0.000 0.000 0.000
GLU02A0310_004 0.009 0.010 0.010 0.010 0.010
GLU-1A0310_005 0.984 0.984 0.983 0.984 0.983
ASP01A0311_001 0.000 0.000 0.000 0.000 0.000
ASP01A0311_002 0.004 0.004 0.003 0.003 0.000
ASP02A0311_003 0.000 0.000 0.000 0.000 0.000
ASP02A0311_004 0.000 0.000 0.000 0.000 0.000
ASP-1A0311_005 0.996 0.996 0.996 0.997 1.000
MET01A0312_001 1.000 1.000 1.000 1.000 1.000
ASP01A0313_001 0.000 0.000 0.000 0.000 0.000
ASP01A0313_002 0.002 0.002 0.000 0.002 0.000
ASP02A0313_003 0.000 0.000 0.000 0.000 0.000
ASP02A0313_004 0.000 0.000 0.000 0.000 0.000
ASP-1A0313_005 0.998 0.998 1.000 0.998 1.000
ASP01A0314_001 0.000 0.000 0.000 0.000 0.000
ASP01A0314_002 0.000 0.000 0.000 0.000 0.000
ASP02A0314_003 0.000 0.000 0.000 0.000 0.000
ASP02A0314_004 0.000 0.000 0.000 0.000 0.000
ASP-1A0314_005 1.000 1.000 1.000 1.000 1.000
VAL01A0315_001 1.000 1.000 1.000 1.000 1.000
VAL01A0316_001 1.000 1.000 1.000 1.000 1.000
ASP01A0317_001 0.000 0.000 0.000 0.000 0.000
ASP01A0317_002 0.005 0.006 0.005 0.005 0.005
ASP02A0317_003 0.000 0.000 0.000 0.000 0.000
ASP02A0317_004 0.005 0.005 0.005 0.005 0.005
ASP-1A0317_005 0.990 0.990 0.990 0.990 0.990
ALA01A0318_001 1.000 1.000 1.000 1.000 1.000
ASP01A0319_001 0.000 0.000 0.000 0.000 0.000
ASP01A0319_002 0.053 0.054 0.054 0.054 0.054
ASP02A0319_003 0.002 0.002 0.002 0.002 0.002
ASP02A0319_004 0.022 0.022 0.022 0.022 0.022
ASP-1A0319_005 0.924 0.923 0.922 0.922 0.922
GLU01A0320_001 0.004 0.004 0.004 0.004 0.004
GLU01A0320_002 0.148 0.148 0.145 0.148 0.148
GLU02A0320_003 0.000 0.000 0.000 0.000 0.000
GLU02A0320_004 0.050 0.049 0.050 0.050 0.050
GLU-1A0320_005 0.798 0.799 0.801 0.798 0.798
TYR01A0321_001 0.452 0.452 0.451 0.452 0.451
TYR01A0321_002 0.548 0.548 0.549 0.548 0.548
TYR-1A0321_003 0.000 0.000 0.000 0.000 0.000
LEU01A0322_001 1.000 1.000 1.000 1.000 1.000
ILE01A0323_001 1.000 1.000 1.000 1.000 1.000
PRO01A0324_001 1.000 1.000 1.000 1.000 1.000
AQ401B0001_001 1.000 1.000 1.000 1.000 1.000
AQ402B0001_002 0.000 0.000 0.000 0.000 0.000
AQ402B0001_003 0.000 0.000 0.000 0.000 0.000
AQ4DMB0001_004 0.000 0.000 0.000 0.000 0.000
