 ph              7.4   7.4   7.4   7.4   7.4
27601B0001_001 0.304 0.300 0.304 0.304 0.307
27601B0001_002 0.400 0.403 0.400 0.401 0.396
27602B0001_003 0.190 0.190 0.191 0.190 0.191
27602B0001_004 0.050 0.050 0.048 0.049 0.050
276+1B0001_005 0.009 0.010 0.010 0.009 0.009
276+1B0001_006 0.006 0.006 0.006 0.006 0.006
276+2B0001_007 0.003 0.004 0.003 0.004 0.004
276+2B0001_008 0.003 0.004 0.003 0.003 0.003
27603B0001_009 0.002 0.002 0.002 0.002 0.002
27603B0001_010 0.002 0.002 0.002 0.002 0.002
276+3B0001_011 0.006 0.006 0.006 0.006 0.006
276+3B0001_012 0.008 0.008 0.009 0.008 0.008
276+3B0001_013 0.002 0.002 0.002 0.002 0.002
276+3B0001_014 0.002 0.002 0.002 0.002 0.002
27604B0001_015 0.003 0.003 0.003 0.003 0.003
27604B0001_016 0.005 0.005 0.005 0.005 0.005
27604B0001_017 0.001 0.001 0.001 0.001 0.001
27604B0001_018 0.003 0.003 0.003 0.003 0.003
276+aB0001_019 0.000 0.000 0.000 0.000 0.000
276+aB0001_020 0.000 0.000 0.000 0.000 0.000
276+aB0001_021 0.000 0.000 0.000 0.000 0.000
276+aB0001_022 0.000 0.000 0.000 0.000 0.000
276+4B0001_023 0.000 0.000 0.000 0.000 0.000
276+4B0001_024 0.000 0.000 0.000 0.000 0.000
276DMB0001_025 0.000 0.000 0.000 0.000 0.000
