   Rotamer making statitics:
   Residue   Start  Clean   Swap Rotate   Self  Hbond Repack  Ioni.   TorH     OH  Elect
   NTRA0001      1      1      1      2      1      1      1      2      2      2      2
   META0001      1      1      1    217     94     94     29     20     20     31     22
   ALAA0002      1      1      1      2      1      1      1      1      1      1      1
   LEUA0003      1      1      1     37      9      9      6      6      6     14     10
   GLYA0004      0      0      0      0      0      0      0      0      0      0      0
   GLUA0005      1      1      1    109     11     24      3      9     13     39     13
   LEUA0006      1      1      1     37     18     18      6      6      6     14     10
   LYSA0007      1      1      1   1297    335    349    282     40     40     77     40
   ASPA0008      1      1      1     19     10     20      5     15     25     73     27
   ASPA0009      1      1      1     19     11     21     12     36     57    139     52
   ASPA0010      1      1      1     19      9     19      5     15     25     71     33
   PHEA0011      1      1      1     19      3      3      2      2      2      6      3
   GLUA0012      1      1      1    109     36     47     20     60    100    265     85
   LYSA0013      1      1      1   1297    324    345     37     40     40     77     40
   ILEA0014      1      1      1     37      7      7      2      2      2      6      5
   SERA0015      1      1      1      7      4      7      6      6     18     75     16
   GLUA0016      1      1      1    109     55     55     25     60     74    182     74
   LEUA0017      1      1      1     37      5      5      5      5      5     12      9
   GLYA0018      0      0      0      0      0      0      0      0      0      0      0
   ALAA0019      1      1      1      2      1      1      1      1      1      1      1
   GLYA0020      0      0      0      0      0      0      0      0      0      0      0
   ASNA0021      1      1      1     37     17     17      4      4      4      7      3
   GLYA0022      0      0      0      0      0      0      0      0      0      0      0
   GLYA0023      0      0      0      0      0      0      0      0      0      0      0
   VALA0024      1      1      1      7      6      6      6      6      6     14      7
   VALA0025      1      1      1      7      1      1      1      1      1      4      3
   PHEA0026      1      1      1     19      3      3      2      2      2      6      5
   LYSA0027      1      1      1   1297    261    288     51     40     40     79     41
   VALA0028      1      1      1      7      1      1      1      1      1      4      1
   SERA0029      1      1      1      7      6     11     10     10     15     54     18
   HISA0030      1      1      1     37     18     26      4     12     12     30     17
   LYSA0031      1      1      1   1297    297    311    239     40     40     82     42
   PROA0032      1      1      1      2      1      1      1      1      1      1      1
   SERA0033      1      1      1      7      6      9      7      7      9     38     12
   GLYA0034      0      0      0      0      0      0      0      0      0      0      0
   LEUA0035      1      1      1     37     20     20      6      6      6     14      8
   VALA0036      1      1      1      7      4      4      2      2      2      6      2
   META0037      1      1      1    217     50     50      8      8      8     18     12
   ALAA0038      1      1      1      2      1      1      1      1      1      1      1
   ARGA0039      1      1      1   1297    185    193     15     60     87    243    103
   LYSA0040      1      1      1   1297    102    137      6     12     12     27     14
   LEUA0041      1      1      1     37     15     15      9      9      9     20     18
   ILEA0042      1      1      1     37     11     11      8      8      8     18     12
   HISA0043      1      1      1     37     25     42     34     60     54    109     54
   LEUA0044      1      1      1     37      5      5      4      4      4     10     10
   GLUA0045      1      1      1    109     30     30      9     27     37    106     46
   ILEA0046      1      1      1     37      9      9      3      3      3      8      6
   LYSA0047      1      1      1   1297    313    313     67     40     40     77     40
   PROA0048      1      1      1      2      1      1      1      1      1      1      1
   ALAA0049      1      1      1      2      1      1      1      1      1      1      1
   ILEA0050      1      1      1     37      7      7      2      2      2      6      3
   ARGA0051      1      1      1   1297    139    142     22     80     97    253    102
   ASNA0052      1      1      1     37     14     28     23     20     18     34     16
   GLNA0053      1      1      1    217     55     75     40     20     20     42     21
   ILEA0054      1      1      1     37      1      1      1      1      1      4      1
   ILEA0055      1      1      1     37      2      2      2      2      2      6      6
   ARGA0056      1      1      1   1297    240    248    103     80     97    247     96
   GLUA0057      1      1      1    109     14     28     22     60     81    214     81
   LEUA0058      1      1      1     37      4      4      1      1      1      4      1
   GLNA0059      1      1      1    217     91     98     54     20     20     42     20
   VALA0060      1      1      1      7      4      4      3      3      3      8      7
   LEUA0061      1      1      1     37      9      9      1      1      1      4      1
   HISA0062      1      1      1     37     19     32     22     60     60    117     52
   GLUA0063      1      1      1    109     24     35     12     36     54    150     65
   CYSA0064      1      1      1      7      3      3      2      4      8     17     11
   ASNA0065      1      1      1     37     22     23     16     16     15     32     13
   SERA0066      1      1      1      7      6      6      5      5     13     58     23
   PROA0067      1      1      1      2      1      1      1      1      1      1      1
   TYRA0068      1      1      1     19      2      4      4      8     12     38     21
   ILEA0069      1      1      1     37      6      6      3      3      3      8      6
   VALA0070      1      1      1      7      3      3      2      2      2      6      5
   GLYA0071      0      0      0      0      0      0      0      0      0      0      0
   PHEA0072      1      1      1     37      6      6      2      2      2      6      3
   TYRA0073      1      1      1     37     10     12      7     14     18     53     22
   GLYA0074      0      0      0      0      0      0      0      0      0      0      0
   ALAA0075      1      1      1      2      1      1      1      1      1      1      1
   PHEA0076      1      1      1     19      6      6      4      4      4     10      5
   TYRA0077      1      1      1     37      9     15      3      6      7     24     10
   SERA0078      1      1      1      7      5      7      7      7     13     44     14
   ASPA0079      1      1      1     19      9     10      5     15     17     37     15
   GLYA0080      0      0      0      0      0      0      0      0      0      0      0
   GLUA0081      1      1      1    109     25     39      9     27     45    124     72
   ILEA0082      1      1      1     37     10     10      8      8      8     18     16
   SERA0083      1      1      1      7      5      9      8      8     21     90     20
   ILEA0084      1      1      1     37      7      7      3      3      3      8      4
   CYSA0085      1      1      1      7      3      3      2      4      8     30     17
   META0086      1      1      1    217     39     38     14     14     14     24     14
   GLUA0087      1      1      1    109     28     41     26     60     95    255    118
   HISA0088      1      1      1     37      7     16      9     27     27     60     30
   META0089      1      1      1    217     50     50      9      9      9     20     14
   ASPA0090      1      1      1     19     14     27     19     57     95    254    110
   GLYA0091      0      0      0      0      0      0      0      0      0      0      0
   GLYA0092      0      0      0      0      0      0      0      0      0      0      0
   SERA0093      1      1      1      7      4      5      4      4      7     33      8
   LEUA0094      1      1      1     37      8      8      1      1      1      4      1
   ASPA0095      1      1      1     19      9     16      9     27     42    117     48
   GLNA0096      1      1      1    217     75     92     56     20     20     39     19
   VALA0097      1      1      1      7      1      1      1      1      1      4      1
   LEUA0098      1      1      1     37      3      3      1      1      1      1      1
   LYSA0099      1      1      1   1297    204    208     54     40     40     83     43
   LYSA0100      1      1      1   1297    129    140     62     40     40     82     38
   ALAA0101      1      1      1      2      1      1      1      1      1      3      2
   GLYA0102      0      0      0      0      0      0      0      0      0      0      0
   ARGA0103      1      1      1   1297    129    129     20     80     82    202     82
   ILEA0104      1      1      1     37      4      4      1      1      1      4      1
   PROA0105      1      1      1      2      1      1      1      1      1      1      1
   GLUA0106      1      1      1    109     68     85     24     60     88    221    100
   GLNA0107      1      1      1    217    110    135     38     20     20     42     21
   ILEA0108      1      1      1     37      4      4      2      2      1      4      2
   LEUA0109      1      1      1     37      9      9      1      1      1      1      1
   GLYA0110      0      0      0      0      0      0      0      0      0      0      0
   LYSA0111      1      1      1   1297    246    255     95     40     40     81     40
   VALA0112      1      1      1      7      1      1      1      1      1      4      1
   SERA0113      1      1      1      7      5      5      3      3      5     10      4
   ILEA0114      1      1      1     37      4      4      1      1      1      4      2
   ALAA0115      1      1      1      2      1      1      1      1      1      1      1
   VALA0116      1      1      1      7      2      2      1      1      1      4      1
   ILEA0117      1      1      1     37      2      2      2      2      2      6      6
   LYSA0118      1      1      1   1297    123    134     46     40     40     82     40
   GLYA0119      0      0      0      0      0      0      0      0      0      0      0
   LEUA0120      1      1      1     37      8      8      2      2      2      6      3
   THRA0121      1      1      1      7      1      2      2      2      3     18      5
   TYRA0122      1      1      1     37      8     16     11     22     33     94     57
   LEUA0123      1      1      1     37      3      3      3      3      3      8      5
   ARGA0124      1      1      1   1297     65     69     19     76    108    298    129
   GLUA0125      1      1      1    109     39     49     19     57     69    173     68
   LYSA0126      1      1      1   1297    455    469    137     40     40     83     42
   HISA0127      1      1      1     37     14     30     14     42     42     90     38
   LYSA0128      1      1      1   1297    200    209     47     40     40     81     40
   ILEA0129      1      1      1     37      2      2      1      1      1      4      1
   META0130      1      1      1    217     20     20     13     13     13     28     16
   HISA0131      1      1      1     37     15     20      3      9      9     24     12
   ARGA0132      1      1      1   1297     94    109     21     80    113    311    150
   ASPA0133      1      1      1     19      6     13     11     33     55    147     64
   VALA0134      1      1      1      7      2      2      1      1      1      4      1
   LYSA0135      1      1      1   1297    198    209     18     36     36     76     38
   PROA0136      1      1      1      2      1      1      1      1      1      1      1
   SERA0137      1      1      1      7      6     10      8      8     24    102     32
   ASNA0138      1      1      1     37      7     14      5      5      4     10      5
   ILEA0139      1      1      1     37      1      1      1      1      1      4      1
   LEUA0140      1      1      1     37      5      5      3      3      3      8      4
   VALA0141      1      1      1      7      3      3      1      1      1      4      1
   ASNA0142      1      1      1     37      8     18      9      9      9     20      8
   SERA0143      1      1      1      7      4      7      7      7     14     59     14
   ARGA0144      1      1      1   1297    298    303     26     80    105    286    129
   GLYA0145      0      0      0      0      0      0      0      0      0      0      0
   GLUA0146      1      1      1    109     45     66     26     60     98    261    133
   ILEA0147      1      1      1     37      9      9      2      2      2      6      3
   LYSA0148      1      1      1   1297    120    135     26     40     40     82     42
   LEUA0149      1      1      1     37     14     14      5      5      5     12      6
   CYSA0150      1      1      1      7      3      3      1      2      4     16      4
   ASPA0151      1      1      1     19      4     10      5     15     15     48     20
   PHEA0152      1      1      1     19      3      3      1      1      1      4      1
   GLYA0153      0      0      0      0      0      0      0      0      0      0      0
   VALA0154      1      1      1      7      2      2      1      1      1      4      2
   SERA0155      1      1      1      7      5      7      4      4      6     30      8
   GLYA0156      0      0      0      0      0      0      0      0      0      0      0
   GLNA0157      1      1      1    217     65     80     19     19     19     40     17
   LEUA0158      1      1      1     37     12     12      3      3      3      8      4
   ILEA0159      1      1      1     37      4      4      3      3      3      8      6
   ASPA0160      1      1      1     19      7      8      7     21     18     53     21
   GLUA0161      1      1      1    109     45     61      7     21     31     83     34
   META0162      1      1      1    217     41     41     20     20     20     40     25
   ALAA0163      1      1      1      2      1      1      1      1      1      1      1
   ASNA0164      1      1      1     37     24     24     21     20     20     39     16
   GLUA0165      1      1      1    109     54     54     27     60     93    235    100
   PHEA0166      1      1      1     37      4      4      4      4      4      8      5
   VALA0167      1      1      1      7      6      6      5      5      5     11     11
   GLYA0168      0      0      0      0      0      0      0      0      0      0      0
   THRA0169      1      1      1      7      2      3      3      3      9     42     15
   ARGA0170      1      1      1   1297    383    389     96     80     81    214     88
   SERA0171      1      1      1      7      6     10     10     10     28    100     20
   TYRA0172      1      1      1     37     10     18      4      8     12     38     12
   META0173      1      1      1    217     29     29     11     11     11     24     16
   SERA0174      1      1      1      7      6     10      9      9     17     73     26
   PROA0175      1      1      1      2      1      1      1      1      1      1      1
   GLUA0176      1      1      1    109     64     88      8     24     40    108     47
   ARGA0177      1      1      1   1297    100    117     24     80    113    311    179
   LEUA0178      1      1      1     37     11     11      2      2      2      6      6
   GLNA0179      1      1      1    217     48     55     14     14     13     24     13
   GLYA0180      0      0      0      0      0      0      0      0      0      0      0
   THRA0181      1      1      1      7      2      4      3      3      9     42     13
   HISA0182      1      1      1     37     22     22     13     39     39     75     38
   TYRA0183      1      1      1     37     17     26     15     30     43    120     86
   SERA0184      1      1      1      7      3      6      5      5     12     54     17
   VALA0185      1      1      1      7      3      3      3      3      3      8      7
   GLNA0186      1      1      1    217     44     57     10     10     10     22     11
   SERA0187      1      1      1      7      6      8      8      8     21     84     13
   ASPA0188      1      1      1     19      9     14      3      9     15     48     27
   ILEA0189      1      1      1     37      4      4      3      3      3      8      6
   TRPA0190      1      1      1     37      3      3      1      1      1      4      1
   SERA0191      1      1      1      7      4      4      1      1      2      3      2
   META0192      1      1      1    217     46     46      6      6      6      9      6
   GLYA0193      0      0      0      0      0      0      0      0      0      0      0
   LEUA0194      1      1      1     37      5      5      2      2      2      6      5
   SERA0195      1      1      1      7      5      7      2      2      5     22      7
   LEUA0196      1      1      1     37     11     11      1      1      1      3      1
   VALA0197      1      1      1      7      1      1      1      1      1      4      3
   GLUA0198      1      1      1    109      4      7      3      9     15     44     13
   META0199      1      1      1    217     61     61      1      1      1      1      1
   ALAA0200      1      1      1      2      1      1      1      1      1      3      1
   VALA0201      1      1      1      7      3      3      3      3      3      8      6
   GLYA0202      0      0      0      0      0      0      0      0      0      0      0
   ARGA0203      1      1      1   1297    198    205    104     80     92    225     93
   TYRA0204      1      1      1     37     16     23     12     24     36    101     60
   PROA0205      1      1      1      2      1      1      1      1      1      1      1
   CTRA0205      1      1      1      2      1      1      1      3      5      5      5
   NTRA0206      1      1      1      2      1      1      1      2      2      2      2
   ARGA0206      1      1      1   1297    302    318     16     64     83    227    112
   PROA0207      1      1      1      2      1      1      1      1      1      1      1
   PROA0208      1      1      1      2      1      1      1      1      1      1      1
   META0209      1      1      1    217     32     32     16     16     16     34     23
   ALAA0210      1      1      1      2      1      1      1      1      1      1      1
   ILEA0211      1      1      1     37     17     17     11     11     11     24     16
   PHEA0212      1      1      1     19      8      8      8      8      8     15      8
   GLUA0213      1      1      1    109     32     35     15     45     73    194     91
   LEUA0214      1      1      1     37      9      9      7      7      7     16     14
   LEUA0215      1      1      1     37      9      9      3      3      3      8      6
   ASPA0216      1      1      1     19     10     14     12     36     54    127     54
   TYRA0217      1      1      1     37      8     12      8     16     22     64     32
   ILEA0218      1      1      1     37      1      1      1      1      1      4      4
   VALA0219      1      1      1      7      1      1      1      1      1      4      1
   ASNA0220      1      1      1     37     18     25     19     19     19     40     17
   GLUA0221      1      1      1    109     37     50     15     45     75    203     82
   PROA0222      1      1      1      2      1      1      1      1      1      1      1
   PROA0223      1      1      1      2      1      1      1      1      1      1      1
   PROA0224      1      1      1      2      1      1      1      1      1      1      1
   LYSA0225      1      1      1   1297    302    321     98     40     40     82     40
   LEUA0226      1      1      1     37      9      9      2      2      2      6      3
   PROA0227      1      1      1      2      1      1      1      1      1      1      1
   SERA0228      1      1      1      7      4      6      5      5     12     54     12
   ALAA0229      1      1      1      2      1      1      1      1      1      1      1
   VALA0230      1      1      1      7      6      6      3      3      3      8      3
   PHEA0231      1      1      1     37      6      6      2      2      2      6      3
   SERA0232      1      1      1      7      6     10      8      8     15     63     25
   LEUA0233      1      1      1     37     19     19     19     19     19     31     19
   GLUA0234      1      1      1    109     19     34     14     42     70    174     66
   PHEA0235      1      1      1     19      4      4      2      2      2      6      2
   GLNA0236      1      1      1    217     42     59     19     19     19     40     20
   ASPA0237      1      1      1     19      8     15     11     33     45    119     45
   PHEA0238      1      1      1     19      2      2      2      2      2      6      3
   VALA0239      1      1      1      7      1      1      1      1      1      4      3
   ASNA0240      1      1      1     37     14     27     22     20     19     40     18
   LYSA0241      1      1      1   1297    137    153     47     40     40     81     40
   CYSA0242      1      1      1      7      2      2      1      2      4      4      4
   LEUA0243      1      1      1     37      6      6      1      1      1      1      1
   ILEA0244      1      1      1     37      4      4      4      4      4     10     10
   LYSA0245      1      1      1   1297    232    235     90     40     40     81     39
   ASNA0246      1      1      1     37     21     40     28     20     15     27     14
   PROA0247      1      1      1      2      1      1      1      1      1      1      1
   ALAA0248      1      1      1      2      1      1      1      1      1      3      1
   GLUA0249      1      1      1    109     62     83     12     36     41     99     39
   ARGA0250      1      1      1   1297      3      5      1      4      6     28     12
   ALAA0251      1      1      1      2      1      1      1      1      1      3      2
   ASPA0252      1      1      1     19     11     22     17     51     71    181     65
   LEUA0253      1      1      1     37      5      5      4      4      4     10      8
   LYSA0254      1      1      1   1297    358    366     30     40     40     77     40
   GLNA0255      1      1      1    217     64     79     42     20     20     41     21
   LEUA0256      1      1      1     37      8      8      1      1      1      4      3
   META0257      1      1      1    217     57     57     27     20     20     39     23
   VALA0258      1      1      1      7      2      2      2      2      2      6      2
   HISA0259      1      1      1     37      9     23     16     48     41     88     46
   ALAA0260      1      1      1      2      1      1      1      1      1      3      1
   PHEA0261      1      1      1     19      2      2      1      1      1      4      2
   ILEA0262      1      1      1     37      3      3      2      2      2      6      2
   LYSA0263      1      1      1   1297    144    150    133     40     40     80     40
   ARGA0264      1      1      1   1297    227    239    141     80    107    293    125
   SERA0265      1      1      1      7      4      7      3      3      6      6      6
   ASPA0266      1      1      1     19      6      6      3      9     15     42     17
   ALAA0267      1      1      1      2      1      1      1      1      1      1      1
   GLUA0268      1      1      1    109     23     41     19     57     95    256    128
   GLUA0269      1      1      1    109     39     43     14     42     44    107     41
   VALA0270      1      1      1      7      2      2      2      2      2      6      2
   ASPA0271      1      1      1     19     10     12      7     21     32     73     32
   PHEA0272      1      1      1     19      3      3      2      2      2      6      3
   ALAA0273      1      1      1      2      1      1      1      1      1      1      1
   GLYA0274      0      0      0      0      0      0      0      0      0      0      0
   TRPA0275      1      1      1     37      9     11      3      3      3      4      3
   LEUA0276      1      1      1     37      8      8      4      4      4     10      5
   CYSA0277      1      1      1      7      3      3      3      6     12     21      9
   SERA0278      1      1      1      7      4      4      3      3      3     16      4
   THRA0279      1      1      1      7      3      3      3      3      5     25      8
   ILEA0280      1      1      1     37     11     11      5      5      5     12     12
   GLYA0281      0      0      0      0      0      0      0      0      0      0      0
   LEUA0282      1      1      1     37     26     26     10     10     10     22     16
   CTRA0282      1      1      1      2      1      1      1      3      5      5      5
   Total       263    263    263  51993   9877  10953   3844   4254   5333  13606   6157
