 ph              7.4   7.4   7.4   7.4   7.4
LEU01A0001_001 1.000 1.000 1.000 1.000 1.000
ASN01A0002_001 0.680 0.679 0.680 0.678 0.678
ASN01A0002_002 0.320 0.321 0.320 0.322 0.322
ARG01A0003_001 0.000 0.000 0.000 0.000 0.000
ARG02A0003_002 0.000 0.000 0.000 0.000 0.000
ARG03A0003_003 0.000 0.000 0.000 0.000 0.000
ARG+1A0003_004 1.000 1.000 1.000 1.000 1.000
ALA01A0004_001 1.000 1.000 1.000 1.000 1.000
LYS01A0005_001 0.584 0.585 0.586 0.586 0.583
LYS+1A0005_002 0.416 0.415 0.414 0.414 0.417
ILE01A0006_001 1.000 1.000 1.000 1.000 1.000
ASP01A0007_001 0.000 0.000 0.000 0.000 0.000
ASP01A0007_002 0.000 0.000 0.000 0.000 0.000
ASP02A0007_003 0.000 0.000 0.000 0.000 0.000
ASP02A0007_004 0.000 0.000 0.000 0.000 0.000
ASP-1A0007_005 1.000 1.000 1.000 1.000 1.000
SER01A0008_001 0.144 0.145 0.144 0.145 0.144
SER01A0008_002 0.856 0.855 0.856 0.855 0.856
THR01A0009_001 0.471 0.471 0.470 0.470 0.470
THR01A0009_002 0.529 0.529 0.530 0.530 0.530
THR01A0010_001 1.000 1.000 1.000 1.000 1.000
MET01A0011_001 1.000 1.000 1.000 1.000 1.000
LYS01A0012_001 0.000 0.000 0.000 0.000 0.000
LYS+1A0012_002 1.000 1.000 1.000 1.000 1.000
ASP01A0013_001 0.000 0.000 0.000 0.000 0.000
ASP01A0013_002 0.000 0.000 0.000 0.000 0.000
ASP02A0013_003 0.000 0.000 0.000 0.000 0.000
ASP02A0013_004 0.000 0.000 0.000 0.000 0.000
ASP-1A0013_005 1.000 1.000 1.000 1.000 1.000
PRO01A0014_001 1.000 1.000 1.000 1.000 1.000
ARG01A0015_001 0.000 0.000 0.000 0.000 0.000
ARG02A0015_002 0.000 0.000 0.000 0.000 0.000
ARG02A0015_003 0.000 0.000 0.000 0.000 0.000
ARG03A0015_004 0.000 0.000 0.000 0.000 0.000
ARG03A0015_005 0.000 0.000 0.000 0.000 0.000
ARG+1A0015_006 1.000 1.000 1.000 1.000 1.000
VAL01A0016_001 1.000 1.000 1.000 1.000 1.000
LEU01A0017_001 1.000 1.000 1.000 1.000 1.000
ASN01A0018_001 0.846 0.845 0.846 0.846 0.845
ASN01A0018_002 0.154 0.155 0.154 0.154 0.155
ASN01A0019_001 0.995 0.995 0.995 0.995 0.995
ASN01A0019_002 0.005 0.005 0.005 0.005 0.005
LEU01A0020_001 1.000 1.000 1.000 1.000 1.000
LYS01A0021_001 0.000 0.000 0.000 0.000 0.000
LYS+1A0021_002 1.000 1.000 1.000 1.000 1.000
LEU01A0022_001 1.000 1.000 1.000 1.000 1.000
ARG01A0023_001 0.000 0.000 0.000 0.000 0.000
ARG02A0023_002 0.000 0.000 0.000 0.000 0.000
ARG02A0023_003 0.000 0.000 0.000 0.000 0.000
ARG03A0023_004 0.000 0.000 0.000 0.000 0.000
ARG03A0023_005 0.000 0.000 0.000 0.000 0.000
ARG+1A0023_006 1.000 1.000 1.000 1.000 1.000
GLU01A0024_001 0.000 0.000 0.000 0.000 0.000
GLU01A0024_002 0.000 0.000 0.000 0.000 0.000
GLU02A0024_003 0.000 0.000 0.000 0.000 0.000
GLU02A0024_004 0.000 0.000 0.000 0.000 0.000
GLU-1A0024_005 1.000 1.000 1.000 1.000 1.000
LEU01A0025_001 1.000 1.000 1.000 1.000 1.000
LEU01A0026_001 1.000 1.000 1.000 1.000 1.000
LEU01A0027_001 1.000 1.000 1.000 1.000 1.000
PRO01A0028_001 1.000 1.000 1.000 1.000 1.000
LYS01A0029_001 0.000 0.000 0.000 0.000 0.000
LYS+1A0029_002 1.000 1.000 1.000 1.000 1.000
PHE01A0030_001 1.000 1.000 1.000 1.000 1.000
THR01A0031_001 0.794 0.793 0.794 0.793 0.793
THR01A0031_002 0.206 0.207 0.206 0.207 0.207
SER01A0032_001 0.528 0.528 0.527 0.527 0.527
SER01A0032_002 0.472 0.472 0.473 0.473 0.473
LEU01A0033_001 1.000 1.000 1.000 1.000 1.000
TRP01A0034_001 1.000 1.000 1.000 1.000 1.000
GLU01A0035_001 0.000 0.000 0.000 0.000 0.000
GLU01A0035_002 0.000 0.002 0.002 0.000 0.000
GLU02A0035_003 0.000 0.000 0.000 0.000 0.000
GLU02A0035_004 0.000 0.000 0.000 0.000 0.000
GLU-1A0035_005 1.000 0.998 0.998 1.000 1.000
ILE01A0036_001 1.000 1.000 1.000 1.000 1.000
GLN01A0037_001 0.000 0.000 0.000 0.000 0.000
GLN01A0037_002 1.000 1.000 1.000 1.000 1.000
THR01A0038_001 0.874 0.874 0.875 0.874 0.874
THR01A0038_002 0.126 0.126 0.125 0.126 0.126
GLU01A0039_001 0.000 0.000 0.000 0.000 0.000
GLU01A0039_002 0.000 0.000 0.000 0.000 0.000
GLU02A0039_003 0.000 0.000 0.000 0.000 0.000
GLU02A0039_004 0.000 0.000 0.000 0.000 0.000
GLU-1A0039_005 1.000 1.000 1.000 1.000 1.000
VAL01A0040_001 1.000 1.000 1.000 1.000 1.000
THR01A0041_001 0.995 0.995 0.995 0.995 0.995
THR01A0041_002 0.005 0.005 0.005 0.005 0.005
VAL01A0042_001 1.000 1.000 1.000 1.000 1.000
ASP01A0043_001 0.000 0.000 0.000 0.000 0.000
ASP01A0043_002 0.000 0.000 0.000 0.000 0.000
ASP02A0043_003 0.000 0.000 0.000 0.000 0.000
ASP02A0043_004 0.000 0.000 0.000 0.000 0.000
ASP-1A0043_005 1.000 1.000 1.000 1.000 1.000
ASN01A0044_001 1.000 1.000 1.000 1.000 1.000
ASN01A0044_002 0.000 0.000 0.000 0.000 0.000
ARG01A0045_001 0.000 0.000 0.000 0.000 0.000
ARG02A0045_002 0.000 0.000 0.000 0.000 0.000
ARG03A0045_003 0.000 0.000 0.000 0.000 0.000
ARG03A0045_004 0.000 0.000 0.000 0.000 0.000
ARG+1A0045_005 1.000 1.000 1.000 1.000 1.000
THR01A0046_001 1.000 1.000 1.000 1.000 1.000
ILE01A0047_001 1.000 1.000 1.000 1.000 1.000
LEU01A0048_001 1.000 1.000 1.000 1.000 1.000
LEU01A0049_001 1.000 1.000 1.000 1.000 1.000
THR01A0050_001 1.000 1.000 1.000 1.000 1.000
TRP01A0051_001 1.000 1.000 1.000 1.000 1.000
MET01A0052_001 1.000 1.000 1.000 1.000 1.000
HIS01A0053_001 0.237 0.237 0.237 0.236 0.235
HIS01A0053_002 0.194 0.196 0.195 0.195 0.196
HIS02A0053_003 0.103 0.103 0.104 0.104 0.105
HIS02A0053_004 0.464 0.461 0.462 0.463 0.461
HIS+1A0053_005 0.000 0.000 0.000 0.000 0.000
HIS+1A0053_006 0.002 0.003 0.002 0.003 0.002
LEU01A0054_001 1.000 1.000 1.000 1.000 1.000
LEU01A0055_001 1.000 1.000 1.000 1.000 1.000
CYS01A0056_001 0.096 0.097 0.096 0.096 0.095
CYS01A0056_002 0.752 0.752 0.752 0.753 0.755
CYS01A0056_003 0.151 0.151 0.152 0.151 0.150
CYS-1A0056_004 0.000 0.000 0.000 0.000 0.000
GLU01A0057_001 0.000 0.000 0.000 0.000 0.000
GLU01A0057_002 0.004 0.002 0.002 0.004 0.002
GLU02A0057_003 0.000 0.000 0.000 0.000 0.000
GLU02A0057_004 0.000 0.001 0.001 0.000 0.001
GLU-1A0057_005 0.996 0.997 0.997 0.996 0.997
SER01A0058_001 0.367 0.367 0.366 0.367 0.368
SER01A0058_002 0.633 0.633 0.634 0.633 0.632
PHE01A0059_001 1.000 1.000 1.000 1.000 1.000
GLU01A0060_001 0.000 0.000 0.000 0.000 0.000
GLU01A0060_002 0.000 0.000 0.000 0.000 0.000
GLU02A0060_003 0.000 0.000 0.000 0.000 0.000
GLU02A0060_004 0.000 0.000 0.000 0.000 0.000
GLU-1A0060_005 1.000 1.000 1.000 1.000 1.000
LEU01A0061_001 1.000 1.000 1.000 1.000 1.000
ASP01A0062_001 0.000 0.000 0.000 0.000 0.000
ASP01A0062_002 0.000 0.000 0.000 0.000 0.000
ASP02A0062_003 0.000 0.000 0.000 0.000 0.000
ASP02A0062_004 0.000 0.000 0.000 0.000 0.000
ASP-1A0062_005 1.000 1.000 1.000 1.000 1.000
LYS01A0063_001 0.000 0.000 0.000 0.000 0.000
LYS+1A0063_002 1.000 1.000 1.000 1.000 1.000
SER01A0064_001 0.971 0.971 0.971 0.971 0.971
SER01A0064_002 0.029 0.029 0.029 0.029 0.029
VAL01A0065_001 1.000 1.000 1.000 1.000 1.000
PHE01A0066_001 1.000 1.000 1.000 1.000 1.000
PRO01A0067_001 1.000 1.000 1.000 1.000 1.000
LEU01A0068_001 1.000 1.000 1.000 1.000 1.000
SER01A0069_001 0.528 0.529 0.528 0.528 0.529
SER01A0069_002 0.472 0.471 0.472 0.472 0.471
VAL01A0070_001 1.000 1.000 1.000 1.000 1.000
SER01A0071_001 0.000 0.000 0.000 0.000 0.000
SER01A0071_002 1.000 1.000 1.000 1.000 1.000
ILE01A0072_001 1.000 1.000 1.000 1.000 1.000
LEU01A0073_001 1.000 1.000 1.000 1.000 1.000
ASP01A0074_001 0.000 0.000 0.000 0.000 0.000
ASP01A0074_002 0.000 0.000 0.000 0.000 0.000
ASP02A0074_003 0.000 0.000 0.000 0.000 0.000
ASP02A0074_004 0.000 0.000 0.000 0.000 0.000
ASP-1A0074_005 1.000 1.000 1.000 1.000 1.000
ARG01A0075_001 0.000 0.000 0.000 0.000 0.000
ARG02A0075_002 0.000 0.000 0.000 0.000 0.000
ARG03A0075_003 0.000 0.000 0.000 0.000 0.000
ARG03A0075_004 0.000 0.000 0.000 0.000 0.000
ARG+1A0075_005 1.000 1.000 1.000 1.000 1.000
TYR01A0076_001 0.589 0.589 0.589 0.590 0.589
TYR01A0076_002 0.411 0.411 0.411 0.410 0.411
TYR-1A0076_003 0.000 0.000 0.000 0.000 0.000
LEU01A0077_001 1.000 1.000 1.000 1.000 1.000
CYS01A0078_001 0.351 0.351 0.350 0.350 0.350
CYS01A0078_002 0.391 0.391 0.392 0.392 0.392
CYS01A0078_003 0.258 0.258 0.257 0.258 0.258
CYS-1A0078_004 0.000 0.000 0.000 0.000 0.000
LYS01A0079_001 0.000 0.000 0.000 0.000 0.000
LYS+1A0079_002 1.000 1.000 1.000 1.000 1.000
LYS01A0080_001 0.000 0.000 0.000 0.000 0.000
LYS+1A0080_002 1.000 1.000 1.000 1.000 1.000
GLN01A0081_001 0.000 0.000 0.000 0.000 0.000
GLN01A0081_002 1.000 1.000 1.000 1.000 1.000
THR01A0083_001 1.000 1.000 1.000 1.000 1.000
LYS01A0084_001 0.000 0.000 0.000 0.000 0.000
LYS+1A0084_002 1.000 1.000 1.000 1.000 1.000
LYS01A0085_001 0.000 0.000 0.000 0.000 0.000
LYS+1A0085_002 1.000 1.000 1.000 1.000 1.000
THR01A0086_001 0.080 0.079 0.079 0.080 0.080
THR01A0086_002 0.920 0.921 0.921 0.920 0.920
LEU01A0087_001 1.000 1.000 1.000 1.000 1.000
GLN01A0088_001 0.191 0.191 0.192 0.191 0.190
GLN01A0088_002 0.809 0.809 0.808 0.809 0.810
LYS01A0089_001 0.000 0.000 0.000 0.000 0.000
LYS+1A0089_002 1.000 1.000 1.000 1.000 1.000
ILE01A0090_001 1.000 1.000 1.000 1.000 1.000
ALA01A0092_001 1.000 1.000 1.000 1.000 1.000
ALA01A0093_001 1.000 1.000 1.000 1.000 1.000
CYS01A0094_001 0.123 0.123 0.123 0.122 0.123
CYS01A0094_002 0.767 0.768 0.768 0.769 0.768
CYS01A0094_003 0.110 0.109 0.109 0.108 0.110
CYS-1A0094_004 0.000 0.000 0.000 0.000 0.000
VAL01A0095_001 1.000 1.000 1.000 1.000 1.000
LEU01A0096_001 1.000 1.000 1.000 1.000 1.000
ILE01A0097_001 1.000 1.000 1.000 1.000 1.000
SER01A0099_001 0.963 0.964 0.963 0.963 0.963
SER01A0099_002 0.037 0.036 0.037 0.037 0.037
LYS01A0100_001 0.000 0.000 0.000 0.000 0.000
LYS+1A0100_002 1.000 1.000 1.000 1.000 1.000
ILE01A0101_001 1.000 1.000 1.000 1.000 1.000
ARG01A0102_001 0.000 0.000 0.000 0.000 0.000
ARG02A0102_002 0.000 0.000 0.000 0.000 0.000
ARG02A0102_003 0.000 0.000 0.000 0.000 0.000
ARG03A0102_004 0.000 0.000 0.000 0.000 0.000
ARG03A0102_005 0.000 0.000 0.000 0.000 0.000
ARG+1A0102_006 1.000 1.000 1.000 1.000 1.000
THR01A0103_001 0.018 0.017 0.018 0.018 0.018
THR01A0103_002 0.938 0.939 0.937 0.938 0.938
THR01A0103_003 0.044 0.044 0.045 0.044 0.044
VAL01A0104_001 1.000 1.000 1.000 1.000 1.000
LYS01A0105_001 0.002 0.002 0.002 0.002 0.002
LYS+1A0105_002 0.998 0.998 0.998 0.998 0.998
PRO01A0106_001 1.000 1.000 1.000 1.000 1.000
MET01A0107_001 1.000 1.000 1.000 1.000 1.000
THR01A0108_001 0.954 0.954 0.953 0.953 0.954
THR01A0108_002 0.046 0.046 0.047 0.047 0.046
VAL01A0109_001 1.000 1.000 1.000 1.000 1.000
SER01A0110_001 1.000 1.000 1.000 1.000 1.000
LYS01A0111_001 0.203 0.203 0.202 0.202 0.204
LYS+1A0111_002 0.797 0.797 0.798 0.798 0.796
LEU01A0112_001 1.000 1.000 1.000 1.000 1.000
THR01A0113_001 1.000 1.000 1.000 1.000 1.000
TYR01A0114_001 0.993 0.993 0.993 0.993 0.993
TYR-1A0114_002 0.007 0.007 0.007 0.007 0.007
LEU01A0115_001 1.000 1.000 1.000 1.000 1.000
SER01A0116_001 1.000 1.000 1.000 1.000 1.000
CYD01A0117_001 1.000 1.000 1.000 1.000 1.000
ASP01A0118_001 0.000 0.000 0.000 0.000 0.000
ASP01A0118_002 0.000 0.000 0.000 0.000 0.000
ASP02A0118_003 0.000 0.000 0.000 0.000 0.000
ASP02A0118_004 0.000 0.000 0.000 0.000 0.000
ASP-1A0118_005 1.000 1.000 1.000 1.000 1.000
CYD01A0119_001 1.000 1.000 1.000 1.000 1.000
PHE01A0120_001 1.000 1.000 1.000 1.000 1.000
THR01A0121_001 0.088 0.088 0.088 0.088 0.089
THR01A0121_002 0.000 0.000 0.000 0.000 0.000
THR01A0121_003 0.912 0.912 0.912 0.912 0.911
ASN01A0122_001 0.731 0.730 0.732 0.734 0.732
ASN01A0122_002 0.269 0.270 0.268 0.266 0.268
LEU01A0123_001 1.000 1.000 1.000 1.000 1.000
GLU01A0124_001 0.000 0.000 0.000 0.000 0.000
GLU01A0124_002 0.000 0.000 0.000 0.000 0.000
GLU02A0124_003 0.000 0.000 0.000 0.000 0.000
GLU02A0124_004 0.000 0.000 0.000 0.000 0.000
GLU-1A0124_005 1.000 1.000 1.000 1.000 1.000
LEU01A0125_001 1.000 1.000 1.000 1.000 1.000
ILE01A0126_001 1.000 1.000 1.000 1.000 1.000
ASN01A0127_001 0.997 0.997 0.997 0.997 0.997
ASN01A0127_002 0.003 0.003 0.003 0.003 0.003
GLN01A0128_001 0.999 0.999 0.999 1.000 0.999
GLN01A0128_002 0.001 0.001 0.001 0.000 0.001
GLU01A0129_001 0.000 0.000 0.000 0.000 0.000
GLU01A0129_002 0.000 0.000 0.000 0.000 0.000
GLU02A0129_003 0.000 0.000 0.000 0.000 0.000
GLU02A0129_004 0.000 0.000 0.000 0.000 0.000
GLU-1A0129_005 1.000 1.000 1.000 1.000 1.000
LYS01A0130_001 0.000 0.000 0.000 0.000 0.000
LYS+1A0130_002 1.000 1.000 1.000 1.000 1.000
ASP01A0131_001 0.000 0.000 0.000 0.000 0.000
ASP01A0131_002 0.000 0.000 0.000 0.000 0.000
ASP02A0131_003 0.000 0.000 0.000 0.000 0.000
ASP02A0131_004 0.000 0.000 0.000 0.000 0.000
ASP-1A0131_005 1.000 1.000 1.000 1.000 1.000
ILE01A0132_001 1.000 1.000 1.000 1.000 1.000
LEU01A0133_001 1.000 1.000 1.000 1.000 1.000
GLU01A0134_001 0.000 0.000 0.000 0.000 0.000
GLU01A0134_002 0.003 0.003 0.003 0.004 0.003
GLU02A0134_003 0.000 0.000 0.000 0.000 0.000
GLU02A0134_004 0.000 0.000 0.000 0.000 0.001
GLU-1A0134_005 0.997 0.996 0.997 0.996 0.997
ALA01A0135_001 1.000 1.000 1.000 1.000 1.000
LEU01A0136_001 1.000 1.000 1.000 1.000 1.000
LYS01A0137_001 0.000 0.000 0.000 0.000 0.000
LYS+1A0137_002 1.000 1.000 1.000 1.000 1.000
TRP01A0138_001 1.000 1.000 1.000 1.000 1.000
ASP01A0139_001 0.000 0.000 0.000 0.000 0.000
ASP01A0139_002 0.000 0.000 0.000 0.000 0.000
ASP02A0139_003 0.000 0.000 0.000 0.000 0.000
ASP02A0139_004 0.000 0.000 0.000 0.000 0.000
ASP-1A0139_005 1.000 1.000 1.000 1.000 1.000
THR01A0140_001 0.223 0.222 0.224 0.223 0.224
THR01A0140_002 0.777 0.778 0.776 0.777 0.776
GLU01A0141_001 0.000 0.000 0.000 0.000 0.000
GLU01A0141_002 0.000 0.000 0.000 0.000 0.000
GLU02A0141_003 0.000 0.000 0.000 0.000 0.000
GLU02A0141_004 0.000 0.000 0.000 0.000 0.000
GLU-1A0141_005 1.000 1.000 1.000 1.000 1.000
ALA01A0142_001 1.000 1.000 1.000 1.000 1.000
VAL01A0143_001 1.000 1.000 1.000 1.000 1.000
LEU01A0144_001 1.000 1.000 1.000 1.000 1.000
ALA01A0145_001 1.000 1.000 1.000 1.000 1.000
THR01A0146_001 0.612 0.613 0.613 0.613 0.612
THR01A0146_002 0.388 0.387 0.387 0.387 0.388
ASP01A0147_001 0.000 0.000 0.000 0.000 0.000
ASP01A0147_002 0.000 0.000 0.000 0.000 0.000
ASP02A0147_003 0.000 0.000 0.000 0.000 0.000
ASP02A0147_004 0.000 0.000 0.000 0.000 0.000
ASP-1A0147_005 1.000 1.000 1.000 1.000 1.000
PHE01A0148_001 1.000 1.000 1.000 1.000 1.000
LEU01A0149_001 1.000 1.000 1.000 1.000 1.000
ILE01A0150_001 1.000 1.000 1.000 1.000 1.000
PRO01A0151_001 1.000 1.000 1.000 1.000 1.000
LEU01A0152_001 1.000 1.000 1.000 1.000 1.000
CYS01A0153_001 0.309 0.309 0.308 0.310 0.309
CYS01A0153_002 0.546 0.546 0.546 0.544 0.545
CYS01A0153_003 0.145 0.146 0.146 0.147 0.146
CYS-1A0153_004 0.000 0.000 0.000 0.000 0.000
ASN01A0154_001 1.000 1.000 1.000 1.000 1.000
ALA01A0155_001 1.000 1.000 1.000 1.000 1.000
LEU01A0156_001 1.000 1.000 1.000 1.000 1.000
LYS01A0157_001 0.000 0.000 0.000 0.000 0.000
LYS+1A0157_002 1.000 1.000 1.000 1.000 1.000
ILE01A0158_001 1.000 1.000 1.000 1.000 1.000
PRO01A0159_001 1.000 1.000 1.000 1.000 1.000
GLU01A0160_001 0.000 0.000 0.000 0.000 0.000
GLU01A0160_002 0.000 0.000 0.000 0.000 0.000
GLU02A0160_003 0.000 0.000 0.000 0.000 0.000
GLU02A0160_004 0.000 0.000 0.000 0.000 0.000
GLU-1A0160_005 1.000 1.000 1.000 1.000 1.000
ASP01A0161_001 0.000 0.000 0.000 0.000 0.000
ASP01A0161_002 0.000 0.000 0.000 0.000 0.000
ASP02A0161_003 0.000 0.000 0.000 0.000 0.000
ASP02A0161_004 0.000 0.000 0.000 0.000 0.000
ASP-1A0161_005 1.000 1.000 1.000 1.000 1.000
LEU01A0162_001 1.000 1.000 1.000 1.000 1.000
TRP01A0163_001 1.000 1.000 1.000 1.000 1.000
PRO01A0164_001 1.000 1.000 1.000 1.000 1.000
GLN01A0165_001 0.386 0.387 0.386 0.387 0.386
GLN01A0165_002 0.614 0.613 0.614 0.613 0.614
LEU01A0166_001 1.000 1.000 1.000 1.000 1.000
TYR01A0167_001 0.981 0.980 0.981 0.981 0.980
TYR-1A0167_002 0.019 0.020 0.019 0.019 0.020
GLU01A0168_001 0.000 0.000 0.000 0.000 0.000
GLU01A0168_002 0.000 0.000 0.000 0.000 0.000
GLU02A0168_003 0.000 0.000 0.000 0.000 0.000
GLU02A0168_004 0.000 0.000 0.000 0.000 0.000
GLU-1A0168_005 1.000 1.000 1.000 1.000 1.000
ALA01A0169_001 1.000 1.000 1.000 1.000 1.000
ALA01A0170_001 1.000 1.000 1.000 1.000 1.000
SER01A0171_001 0.936 0.936 0.936 0.937 0.937
SER01A0171_002 0.005 0.005 0.005 0.005 0.005
SER01A0171_003 0.059 0.059 0.059 0.058 0.059
THR01A0172_001 0.048 0.048 0.048 0.048 0.048
THR01A0172_002 0.029 0.030 0.029 0.030 0.030
THR01A0172_003 0.923 0.922 0.923 0.922 0.922
THR01A0173_001 1.000 1.000 1.000 1.000 1.000
ILE01A0174_001 1.000 1.000 1.000 1.000 1.000
CYS01A0175_001 0.147 0.147 0.147 0.148 0.147
CYS01A0175_002 0.273 0.275 0.276 0.275 0.275
CYS01A0175_003 0.579 0.578 0.577 0.577 0.579
CYS-1A0175_004 0.000 0.000 0.000 0.000 0.000
LYS01A0176_001 0.000 0.000 0.000 0.000 0.000
LYS+1A0176_002 1.000 1.000 1.000 1.000 1.000
ALA01A0177_001 1.000 1.000 1.000 1.000 1.000
LEU01A0178_001 1.000 1.000 1.000 1.000 1.000
ILE01A0179_001 1.000 1.000 1.000 1.000 1.000
GLN01A0180_001 0.023 0.023 0.022 0.022 0.022
GLN01A0180_002 0.977 0.977 0.978 0.978 0.978
PRO01A0181_001 1.000 1.000 1.000 1.000 1.000
ASN01A0182_001 1.000 1.000 1.000 1.000 1.000
ILE01A0183_001 1.000 1.000 1.000 1.000 1.000
ALA01A0184_001 1.000 1.000 1.000 1.000 1.000
LEU01A0185_001 1.000 1.000 1.000 1.000 1.000
LEU01A0186_001 1.000 1.000 1.000 1.000 1.000
SER01A0187_001 0.000 0.000 0.000 0.000 0.000
SER01A0187_002 0.875 0.875 0.877 0.876 0.876
SER01A0187_003 0.125 0.125 0.123 0.124 0.124
PRO01A0188_001 1.000 1.000 1.000 1.000 1.000
LEU01A0190_001 1.000 1.000 1.000 1.000 1.000
ILE01A0191_001 1.000 1.000 1.000 1.000 1.000
CYS01A0192_001 0.392 0.392 0.392 0.391 0.392
CYS01A0192_002 0.379 0.380 0.380 0.380 0.380
CYS01A0192_003 0.229 0.229 0.228 0.229 0.228
CYS-1A0192_004 0.000 0.000 0.000 0.000 0.000
ALA01A0193_001 1.000 1.000 1.000 1.000 1.000
LEU01A0196_001 1.000 1.000 1.000 1.000 1.000
LEU01A0197_001 1.000 1.000 1.000 1.000 1.000
THR01A0198_001 0.034 0.034 0.034 0.034 0.034
THR01A0198_002 0.614 0.615 0.614 0.616 0.613
THR01A0198_003 0.352 0.351 0.353 0.350 0.353
THR01A0199_001 0.450 0.450 0.449 0.450 0.449
THR01A0199_002 0.550 0.550 0.551 0.550 0.551
ILE01A0200_001 1.000 1.000 1.000 1.000 1.000
GLU01A0201_001 0.000 0.000 0.000 0.000 0.000
GLU01A0201_002 0.002 0.000 0.002 0.000 0.002
GLU02A0201_003 0.000 0.000 0.000 0.000 0.000
GLU02A0201_004 0.000 0.000 0.000 0.000 0.000
GLU-1A0201_005 0.998 1.000 0.998 1.000 0.998
THR01A0202_001 1.000 1.000 1.000 1.000 1.000
ASP01A0203_001 0.000 0.000 0.000 0.000 0.000
ASP01A0203_002 0.006 0.006 0.006 0.006 0.006
ASP02A0203_003 0.000 0.000 0.000 0.000 0.000
ASP02A0203_004 0.003 0.003 0.004 0.004 0.003
ASP-1A0203_005 0.990 0.991 0.990 0.990 0.990
ASN01A0204_001 0.972 0.972 0.972 0.972 0.972
ASN01A0204_002 0.028 0.028 0.028 0.028 0.028
THR01A0205_001 0.706 0.706 0.706 0.706 0.706
THR01A0205_002 0.188 0.190 0.189 0.189 0.189
THR01A0205_003 0.105 0.105 0.104 0.105 0.105
ASN01A0206_001 0.006 0.006 0.006 0.006 0.006
ASN01A0206_002 0.994 0.994 0.994 0.994 0.994
CYS01A0207_001 0.119 0.119 0.120 0.119 0.119
CYS01A0207_002 0.734 0.733 0.733 0.733 0.734
CYS01A0207_003 0.147 0.148 0.147 0.148 0.148
CYS-1A0207_004 0.000 0.000 0.000 0.000 0.000
ARG01A0208_001 0.000 0.000 0.000 0.000 0.000
ARG02A0208_002 1.000 1.000 1.000 1.000 1.000
ARG03A0208_003 0.000 0.000 0.000 0.000 0.000
ARG03A0208_004 0.000 0.000 0.000 0.000 0.000
ARG+1A0208_005 0.000 0.000 0.000 0.000 0.000
PRO01A0209_001 1.000 1.000 1.000 1.000 1.000
TRP01A0210_001 1.000 1.000 1.000 1.000 1.000
THR01A0211_001 1.000 1.000 1.000 1.000 1.000
CYS01A0212_001 1.000 1.000 1.000 1.000 1.000
CYS01A0212_002 0.000 0.000 0.000 0.000 0.000
CYS01A0212_003 0.000 0.000 0.000 0.000 0.000
CYS-1A0212_004 0.000 0.000 0.000 0.000 0.000
TYR01A0213_001 0.970 0.969 0.969 0.969 0.969
TYR01A0213_002 0.030 0.031 0.031 0.031 0.031
TYR-1A0213_003 0.000 0.000 0.000 0.000 0.000
LEU01A0214_001 1.000 1.000 1.000 1.000 1.000
GLU01A0215_001 0.000 0.000 0.000 0.000 0.000
GLU01A0215_002 0.000 0.000 0.000 0.000 0.000
GLU02A0215_003 0.000 0.000 0.000 0.000 0.000
GLU02A0215_004 0.000 0.000 0.000 0.000 0.000
GLU-1A0215_005 1.000 1.000 1.000 1.000 1.000
ASP01A0216_001 0.000 0.000 0.000 0.000 0.000
ASP01A0216_002 0.000 0.000 0.000 0.000 0.000
ASP02A0216_003 0.000 0.000 0.000 0.000 0.000
ASP02A0216_004 0.000 0.000 0.000 0.000 0.000
ASP-1A0216_005 1.000 1.000 1.000 1.000 1.000
LEU01A0217_001 1.000 1.000 1.000 1.000 1.000
SER01A0218_001 0.043 0.044 0.044 0.044 0.044
SER01A0218_002 0.957 0.956 0.956 0.956 0.956
SER01A0219_001 0.445 0.444 0.445 0.444 0.444
SER01A0219_002 0.555 0.556 0.555 0.556 0.556
ILE01A0220_001 1.000 1.000 1.000 1.000 1.000
LEU01A0221_001 1.000 1.000 1.000 1.000 1.000
ASN01A0222_001 1.000 1.000 1.000 1.000 1.000
PHE01A0223_001 1.000 1.000 1.000 1.000 1.000
SER01A0224_001 0.998 0.997 0.998 0.997 0.998
SER01A0224_002 0.002 0.003 0.002 0.003 0.002
THR01A0225_001 0.111 0.110 0.111 0.110 0.111
THR01A0225_002 0.039 0.038 0.039 0.038 0.039
THR01A0225_003 0.850 0.851 0.851 0.851 0.850
ASN01A0226_001 0.991 0.991 0.991 0.991 0.991
ASN01A0226_002 0.009 0.009 0.009 0.009 0.009
THR01A0227_001 1.000 1.000 1.000 1.000 1.000
THR01A0227_002 0.000 0.000 0.000 0.000 0.000
VAL01A0228_001 1.000 1.000 1.000 1.000 1.000
ARG01A0229_001 0.000 0.000 0.000 0.000 0.000
ARG02A0229_002 0.000 0.000 0.000 0.000 0.000
ARG03A0229_003 0.000 0.000 0.000 0.000 0.000
ARG+1A0229_004 1.000 1.000 1.000 1.000 1.000
THR01A0230_001 1.000 1.000 1.000 1.000 1.000
VAL01A0231_001 1.000 1.000 1.000 1.000 1.000
LYS01A0232_001 0.000 0.000 0.000 0.000 0.000
LYS+1A0232_002 1.000 1.000 1.000 1.000 1.000
ASP01A0233_001 0.000 0.000 0.000 0.000 0.000
ASP01A0233_002 0.000 0.000 0.000 0.000 0.000
ASP02A0233_003 0.000 0.000 0.000 0.000 0.000
ASP02A0233_004 0.000 0.000 0.000 0.000 0.000
ASP-1A0233_005 1.000 1.000 1.000 1.000 1.000
GLN01A0234_001 1.000 1.000 1.000 1.000 1.000
VAL01A0235_001 1.000 1.000 1.000 1.000 1.000
SER01A0236_001 0.145 0.145 0.145 0.145 0.146
SER01A0236_002 0.319 0.320 0.319 0.319 0.319
SER01A0236_003 0.536 0.535 0.537 0.536 0.535
GLU01A0237_001 0.000 0.000 0.000 0.000 0.000
GLU01A0237_002 0.005 0.005 0.005 0.005 0.005
GLU02A0237_003 0.000 0.000 0.000 0.000 0.000
GLU02A0237_004 0.005 0.005 0.005 0.005 0.005
GLU-1A0237_005 0.990 0.989 0.991 0.990 0.990
ALA01A0238_001 1.000 1.000 1.000 1.000 1.000
PHE01A0239_001 1.000 1.000 1.000 1.000 1.000
SER01A0240_001 0.214 0.212 0.213 0.213 0.214
SER01A0240_002 0.101 0.100 0.101 0.101 0.101
SER01A0240_003 0.686 0.687 0.686 0.686 0.685
LEU01A0241_001 1.000 1.000 1.000 1.000 1.000
TYR01A0242_001 0.266 0.269 0.268 0.267 0.269
TYR01A0242_002 0.734 0.731 0.732 0.733 0.731
TYR-1A0242_003 0.000 0.000 0.000 0.000 0.000
ASP01A0243_001 0.000 0.000 0.000 0.000 0.000
ASP01A0243_002 0.004 0.003 0.004 0.004 0.004
ASP02A0243_003 0.000 0.000 0.000 0.000 0.000
ASP02A0243_004 0.022 0.022 0.022 0.023 0.022
ASP-1A0243_005 0.974 0.974 0.974 0.974 0.974
LEU01A0244_001 1.000 1.000 1.000 1.000 1.000
GLU01A0245_001 0.003 0.003 0.003 0.003 0.003
GLU01A0245_002 0.002 0.002 0.002 0.002 0.002
GLU02A0245_003 0.000 0.000 0.000 0.000 0.000
GLU02A0245_004 0.004 0.004 0.003 0.004 0.004
GLU-1A0245_005 0.991 0.991 0.992 0.991 0.991
ILE01A0246_001 1.000 1.000 1.000 1.000 1.000
LEU01A0247_001 1.000 1.000 1.000 1.000 1.000
MET01B0001_001 1.000 1.000 1.000 1.000 1.000
GLU01B0002_001 0.000 0.000 0.000 0.000 0.000
GLU01B0002_002 0.000 0.000 0.000 0.000 0.000
GLU02B0002_003 0.000 0.000 0.000 0.000 0.000
GLU02B0002_004 0.000 0.000 0.000 0.000 0.000
GLU-1B0002_005 1.000 1.000 1.000 1.000 1.000
LYS01B0003_001 0.000 0.000 0.000 0.000 0.000
LYS+1B0003_002 1.000 1.000 1.000 1.000 1.000
ASP01B0004_001 0.000 0.000 0.000 0.000 0.000
ASP01B0004_002 0.000 0.000 0.000 0.000 0.000
ASP02B0004_003 0.000 0.000 0.000 0.000 0.000
ASP02B0004_004 0.000 0.000 0.000 0.000 0.000
ASP-1B0004_005 1.000 1.000 1.000 1.000 1.000
LEU01B0006_001 1.000 1.000 1.000 1.000 1.000
CYS01B0007_001 0.188 0.188 0.188 0.188 0.187
CYS01B0007_002 0.212 0.212 0.213 0.212 0.213
CYS01B0007_003 0.350 0.350 0.350 0.350 0.350
CYS-1B0007_004 0.250 0.249 0.249 0.250 0.250
ARG01B0008_001 0.000 0.000 0.000 0.000 0.000
ARG02B0008_002 0.000 0.000 0.000 0.000 0.000
ARG03B0008_003 0.037 0.038 0.038 0.038 0.038
ARG+1B0008_004 0.963 0.962 0.962 0.962 0.962
ALA01B0009_001 1.000 1.000 1.000 1.000 1.000
ASP01B0010_001 0.000 0.000 0.000 0.000 0.000
ASP01B0010_002 0.000 0.000 0.000 0.000 0.000
ASP02B0010_003 0.000 0.000 0.000 0.000 0.000
ASP02B0010_004 0.000 0.000 0.000 0.000 0.000
ASP-1B0010_005 1.000 1.000 1.000 1.000 1.000
GLN01B0011_001 0.000 0.000 0.000 0.000 0.000
GLN01B0011_002 1.000 1.000 1.000 1.000 1.000
GLN01B0012_001 1.000 1.000 1.000 1.000 1.000
TYR01B0013_001 0.501 0.501 0.501 0.501 0.501
TYR01B0013_002 0.499 0.499 0.499 0.499 0.499
TYR-1B0013_003 0.000 0.000 0.000 0.000 0.000
GLU01B0014_001 0.000 0.000 0.000 0.000 0.000
GLU01B0014_002 0.005 0.005 0.005 0.005 0.005
GLU02B0014_003 0.000 0.000 0.000 0.000 0.000
GLU02B0014_004 0.003 0.003 0.003 0.003 0.003
GLU-1B0014_005 0.992 0.992 0.992 0.992 0.992
CYS01B0015_001 0.265 0.264 0.262 0.264 0.262
CYS01B0015_002 0.441 0.443 0.443 0.443 0.443
CYS01B0015_003 0.238 0.236 0.237 0.237 0.238
CYS-1B0015_004 0.057 0.057 0.057 0.056 0.057
VAL01B0016_001 1.000 1.000 1.000 1.000 1.000
ALA01B0017_001 1.000 1.000 1.000 1.000 1.000
GLU01B0018_001 0.000 0.000 0.000 0.000 0.000
GLU01B0018_002 0.000 0.000 0.000 0.000 0.000
GLU02B0018_003 0.000 0.000 0.000 0.000 0.000
GLU02B0018_004 0.000 0.000 0.000 0.000 0.000
GLU-1B0018_005 1.000 1.000 1.000 1.000 1.000
ILE01B0019_001 1.000 1.000 1.000 1.000 1.000
GLU01B0021_001 0.000 0.000 0.000 0.000 0.000
GLU01B0021_002 0.019 0.018 0.018 0.018 0.018
GLU02B0021_003 0.000 0.000 0.000 0.000 0.000
GLU02B0021_004 0.011 0.011 0.011 0.011 0.011
GLU-1B0021_005 0.970 0.971 0.970 0.970 0.971
ALA01B0023_001 1.000 1.000 1.000 1.000 1.000
TYR01B0024_001 0.998 0.998 0.998 0.998 0.998
TYR-1B0024_002 0.002 0.002 0.002 0.002 0.002
LYS01B0026_001 1.000 1.000 1.000 1.000 1.000
LYS+1B0026_002 0.000 0.000 0.000 0.000 0.000
VAL01B0027_001 1.000 1.000 1.000 1.000 1.000
PHE01B0028_001 1.000 1.000 1.000 1.000 1.000
LYS01B0029_001 1.000 1.000 1.000 1.000 1.000
LYS+1B0029_002 0.000 0.000 0.000 0.000 0.000
ALA01B0030_001 1.000 1.000 1.000 1.000 1.000
ARG01B0031_001 0.000 0.000 0.000 0.000 0.000
ARG02B0031_002 0.000 0.000 0.000 0.000 0.000
ARG03B0031_003 0.000 0.000 0.000 0.000 0.000
ARG+1B0031_004 1.000 1.000 1.000 1.000 1.000
ASP01B0032_001 0.000 0.000 0.000 0.000 0.000
ASP01B0032_002 0.000 0.000 0.000 0.000 0.000
ASP02B0032_003 0.000 0.000 0.000 0.000 0.000
ASP02B0032_004 0.019 0.019 0.019 0.019 0.019
ASP-1B0032_005 0.981 0.981 0.981 0.981 0.981
LEU01B0033_001 1.000 1.000 1.000 1.000 1.000
LYS01B0034_001 0.000 0.000 0.000 0.000 0.000
LYS+1B0034_002 1.000 1.000 1.000 1.000 1.000
ASN01B0035_001 0.000 0.000 0.000 0.000 0.000
ASN01B0035_002 1.000 1.000 1.000 1.000 1.000
ARG01B0038_001 0.000 0.000 0.000 0.000 0.000
ARG02B0038_002 0.000 0.000 0.000 0.000 0.000
ARG03B0038_003 0.000 0.000 0.000 0.000 0.000
ARG+1B0038_004 1.000 1.000 1.000 1.000 1.000
PHE01B0039_001 1.000 1.000 1.000 1.000 1.000
VAL01B0040_001 1.000 1.000 1.000 1.000 1.000
ALA01B0041_001 1.000 1.000 1.000 1.000 1.000
LEU01B0042_001 1.000 1.000 1.000 1.000 1.000
LYS01B0043_001 0.241 0.238 0.240 0.240 0.240
LYS+1B0043_002 0.759 0.762 0.760 0.760 0.760
ARG01B0044_001 0.000 0.000 0.000 0.000 0.000
ARG02B0044_002 0.000 0.000 0.000 0.000 0.000
ARG03B0044_003 0.000 0.000 0.000 0.000 0.000
ARG+1B0044_004 1.000 1.000 1.000 1.000 1.000
VAL01B0045_001 1.000 1.000 1.000 1.000 1.000
ARG01B0046_001 0.000 0.000 0.000 0.000 0.000
ARG02B0046_002 0.000 0.000 0.000 0.000 0.000
ARG03B0046_003 1.000 1.000 1.000 1.000 1.000
ARG03B0046_004 0.000 0.000 0.000 0.000 0.000
ARG+1B0046_005 0.000 0.000 0.000 0.000 0.000
VAL01B0047_001 1.000 1.000 1.000 1.000 1.000
GLN01B0048_001 0.650 0.650 0.651 0.649 0.648
GLN01B0048_002 0.350 0.350 0.349 0.351 0.352
THR01B0049_001 0.372 0.372 0.371 0.372 0.371
THR01B0049_002 0.628 0.628 0.629 0.628 0.629
GLU01B0051_001 0.000 0.000 0.000 0.000 0.000
GLU01B0051_002 0.003 0.003 0.003 0.000 0.003
GLU02B0051_003 0.000 0.000 0.000 0.000 0.000
GLU02B0051_004 0.000 0.000 0.000 0.000 0.000
GLU-1B0051_005 0.997 0.997 0.997 1.000 0.997
GLU01B0052_001 0.000 0.000 0.000 0.000 0.000
GLU01B0052_002 0.000 0.000 0.000 0.000 0.000
GLU02B0052_003 0.000 0.000 0.000 0.000 0.000
GLU02B0052_004 0.008 0.008 0.008 0.008 0.007
GLU-1B0052_005 0.992 0.992 0.992 0.992 0.993
MET01B0054_001 1.000 1.000 1.000 1.000 1.000
PRO01B0055_001 1.000 1.000 1.000 1.000 1.000
LEU01B0056_001 1.000 1.000 1.000 1.000 1.000
SER01B0057_001 0.031 0.031 0.031 0.031 0.031
SER01B0057_002 0.969 0.969 0.969 0.969 0.969
THR01B0058_001 0.752 0.755 0.754 0.753 0.754
THR01B0058_002 0.248 0.245 0.246 0.247 0.246
ILE01B0059_001 1.000 1.000 1.000 1.000 1.000
ARG01B0060_001 0.000 0.000 0.000 0.000 0.000
ARG02B0060_002 0.000 0.000 0.000 0.000 0.000
ARG03B0060_003 0.000 0.000 0.000 0.003 0.003
ARG03B0060_004 0.000 0.000 0.000 0.000 0.000
ARG+1B0060_005 1.000 1.000 1.000 0.997 0.997
GLU01B0061_001 0.000 0.000 0.000 0.000 0.001
GLU01B0061_002 0.011 0.008 0.011 0.012 0.010
GLU02B0061_003 0.000 0.000 0.000 0.000 0.000
GLU02B0061_004 0.000 0.001 0.000 0.000 0.000
GLU-1B0061_005 0.989 0.991 0.989 0.988 0.990
VAL01B0062_001 1.000 1.000 1.000 1.000 1.000
ALA01B0063_001 1.000 1.000 1.000 1.000 1.000
VAL01B0064_001 1.000 1.000 1.000 1.000 1.000
LEU01B0065_001 1.000 1.000 1.000 1.000 1.000
ARG01B0066_001 0.000 0.000 0.000 0.000 0.000
ARG02B0066_002 0.000 0.000 0.000 0.000 0.000
ARG03B0066_003 0.000 0.000 0.000 0.000 0.000
ARG03B0066_004 0.000 0.000 0.000 0.000 0.000
ARG+1B0066_005 1.000 1.000 1.000 1.000 1.000
HIS01B0067_001 0.000 0.000 0.000 0.000 0.000
HIS01B0067_002 0.000 0.000 0.000 0.000 0.000
HIS02B0067_003 0.000 0.000 0.000 0.000 0.000
HIS02B0067_004 1.000 1.000 1.000 1.000 1.000
HIS+1B0067_005 0.000 0.000 0.000 0.000 0.000
HIS+1B0067_006 0.000 0.000 0.000 0.000 0.000
LEU01B0068_001 1.000 1.000 1.000 1.000 1.000
GLU01B0069_001 0.000 0.000 0.000 0.000 0.000
GLU01B0069_002 0.000 0.000 0.000 0.000 0.000
GLU02B0069_003 0.000 0.000 0.000 0.000 0.000
GLU02B0069_004 0.000 0.000 0.000 0.000 0.000
GLU-1B0069_005 1.000 1.000 1.000 1.000 1.000
THR01B0070_001 1.000 1.000 1.000 1.000 1.000
PHE01B0071_001 1.000 1.000 1.000 1.000 1.000
GLU01B0072_001 0.000 0.000 0.000 0.000 0.000
GLU01B0072_002 0.000 0.000 0.000 0.000 0.000
GLU02B0072_003 0.000 0.000 0.000 0.000 0.000
GLU02B0072_004 0.000 0.000 0.000 0.000 0.000
GLU-1B0072_005 1.000 1.000 1.000 1.000 1.000
HIS01B0073_001 1.000 1.000 1.000 1.000 1.000
HIS02B0073_002 0.000 0.000 0.000 0.000 0.000
HIS+1B0073_003 0.000 0.000 0.000 0.000 0.000
PRO01B0074_001 1.000 1.000 1.000 1.000 1.000
ASN01B0075_001 0.000 0.000 0.000 0.000 0.000
ASN01B0075_002 1.000 1.000 1.000 1.000 1.000
VAL01B0076_001 1.000 1.000 1.000 1.000 1.000
VAL01B0077_001 1.000 1.000 1.000 1.000 1.000
ARG01B0078_001 0.000 0.000 0.000 0.000 0.000
ARG02B0078_002 0.000 0.000 0.000 0.000 0.000
ARG02B0078_003 0.000 0.000 0.000 0.000 0.000
ARG03B0078_004 0.000 0.000 0.000 0.000 0.000
ARG+1B0078_005 1.000 1.000 1.000 1.000 1.000
LEU01B0079_001 1.000 1.000 1.000 1.000 1.000
PHE01B0080_001 1.000 1.000 1.000 1.000 1.000
ASP01B0081_001 0.000 0.000 0.000 0.000 0.000
ASP01B0081_002 0.000 0.000 0.000 0.000 0.000
ASP02B0081_003 0.000 0.000 0.000 0.000 0.000
ASP02B0081_004 0.000 0.000 0.000 0.000 0.000
ASP-1B0081_005 1.000 1.000 1.000 1.000 1.000
VAL01B0082_001 1.000 1.000 1.000 1.000 1.000
CYS01B0083_001 0.645 0.645 0.646 0.645 0.645
CYS01B0083_002 0.140 0.140 0.139 0.139 0.139
CYS01B0083_003 0.215 0.215 0.215 0.215 0.216
CYS-1B0083_004 0.000 0.000 0.000 0.000 0.000
THR01B0084_001 1.000 1.000 1.000 1.000 1.000
VAL01B0085_001 1.000 1.000 1.000 1.000 1.000
SER01B0086_001 0.005 0.005 0.005 0.005 0.005
SER01B0086_002 0.995 0.995 0.995 0.995 0.995
ARG01B0087_001 0.000 0.000 0.000 0.000 0.000
ARG02B0087_002 0.000 0.000 0.000 0.000 0.000
ARG02B0087_003 0.000 0.000 0.000 0.000 0.000
ARG03B0087_004 0.000 0.000 0.000 0.000 0.000
ARG03B0087_005 0.000 0.000 0.000 0.000 0.000
ARG+1B0087_006 1.000 1.000 1.000 1.000 1.000
THR01B0088_001 0.050 0.050 0.048 0.049 0.049
THR01B0088_002 0.015 0.016 0.015 0.015 0.016
THR01B0088_003 0.935 0.935 0.937 0.936 0.936
ASP01B0089_001 0.000 0.000 0.000 0.000 0.000
ASP01B0089_002 0.000 0.000 0.000 0.000 0.000
ASP02B0089_003 0.000 0.000 0.000 0.000 0.000
ASP02B0089_004 0.000 0.000 0.000 0.000 0.000
ASP-1B0089_005 1.000 1.000 1.000 1.000 1.000
ARG01B0090_001 0.000 0.000 0.000 0.000 0.000
ARG02B0090_002 0.000 0.000 0.000 0.000 0.000
ARG03B0090_003 0.000 0.000 0.000 0.000 0.000
ARG+1B0090_004 1.000 1.000 1.000 1.000 1.000
GLU01B0091_001 0.000 0.000 0.000 0.000 0.000
GLU01B0091_002 0.011 0.011 0.011 0.011 0.011
GLU02B0091_003 0.003 0.003 0.003 0.003 0.003
GLU02B0091_004 0.055 0.056 0.056 0.057 0.057
GLU-1B0091_005 0.931 0.931 0.930 0.930 0.929
THR01B0092_001 0.588 0.586 0.586 0.586 0.587
THR01B0092_002 0.412 0.414 0.414 0.414 0.413
LYS01B0093_001 1.000 1.000 1.000 1.000 1.000
LYS+1B0093_002 0.000 0.000 0.000 0.000 0.000
LEU01B0094_001 1.000 1.000 1.000 1.000 1.000
THR01B0095_001 0.269 0.269 0.268 0.269 0.269
THR01B0095_002 0.731 0.731 0.732 0.731 0.731
LEU01B0096_001 1.000 1.000 1.000 1.000 1.000
VAL01B0097_001 1.000 1.000 1.000 1.000 1.000
PHE01B0098_001 1.000 1.000 1.000 1.000 1.000
GLU01B0099_001 0.000 0.000 0.000 0.000 0.000
GLU01B0099_002 0.000 0.000 0.000 0.000 0.000
GLU02B0099_003 0.000 0.000 0.000 0.000 0.000
GLU02B0099_004 0.000 0.000 0.000 0.000 0.000
GLU-1B0099_005 1.000 1.000 1.000 1.000 1.000
HIS01B0100_001 0.552 0.555 0.553 0.556 0.554
HIS01B0100_002 0.159 0.159 0.159 0.158 0.159
HIS02B0100_003 0.092 0.091 0.092 0.091 0.091
HIS02B0100_004 0.169 0.167 0.168 0.168 0.168
HIS+1B0100_005 0.023 0.023 0.023 0.023 0.023
HIS+1B0100_006 0.005 0.005 0.005 0.005 0.005
VAL01B0101_001 1.000 1.000 1.000 1.000 1.000
ASP01B0102_001 0.000 0.000 0.000 0.000 0.000
ASP01B0102_002 0.000 0.000 0.000 0.000 0.000
ASP02B0102_003 0.000 0.000 0.000 0.000 0.000
ASP02B0102_004 0.000 0.000 0.000 0.000 0.000
ASP-1B0102_005 1.000 1.000 1.000 1.000 1.000
GLN01B0103_001 0.733 0.733 0.732 0.733 0.733
GLN01B0103_002 0.267 0.267 0.268 0.267 0.267
ASP01B0104_001 0.000 0.000 0.000 0.000 0.000
ASP01B0104_002 0.000 0.000 0.000 0.000 0.000
ASP02B0104_003 0.000 0.000 0.000 0.000 0.000
ASP02B0104_004 0.000 0.000 0.000 0.000 0.000
ASP-1B0104_005 1.000 1.000 1.000 1.000 1.000
LEU01B0105_001 1.000 1.000 1.000 1.000 1.000
THR01B0106_001 1.000 1.000 1.000 1.000 1.000
THR01B0107_001 0.065 0.066 0.066 0.066 0.066
THR01B0107_002 0.804 0.802 0.802 0.802 0.803
THR01B0107_003 0.131 0.132 0.132 0.133 0.132
TYR01B0108_001 0.666 0.667 0.667 0.666 0.667
TYR01B0108_002 0.334 0.333 0.333 0.334 0.333
TYR-1B0108_003 0.000 0.000 0.000 0.000 0.000
LEU01B0109_001 1.000 1.000 1.000 1.000 1.000
ASP01B0110_001 0.000 0.000 0.000 0.000 0.000
ASP01B0110_002 0.000 0.000 0.000 0.000 0.000
ASP02B0110_003 0.000 0.000 0.000 0.000 0.000
ASP02B0110_004 0.000 0.000 0.000 0.000 0.000
ASP-1B0110_005 1.000 1.000 1.000 1.000 1.000
LYS01B0111_001 0.000 0.000 0.000 0.000 0.000
LYS+1B0111_002 1.000 1.000 1.000 1.000 1.000
VAL01B0112_001 1.000 1.000 1.000 1.000 1.000
PRO01B0113_001 1.000 1.000 1.000 1.000 1.000
GLU01B0114_001 0.000 0.000 0.000 0.000 0.000
GLU01B0114_002 0.000 0.000 0.000 0.000 0.000
GLU02B0114_003 0.000 0.000 0.000 0.000 0.000
GLU02B0114_004 0.000 0.000 0.000 0.000 0.000
GLU-1B0114_005 1.000 1.000 1.000 1.000 1.000
PRO01B0115_001 1.000 1.000 1.000 1.000 1.000
VAL01B0117_001 1.000 1.000 1.000 1.000 1.000
PRO01B0118_001 1.000 1.000 1.000 1.000 1.000
THR01B0119_001 0.126 0.127 0.128 0.127 0.128
THR01B0119_002 0.874 0.873 0.872 0.873 0.872
GLU01B0120_001 0.000 0.000 0.000 0.000 0.000
GLU01B0120_002 0.005 0.005 0.005 0.005 0.004
GLU02B0120_003 0.003 0.003 0.003 0.003 0.003
GLU02B0120_004 0.002 0.002 0.002 0.002 0.002
GLU-1B0120_005 0.990 0.990 0.990 0.990 0.991
THR01B0121_001 1.000 1.000 1.000 1.000 1.000
ILE01B0122_001 1.000 1.000 1.000 1.000 1.000
LYS01B0123_001 0.000 0.000 0.000 0.000 0.000
LYS+1B0123_002 1.000 1.000 1.000 1.000 1.000
ASP01B0124_001 0.000 0.000 0.000 0.000 0.000
ASP01B0124_002 0.000 0.000 0.000 0.000 0.000
ASP02B0124_003 0.000 0.000 0.000 0.000 0.000
ASP02B0124_004 0.000 0.000 0.000 0.000 0.000
ASP-1B0124_005 1.000 1.000 1.000 1.000 1.000
MET01B0125_001 1.000 1.000 1.000 1.000 1.000
MET01B0126_001 1.000 1.000 1.000 1.000 1.000
PHE01B0127_001 1.000 1.000 1.000 1.000 1.000
GLN01B0128_001 1.000 1.000 1.000 1.000 1.000
LEU01B0129_001 1.000 1.000 1.000 1.000 1.000
LEU01B0130_001 1.000 1.000 1.000 1.000 1.000
ARG01B0131_001 0.000 0.000 0.000 0.000 0.000
ARG02B0131_002 0.000 0.000 0.000 0.000 0.000
ARG03B0131_003 0.000 0.000 0.000 0.000 0.000
ARG+1B0131_004 1.000 1.000 1.000 1.000 1.000
LEU01B0133_001 1.000 1.000 1.000 1.000 1.000
ASP01B0134_001 0.000 0.000 0.000 0.000 0.000
ASP01B0134_002 0.000 0.000 0.000 0.000 0.000
ASP02B0134_003 0.000 0.000 0.000 0.000 0.000
ASP02B0134_004 0.000 0.000 0.000 0.000 0.000
ASP-1B0134_005 1.000 1.000 1.000 1.000 1.000
PHE01B0135_001 1.000 1.000 1.000 1.000 1.000
LEU01B0136_001 1.000 1.000 1.000 1.000 1.000
HIS01B0137_001 0.041 0.040 0.040 0.041 0.041
HIS02B0137_002 0.311 0.312 0.314 0.308 0.308
HIS+1B0137_003 0.648 0.648 0.646 0.651 0.651
SER01B0138_001 0.604 0.606 0.607 0.605 0.604
SER01B0138_002 0.011 0.010 0.011 0.010 0.010
SER01B0138_003 0.386 0.383 0.383 0.385 0.385
HIS01B0139_001 0.000 0.000 0.000 0.000 0.000
HIS01B0139_002 1.000 1.000 1.000 1.000 1.000
HIS02B0139_003 0.000 0.000 0.000 0.000 0.000
HIS02B0139_004 0.000 0.000 0.000 0.000 0.000
HIS+1B0139_005 0.000 0.000 0.000 0.000 0.000
HIS+1B0139_006 0.000 0.000 0.000 0.000 0.000
ARG01B0140_001 0.000 0.000 0.000 0.000 0.000
ARG02B0140_002 0.000 0.000 0.000 0.000 0.000
ARG03B0140_003 0.000 0.000 0.000 0.000 0.000
ARG+1B0140_004 1.000 1.000 1.000 1.000 1.000
VAL01B0141_001 1.000 1.000 1.000 1.000 1.000
VAL01B0142_001 1.000 1.000 1.000 1.000 1.000
HIS01B0143_001 0.998 0.997 0.997 0.996 0.998
HIS02B0143_002 0.000 0.000 0.001 0.001 0.000
HIS+1B0143_003 0.002 0.002 0.002 0.002 0.002
ARG01B0144_001 0.000 0.000 0.000 0.000 0.000
ARG02B0144_002 0.000 0.000 0.000 0.000 0.000
ARG02B0144_003 0.000 0.000 0.000 0.000 0.000
ARG03B0144_004 0.000 0.000 0.000 0.000 0.000
ARG+1B0144_005 1.000 1.000 1.000 1.000 1.000
ASP01B0145_001 0.000 0.000 0.000 0.000 0.000
ASP01B0145_002 0.000 0.000 0.000 0.000 0.000
ASP02B0145_003 0.000 0.000 0.000 0.000 0.000
ASP02B0145_004 0.000 0.000 0.000 0.000 0.000
ASP-1B0145_005 1.000 1.000 1.000 1.000 1.000
LEU01B0146_001 1.000 1.000 1.000 1.000 1.000
LYS01B0147_001 0.000 0.000 0.000 0.000 0.000
LYS+1B0147_002 1.000 1.000 1.000 1.000 1.000
PRO01B0148_001 1.000 1.000 1.000 1.000 1.000
GLN01B0149_001 0.892 0.893 0.892 0.891 0.892
GLN01B0149_002 0.108 0.107 0.108 0.109 0.108
ASN01B0150_001 0.997 0.997 0.997 0.996 0.997
ASN01B0150_002 0.003 0.003 0.003 0.004 0.003
ILE01B0151_001 1.000 1.000 1.000 1.000 1.000
LEU01B0152_001 1.000 1.000 1.000 1.000 1.000
VAL01B0153_001 1.000 1.000 1.000 1.000 1.000
THR01B0154_001 0.087 0.087 0.087 0.087 0.087
THR01B0154_002 0.913 0.913 0.913 0.913 0.913
SER01B0155_001 0.343 0.342 0.343 0.343 0.342
SER01B0155_002 0.143 0.143 0.142 0.142 0.142
SER01B0155_003 0.514 0.515 0.515 0.516 0.516
SER01B0156_001 1.000 1.000 1.000 1.000 1.000
GLN01B0158_001 0.003 0.003 0.003 0.003 0.003
GLN01B0158_002 0.997 0.997 0.997 0.997 0.997
ILE01B0159_001 1.000 1.000 1.000 1.000 1.000
LYS01B0160_001 0.000 0.000 0.000 0.000 0.000
LYS+1B0160_002 1.000 1.000 1.000 1.000 1.000
LEU01B0161_001 1.000 1.000 1.000 1.000 1.000
ALA01B0162_001 1.000 1.000 1.000 1.000 1.000
ASP01B0163_001 0.000 0.000 0.000 0.000 0.000
ASP01B0163_002 0.006 0.006 0.006 0.006 0.006
ASP02B0163_003 0.002 0.002 0.002 0.002 0.002
ASP02B0163_004 0.071 0.071 0.072 0.071 0.072
ASP-1B0163_005 0.921 0.921 0.921 0.921 0.920
PHE01B0164_001 1.000 1.000 1.000 1.000 1.000
LEU01B0166_001 1.000 1.000 1.000 1.000 1.000
ALA01B0167_001 1.000 1.000 1.000 1.000 1.000
ARG01B0168_001 0.482 0.483 0.482 0.480 0.479
ARG02B0168_002 0.249 0.247 0.248 0.247 0.247
ARG03B0168_003 0.242 0.242 0.242 0.242 0.243
ARG+1B0168_004 0.027 0.028 0.027 0.031 0.031
ILE01B0169_001 1.000 1.000 1.000 1.000 1.000
TYR01B0170_001 0.000 0.000 0.000 0.000 0.000
TYR01B0170_002 1.000 1.000 1.000 1.000 1.000
TYR-1B0170_003 0.000 0.000 0.000 0.000 0.000
SER01B0171_001 0.063 0.063 0.063 0.063 0.063
SER01B0171_002 0.937 0.937 0.937 0.937 0.937
PHE01B0172_001 1.000 1.000 1.000 1.000 1.000
GLN01B0173_001 0.395 0.395 0.394 0.395 0.394
GLN01B0173_002 0.605 0.605 0.606 0.605 0.606
MET01B0174_001 1.000 1.000 1.000 1.000 1.000
ALA01B0175_001 1.000 1.000 1.000 1.000 1.000
LEU01B0176_001 1.000 1.000 1.000 1.000 1.000
THR01B0177_001 0.576 0.576 0.576 0.575 0.576
THR01B0177_002 0.424 0.424 0.424 0.425 0.424
SER01B0178_001 1.000 1.000 1.000 1.000 1.000
VAL01B0179_001 1.000 1.000 1.000 1.000 1.000
VAL01B0180_001 1.000 1.000 1.000 1.000 1.000
VAL01B0181_001 1.000 1.000 1.000 1.000 1.000
THR01B0182_001 0.847 0.846 0.847 0.844 0.846
THR01B0182_002 0.087 0.087 0.087 0.088 0.087
THR01B0182_003 0.066 0.067 0.066 0.068 0.067
LEU01B0183_001 1.000 1.000 1.000 1.000 1.000
TRP01B0184_001 1.000 1.000 1.000 1.000 1.000
TYR01B0185_001 0.991 0.992 0.992 0.992 0.991
TYR01B0185_002 0.009 0.008 0.008 0.008 0.009
TYR-1B0185_003 0.000 0.000 0.000 0.000 0.000
ARG01B0186_001 0.000 0.000 0.000 0.000 0.000
ARG02B0186_002 0.000 0.000 0.000 0.000 0.000
ARG03B0186_003 0.000 0.000 0.000 0.000 0.000
ARG+1B0186_004 1.000 1.000 1.000 1.000 1.000
ALA01B0187_001 1.000 1.000 1.000 1.000 1.000
PRO01B0188_001 1.000 1.000 1.000 1.000 1.000
GLU01B0189_001 0.000 0.000 0.000 0.000 0.000
GLU01B0189_002 0.000 0.000 0.000 0.000 0.000
GLU02B0189_003 0.000 0.000 0.000 0.000 0.000
GLU02B0189_004 0.000 0.000 0.000 0.000 0.000
GLU-1B0189_005 1.000 1.000 1.000 1.000 1.000
VAL01B0190_001 1.000 1.000 1.000 1.000 1.000
LEU01B0191_001 1.000 1.000 1.000 1.000 1.000
LEU01B0192_001 1.000 1.000 1.000 1.000 1.000
GLN01B0193_001 0.477 0.477 0.477 0.478 0.477
GLN01B0193_002 0.523 0.523 0.523 0.522 0.523
SER01B0194_001 0.117 0.116 0.117 0.116 0.117
SER01B0194_002 0.883 0.884 0.883 0.884 0.883
SER01B0195_001 0.064 0.064 0.063 0.064 0.063
SER01B0195_002 0.936 0.936 0.937 0.936 0.937
TYR01B0196_001 1.000 1.000 1.000 1.000 1.000
TYR01B0196_002 0.000 0.000 0.000 0.000 0.000
TYR-1B0196_003 0.000 0.000 0.000 0.000 0.000
ALA01B0197_001 1.000 1.000 1.000 1.000 1.000
THR01B0198_001 1.000 1.000 1.000 1.000 1.000
THR01B0198_002 0.000 0.000 0.000 0.000 0.000
PRO01B0199_001 1.000 1.000 1.000 1.000 1.000
VAL01B0200_001 1.000 1.000 1.000 1.000 1.000
ASP01B0201_001 0.001 0.002 0.001 0.001 0.001
ASP01B0201_002 0.017 0.017 0.017 0.017 0.017
ASP02B0201_003 0.296 0.296 0.299 0.292 0.293
ASP02B0201_004 0.000 0.000 0.000 0.000 0.000
ASP-1B0201_005 0.686 0.685 0.683 0.690 0.689
LEU01B0202_001 1.000 1.000 1.000 1.000 1.000
TRP01B0203_001 1.000 1.000 1.000 1.000 1.000
SER01B0204_001 0.877 0.877 0.877 0.875 0.876
SER01B0204_002 0.123 0.123 0.123 0.125 0.124
VAL01B0205_001 1.000 1.000 1.000 1.000 1.000
CYS01B0207_001 0.166 0.167 0.167 0.165 0.166
CYS01B0207_002 0.483 0.482 0.482 0.483 0.482
CYS01B0207_003 0.351 0.352 0.352 0.352 0.352
CYS-1B0207_004 0.000 0.000 0.000 0.000 0.000
ILE01B0208_001 1.000 1.000 1.000 1.000 1.000
PHE01B0209_001 1.000 1.000 1.000 1.000 1.000
ALA01B0210_001 1.000 1.000 1.000 1.000 1.000
GLU01B0211_001 0.000 0.000 0.000 0.000 0.000
GLU01B0211_002 0.002 0.002 0.002 0.002 0.002
GLU02B0211_003 0.000 0.000 0.000 0.000 0.000
GLU02B0211_004 0.010 0.009 0.009 0.009 0.010
GLU-1B0211_005 0.988 0.988 0.988 0.988 0.988
MET01B0212_001 1.000 1.000 1.000 1.000 1.000
PHE01B0213_001 1.000 1.000 1.000 1.000 1.000
ARG01B0214_001 0.000 0.000 0.000 0.000 0.000
ARG02B0214_002 0.000 0.000 0.000 0.000 0.000
ARG03B0214_003 0.000 0.000 0.000 0.000 0.000
ARG+1B0214_004 1.000 1.000 1.000 1.000 1.000
ARG01B0215_001 0.000 0.000 0.000 0.000 0.000
ARG02B0215_002 0.000 0.000 0.000 0.000 0.000
ARG03B0215_003 0.000 0.000 0.000 0.000 0.000
ARG+1B0215_004 1.000 1.000 1.000 1.000 1.000
LYS01B0216_001 0.002 0.002 0.002 0.002 0.002
LYS+1B0216_002 0.998 0.998 0.998 0.998 0.998
PRO01B0217_001 1.000 1.000 1.000 1.000 1.000
LEU01B0218_001 1.000 1.000 1.000 1.000 1.000
PHE01B0219_001 1.000 1.000 1.000 1.000 1.000
ARG01B0220_001 0.000 0.000 0.000 0.000 0.000
ARG02B0220_002 0.000 0.000 0.000 0.000 0.000
ARG03B0220_003 0.000 0.000 0.000 0.000 0.000
ARG+1B0220_004 1.000 1.000 1.000 1.000 1.000
SER01B0222_001 0.230 0.230 0.230 0.232 0.232
SER01B0222_002 0.770 0.770 0.770 0.768 0.768
SER01B0223_001 0.130 0.130 0.130 0.130 0.129
SER01B0223_002 0.870 0.870 0.870 0.870 0.871
ASP01B0224_001 0.000 0.000 0.000 0.000 0.000
ASP01B0224_002 0.000 0.000 0.000 0.000 0.000
ASP02B0224_003 0.000 0.000 0.000 0.000 0.000
ASP02B0224_004 0.000 0.000 0.000 0.000 0.000
ASP-1B0224_005 1.000 1.000 1.000 1.000 1.000
VAL01B0225_001 1.000 1.000 1.000 1.000 1.000
ASP01B0226_001 0.000 0.000 0.000 0.000 0.000
ASP01B0226_002 0.000 0.000 0.000 0.000 0.000
ASP02B0226_003 0.000 0.000 0.000 0.000 0.000
ASP02B0226_004 0.000 0.000 0.000 0.000 0.000
ASP-1B0226_005 1.000 1.000 1.000 1.000 1.000
GLN01B0227_001 1.000 1.000 1.000 1.000 1.000
LEU01B0228_001 1.000 1.000 1.000 1.000 1.000
LYS01B0230_001 0.000 0.000 0.000 0.000 0.000
LYS+1B0230_002 1.000 1.000 1.000 1.000 1.000
ILE01B0231_001 1.000 1.000 1.000 1.000 1.000
LEU01B0232_001 1.000 1.000 1.000 1.000 1.000
ASP01B0233_001 0.000 0.000 0.000 0.000 0.000
ASP01B0233_002 0.008 0.008 0.008 0.008 0.008
ASP02B0233_003 0.000 0.000 0.000 0.000 0.000
ASP02B0233_004 0.015 0.015 0.015 0.015 0.015
ASP-1B0233_005 0.978 0.978 0.978 0.977 0.977
VAL01B0234_001 1.000 1.000 1.000 1.000 1.000
ILE01B0235_001 1.000 1.000 1.000 1.000 1.000
LEU01B0237_001 1.000 1.000 1.000 1.000 1.000
PRO01B0238_001 1.000 1.000 1.000 1.000 1.000
GLU01B0240_001 0.000 0.000 0.000 0.000 0.000
GLU01B0240_002 0.000 0.000 0.000 0.000 0.000
GLU02B0240_003 0.000 0.000 0.000 0.000 0.000
GLU02B0240_004 0.000 0.000 0.000 0.000 0.000
GLU-1B0240_005 1.000 1.000 1.000 1.000 1.000
GLU01B0241_001 0.000 0.000 0.000 0.000 0.000
GLU01B0241_002 0.000 0.000 0.000 0.000 0.000
GLU02B0241_003 0.000 0.000 0.000 0.000 0.000
GLU02B0241_004 0.000 0.000 0.000 0.000 0.000
GLU-1B0241_005 1.000 1.000 1.000 1.000 1.000
ASP01B0242_001 0.000 0.000 0.000 0.000 0.000
ASP01B0242_002 0.000 0.000 0.000 0.000 0.000
ASP02B0242_003 0.000 0.000 0.000 0.000 0.000
ASP02B0242_004 0.000 0.000 0.000 0.000 0.000
ASP-1B0242_005 1.000 1.000 1.000 1.000 1.000
TRP01B0243_001 1.000 1.000 1.000 1.000 1.000
PRO01B0244_001 1.000 1.000 1.000 1.000 1.000
ARG01B0245_001 0.000 0.000 0.000 0.000 0.000
ARG02B0245_002 0.000 0.000 0.000 0.000 0.000
ARG03B0245_003 1.000 1.000 1.000 1.000 1.000
ARG+1B0245_004 0.000 0.000 0.000 0.000 0.000
ASP01B0246_001 0.003 0.003 0.003 0.003 0.003
ASP01B0246_002 0.940 0.940 0.940 0.939 0.941
ASP02B0246_003 0.000 0.000 0.000 0.000 0.000
ASP02B0246_004 0.056 0.056 0.056 0.057 0.056
ASP-1B0246_005 0.000 0.000 0.000 0.000 0.000
VAL01B0247_001 1.000 1.000 1.000 1.000 1.000
ALA01B0248_001 1.000 1.000 1.000 1.000 1.000
LEU01B0249_001 1.000 1.000 1.000 1.000 1.000
PRO01B0250_001 1.000 1.000 1.000 1.000 1.000
ARG01B0251_001 1.000 1.000 1.000 1.000 1.000
ARG02B0251_002 0.000 0.000 0.000 0.000 0.000
ARG02B0251_003 0.000 0.000 0.000 0.000 0.000
ARG03B0251_004 0.000 0.000 0.000 0.000 0.000
ARG03B0251_005 0.000 0.000 0.000 0.000 0.000
ARG+1B0251_006 0.000 0.000 0.000 0.000 0.000
GLN01B0252_001 1.000 1.000 1.000 1.000 1.000
GLN01B0252_002 0.000 0.000 0.000 0.000 0.000
ALA01B0253_001 1.000 1.000 1.000 1.000 1.000
PHE01B0254_001 1.000 1.000 1.000 1.000 1.000
HIS01B0255_001 0.000 0.000 0.000 0.000 0.000
HIS01B0255_002 0.000 0.000 0.000 0.000 0.000
HIS02B0255_003 1.000 1.000 1.000 1.000 1.000
HIS02B0255_004 0.000 0.000 0.000 0.000 0.000
HIS+1B0255_005 0.000 0.000 0.000 0.000 0.000
HIS+1B0255_006 0.000 0.000 0.000 0.000 0.000
SER01B0256_001 0.150 0.150 0.151 0.150 0.150
SER01B0256_002 0.000 0.000 0.000 0.000 0.000
SER01B0256_003 0.850 0.850 0.849 0.850 0.850
LYS01B0257_001 0.992 0.992 0.992 0.992 0.992
LYS+1B0257_002 0.008 0.008 0.008 0.008 0.008
SER01B0258_001 0.998 0.998 0.998 0.998 0.998
SER01B0258_002 0.002 0.002 0.002 0.002 0.002
ALA01B0259_001 1.000 1.000 1.000 1.000 1.000
GLN01B0260_001 1.000 1.000 1.000 1.000 1.000
PRO01B0261_001 1.000 1.000 1.000 1.000 1.000
ILE01B0262_001 1.000 1.000 1.000 1.000 1.000
GLU01B0263_001 0.000 0.000 0.000 0.000 0.000
GLU01B0263_002 0.000 0.000 0.000 0.000 0.000
GLU02B0263_003 0.000 0.000 0.000 0.000 0.000
GLU02B0263_004 0.000 0.000 0.000 0.000 0.000
GLU-1B0263_005 1.000 1.000 1.000 1.000 1.000
LYS01B0264_001 0.000 0.000 0.000 0.000 0.000
LYS+1B0264_002 1.000 1.000 1.000 1.000 1.000
PHE01B0265_001 1.000 1.000 1.000 1.000 1.000
VAL01B0266_001 1.000 1.000 1.000 1.000 1.000
THR01B0267_001 0.293 0.293 0.292 0.293 0.294
THR01B0267_002 0.078 0.078 0.078 0.078 0.078
THR01B0267_003 0.629 0.629 0.630 0.629 0.628
ASP01B0268_001 0.000 0.000 0.000 0.000 0.000
ASP01B0268_002 0.000 0.000 0.000 0.000 0.000
ASP02B0268_003 0.000 0.000 0.000 0.000 0.000
ASP02B0268_004 0.000 0.000 0.000 0.000 0.000
ASP-1B0268_005 1.000 1.000 1.000 1.000 1.000
ILE01B0269_001 1.000 1.000 1.000 1.000 1.000
ASP01B0270_001 0.000 0.000 0.000 0.000 0.000
ASP01B0270_002 0.000 0.000 0.000 0.000 0.000
ASP02B0270_003 0.000 0.000 0.000 0.000 0.000
ASP02B0270_004 0.000 0.000 0.000 0.000 0.000
ASP-1B0270_005 1.000 1.000 1.000 1.000 1.000
GLU01B0271_001 0.000 0.000 0.000 0.000 0.000
GLU01B0271_002 0.000 0.000 0.000 0.000 0.000
GLU02B0271_003 0.000 0.000 0.000 0.000 0.000
GLU02B0271_004 0.000 0.000 0.000 0.002 0.002
GLU-1B0271_005 1.000 1.000 1.000 0.998 0.998
LEU01B0272_001 1.000 1.000 1.000 1.000 1.000
LYS01B0274_001 0.000 0.000 0.000 0.000 0.000
LYS+1B0274_002 1.000 1.000 1.000 1.000 1.000
ASP01B0275_001 0.000 0.000 0.000 0.000 0.000
ASP01B0275_002 0.000 0.000 0.000 0.000 0.000
ASP02B0275_003 0.000 0.000 0.000 0.000 0.000
ASP02B0275_004 0.000 0.000 0.000 0.000 0.000
ASP-1B0275_005 1.000 1.000 1.000 1.000 1.000
LEU01B0276_001 1.000 1.000 1.000 1.000 1.000
LEU01B0277_001 1.000 1.000 1.000 1.000 1.000
LEU01B0278_001 1.000 1.000 1.000 1.000 1.000
LYS01B0279_001 0.000 0.000 0.000 0.000 0.000
LYS+1B0279_002 1.000 1.000 1.000 1.000 1.000
CYS01B0280_001 0.142 0.142 0.142 0.142 0.141
CYS01B0280_002 0.597 0.598 0.596 0.597 0.596
CYS01B0280_003 0.261 0.261 0.262 0.261 0.263
CYS-1B0280_004 0.000 0.000 0.000 0.000 0.000
LEU01B0281_001 1.000 1.000 1.000 1.000 1.000
THR01B0282_001 0.674 0.674 0.675 0.674 0.675
THR01B0282_002 0.326 0.326 0.325 0.326 0.325
PHE01B0283_001 1.000 1.000 1.000 1.000 1.000
ASN01B0284_001 1.000 1.000 1.000 1.000 1.000
ASN01B0284_002 0.000 0.000 0.000 0.000 0.000
PRO01B0285_001 1.000 1.000 1.000 1.000 1.000
ALA01B0286_001 1.000 1.000 1.000 1.000 1.000
LYS01B0287_001 0.000 0.000 0.000 0.000 0.000
LYS+1B0287_002 1.000 1.000 1.000 1.000 1.000
ARG01B0288_001 0.000 0.000 0.000 0.000 0.000
ARG02B0288_002 0.000 0.000 0.000 0.000 0.000
ARG02B0288_003 0.000 0.000 0.000 0.000 0.000
ARG03B0288_004 0.000 0.000 0.000 0.000 0.000
ARG03B0288_005 0.000 0.000 0.000 0.000 0.000
ARG+1B0288_006 1.000 1.000 1.000 1.000 1.000
ILE01B0289_001 1.000 1.000 1.000 1.000 1.000
SER01B0290_001 0.182 0.183 0.183 0.181 0.182
SER01B0290_002 0.818 0.817 0.817 0.819 0.818
ALA01B0291_001 1.000 1.000 1.000 1.000 1.000
TYR01B0292_001 0.429 0.428 0.429 0.430 0.429
TYR01B0292_002 0.564 0.565 0.564 0.564 0.564
TYR-1B0292_003 0.007 0.007 0.007 0.007 0.007
SER01B0293_001 0.168 0.168 0.168 0.168 0.168
SER01B0293_002 0.832 0.832 0.832 0.832 0.832
ALA01B0294_001 1.000 1.000 1.000 1.000 1.000
LEU01B0295_001 1.000 1.000 1.000 1.000 1.000
SER01B0296_001 1.000 1.000 1.000 1.000 1.000
HIS01B0297_001 1.000 1.000 1.000 1.000 1.000
HIS02B0297_002 0.000 0.000 0.000 0.000 0.000
HIS+1B0297_003 0.000 0.000 0.000 0.000 0.000
PRO01B0298_001 1.000 1.000 1.000 1.000 1.000
TYR01B0299_001 0.766 0.765 0.766 0.767 0.765
TYR01B0299_002 0.234 0.235 0.234 0.233 0.235
TYR-1B0299_003 0.000 0.000 0.000 0.000 0.000
PHE01B0300_001 1.000 1.000 1.000 1.000 1.000
GLN01B0301_001 0.531 0.531 0.530 0.531 0.531
GLN01B0301_002 0.469 0.469 0.470 0.469 0.469
ASP01B0302_001 0.000 0.000 0.000 0.000 0.000
ASP01B0302_002 0.000 0.000 0.000 0.000 0.000
ASP02B0302_003 0.000 0.000 0.000 0.000 0.000
ASP02B0302_004 0.000 0.000 0.000 0.000 0.000
ASP-1B0302_005 1.000 1.000 1.000 1.000 1.000
LEU01B0303_001 1.000 1.000 1.000 1.000 1.000
GLU01B0304_001 0.000 0.000 0.000 0.000 0.000
GLU01B0304_002 0.000 0.000 0.000 0.000 0.000
GLU02B0304_003 0.000 0.000 0.000 0.000 0.000
GLU02B0304_004 0.000 0.000 0.000 0.000 0.000
GLU-1B0304_005 1.000 1.000 1.000 1.000 1.000
ARG01B0305_001 0.000 0.000 0.000 0.000 0.000
ARG02B0305_002 0.000 0.000 0.000 0.000 0.000
ARG03B0305_003 0.000 0.000 0.000 0.000 0.000
ARG+1B0305_004 1.000 1.000 1.000 1.000 1.000
LQQ+1D0002_001 0.109 0.110 0.109 0.109 0.110
LQQ+1D0002_002 0.012 0.012 0.012 0.012 0.012
LQQ01D0002_003 0.000 0.000 0.000 0.000 0.000
LQQ01D0002_004 0.000 0.000 0.000 0.000 0.000
LQQ01D0002_005 0.000 0.000 0.000 0.000 0.000
LQQ02D0002_006 0.346 0.344 0.345 0.345 0.346
LQQ02D0002_007 0.235 0.236 0.236 0.236 0.235
LQQ03D0002_008 0.298 0.299 0.298 0.298 0.298
LQQDMD0002_009 0.000 0.000 0.000 0.000 0.000
