 ph              7.4   7.4   7.4   7.4   7.4
HIS01A0001_001 0.288 0.288 0.287 0.289 0.290
HIS01A0001_002 0.002 0.002 0.002 0.002 0.002
HIS02A0001_003 0.511 0.512 0.508 0.508 0.507
HIS02A0001_004 0.002 0.002 0.002 0.001 0.002
HIS+1A0001_005 0.195 0.195 0.201 0.198 0.199
HIS+1A0001_006 0.001 0.001 0.000 0.001 0.001
CYS01A0002_001 0.499 0.501 0.500 0.500 0.502
CYS01A0002_002 0.166 0.165 0.166 0.165 0.165
CYS01A0002_003 0.328 0.328 0.327 0.329 0.327
CYS-1A0002_004 0.006 0.006 0.006 0.006 0.006
GLU01A0003_001 0.000 0.000 0.000 0.000 0.000
GLU01A0003_002 0.000 0.000 0.000 0.000 0.000
GLU02A0003_003 0.000 0.000 0.000 0.000 0.000
GLU02A0003_004 0.000 0.000 0.000 0.000 0.000
GLU-1A0003_005 1.000 1.000 1.000 1.000 1.000
ARG01A0004_001 0.000 0.000 0.000 0.000 0.000
ARG02A0004_002 0.000 0.000 0.000 0.000 0.000
ARG03A0004_003 0.000 0.000 0.000 0.000 0.000
ARG+1A0004_004 1.000 1.000 1.000 1.000 1.000
LEU01A0005_001 1.000 1.000 1.000 1.000 1.000
PRO01A0006_001 1.000 1.000 1.000 1.000 1.000
TYR01A0007_001 0.001 0.001 0.002 0.000 0.000
TYR01A0007_002 0.999 0.999 0.998 1.000 1.000
TYR-1A0007_003 0.000 0.000 0.000 0.000 0.000
ASP01A0008_001 0.000 0.000 0.000 0.000 0.000
ASP01A0008_002 0.000 0.000 0.000 0.000 0.000
ASP02A0008_003 0.000 0.000 0.000 0.000 0.000
ASP02A0008_004 0.000 0.000 0.000 0.000 0.000
ASP-1A0008_005 1.000 1.000 1.000 1.000 1.000
ALA01A0009_001 1.000 1.000 1.000 1.000 1.000
SER01A0010_001 1.000 1.000 1.000 1.000 1.000
LYS01A0011_001 0.000 0.000 0.000 0.000 0.000
LYS+1A0011_002 1.000 1.000 1.000 1.000 1.000
TRP01A0012_001 1.000 1.000 1.000 1.000 1.000
GLU01A0013_001 0.000 0.000 0.000 0.000 0.000
GLU01A0013_002 0.000 0.000 0.000 0.000 0.000
GLU02A0013_003 0.000 0.000 0.000 0.000 0.000
GLU02A0013_004 0.000 0.000 0.000 0.000 0.000
GLU-1A0013_005 1.000 1.000 1.000 1.000 1.000
PHE01A0014_001 1.000 1.000 1.000 1.000 1.000
PRO01A0015_001 1.000 1.000 1.000 1.000 1.000
ARG01A0016_001 0.000 0.000 0.000 0.000 0.000
ARG02A0016_002 0.000 0.000 0.000 0.000 0.000
ARG03A0016_003 0.000 0.000 0.000 0.000 0.000
ARG03A0016_004 0.000 0.000 0.000 0.000 0.000
ARG+1A0016_005 1.000 1.000 1.000 1.000 1.000
ASP01A0017_001 0.000 0.000 0.000 0.000 0.000
ASP01A0017_002 0.000 0.000 0.000 0.000 0.000
ASP02A0017_003 0.000 0.000 0.000 0.000 0.000
ASP02A0017_004 0.000 0.000 0.000 0.000 0.000
ASP-1A0017_005 1.000 1.000 1.000 1.000 1.000
ARG01A0018_001 0.000 0.000 0.000 0.000 0.000
ARG02A0018_002 0.000 0.000 0.000 0.000 0.000
ARG03A0018_003 0.000 0.000 0.000 0.000 0.000
ARG+1A0018_004 1.000 1.000 1.000 1.000 1.000
LEU01A0019_001 1.000 1.000 1.000 1.000 1.000
ASN01A0020_001 0.268 0.269 0.269 0.269 0.269
ASN01A0020_002 0.732 0.731 0.731 0.731 0.731
LEU01A0021_001 1.000 1.000 1.000 1.000 1.000
LYS01A0023_001 0.000 0.000 0.000 0.000 0.000
LYS+1A0023_002 1.000 1.000 1.000 1.000 1.000
PRO01A0024_001 1.000 1.000 1.000 1.000 1.000
LEU01A0025_001 1.000 1.000 1.000 1.000 1.000
ARG01A0027_001 0.000 0.000 0.000 0.000 0.000
ARG02A0027_002 0.000 0.000 0.000 0.000 0.000
ARG03A0027_003 0.000 0.000 0.000 0.000 0.000
ARG+1A0027_004 1.000 1.000 1.000 1.000 1.000
GLN01A0029_001 0.979 0.979 0.979 0.978 0.979
GLN01A0029_002 0.021 0.021 0.021 0.022 0.021
VAL01A0030_001 1.000 1.000 1.000 1.000 1.000
ILE01A0031_001 1.000 1.000 1.000 1.000 1.000
GLU01A0032_001 0.000 0.000 0.000 0.000 0.000
GLU01A0032_002 0.002 0.002 0.002 0.002 0.002
GLU02A0032_003 0.000 0.000 0.000 0.000 0.000
GLU02A0032_004 0.003 0.002 0.003 0.003 0.002
GLU-1A0032_005 0.995 0.996 0.995 0.995 0.996
ALA01A0033_001 1.000 1.000 1.000 1.000 1.000
ASP01A0034_001 0.000 0.000 0.000 0.000 0.000
ASP01A0034_002 0.000 0.000 0.000 0.000 0.000
ASP02A0034_003 0.000 0.000 0.000 0.000 0.000
ASP02A0034_004 0.000 0.000 0.002 0.000 0.002
ASP-1A0034_005 1.000 1.000 0.998 1.000 0.998
ALA01A0035_001 1.000 1.000 1.000 1.000 1.000
PHE01A0036_001 1.000 1.000 1.000 1.000 1.000
ILE01A0038_001 1.000 1.000 1.000 1.000 1.000
ASP01A0039_001 0.000 0.000 0.000 0.000 0.000
ASP01A0039_002 0.000 0.000 0.000 0.000 0.000
ASP02A0039_003 0.000 0.000 0.000 0.000 0.000
ASP02A0039_004 0.000 0.000 0.000 0.000 0.000
ASP-1A0039_005 1.000 1.000 1.000 1.000 1.000
LYS01A0040_001 0.000 0.000 0.000 0.000 0.000
LYS+1A0040_002 1.000 1.000 1.000 1.000 1.000
THR01A0041_001 0.996 0.996 0.996 0.996 0.996
THR01A0041_002 0.000 0.000 0.000 0.000 0.000
THR01A0041_003 0.004 0.004 0.004 0.004 0.004
ALA01A0042_001 1.000 1.000 1.000 1.000 1.000
THR01A0043_001 0.965 0.965 0.964 0.965 0.965
THR01A0043_002 0.032 0.032 0.033 0.032 0.032
THR01A0043_003 0.003 0.003 0.003 0.002 0.002
CYS01A0044_001 0.324 0.322 0.324 0.321 0.321
CYS01A0044_002 0.221 0.221 0.222 0.222 0.222
CYS01A0044_003 0.452 0.454 0.451 0.454 0.454
CYS-1A0044_004 0.003 0.003 0.003 0.003 0.003
ARG01A0045_001 0.000 0.000 0.000 0.000 0.000
ARG02A0045_002 0.000 0.000 0.000 0.000 0.000
ARG03A0045_003 0.000 0.000 0.000 0.000 0.000
ARG+1A0045_004 1.000 1.000 1.000 1.000 1.000
THR01A0046_001 0.729 0.731 0.729 0.729 0.728
THR01A0046_002 0.271 0.269 0.271 0.271 0.272
VAL01A0047_001 1.000 1.000 1.000 1.000 1.000
ALA01A0048_001 1.000 1.000 1.000 1.000 1.000
VAL01A0049_001 1.000 1.000 1.000 1.000 1.000
LYS01A0050_001 0.000 0.000 0.000 0.000 0.000
LYS+1A0050_002 1.000 1.000 1.000 1.000 1.000
MET01A0051_001 1.000 1.000 1.000 1.000 1.000
LEU01A0052_001 1.000 1.000 1.000 1.000 1.000
LYS01A0053_001 0.014 0.014 0.014 0.015 0.014
LYS+1A0053_002 0.986 0.986 0.986 0.985 0.986
GLU01A0054_001 0.000 0.000 0.000 0.000 0.000
GLU01A0054_002 0.000 0.000 0.000 0.000 0.000
GLU02A0054_003 0.000 0.000 0.000 0.000 0.000
GLU02A0054_004 0.000 0.000 0.000 0.000 0.000
GLU-1A0054_005 1.000 1.000 1.000 1.000 1.000
ALA01A0056_001 1.000 1.000 1.000 1.000 1.000
THR01A0057_001 0.821 0.822 0.822 0.822 0.823
THR01A0057_002 0.000 0.000 0.000 0.000 0.000
THR01A0057_003 0.179 0.178 0.178 0.178 0.177
HIS01A0058_001 0.056 0.057 0.057 0.056 0.055
HIS01A0058_002 0.392 0.394 0.395 0.394 0.394
HIS02A0058_003 0.194 0.193 0.191 0.193 0.193
HIS02A0058_004 0.295 0.294 0.296 0.296 0.296
HIS+1A0058_005 0.016 0.016 0.015 0.016 0.015
HIS+1A0058_006 0.046 0.046 0.047 0.047 0.047
SER01A0059_001 0.038 0.038 0.037 0.037 0.038
SER01A0059_002 0.962 0.962 0.963 0.963 0.962
GLU01A0060_001 0.000 0.000 0.000 0.000 0.000
GLU01A0060_002 0.000 0.000 0.000 0.000 0.000
GLU02A0060_003 0.000 0.000 0.000 0.000 0.000
GLU02A0060_004 0.000 0.000 0.000 0.000 0.000
GLU-1A0060_005 1.000 1.000 1.000 1.000 1.000
HIS01A0061_001 0.316 0.318 0.318 0.318 0.319
HIS01A0061_002 0.123 0.122 0.122 0.122 0.122
HIS02A0061_003 0.385 0.385 0.385 0.385 0.384
HIS02A0061_004 0.133 0.132 0.132 0.132 0.133
HIS+1A0061_005 0.025 0.025 0.025 0.025 0.025
HIS+1A0061_006 0.018 0.018 0.018 0.018 0.018
ARG01A0062_001 0.000 0.000 0.000 0.000 0.000
ARG02A0062_002 0.000 0.000 0.000 0.000 0.000
ARG03A0062_003 0.000 0.000 0.000 0.000 0.000
ARG+1A0062_004 1.000 1.000 1.000 1.000 1.000
ALA01A0063_001 1.000 1.000 1.000 1.000 1.000
LEU01A0064_001 1.000 1.000 1.000 1.000 1.000
MET01A0065_001 1.000 1.000 1.000 1.000 1.000
SER01A0066_001 0.106 0.106 0.107 0.106 0.106
SER01A0066_002 0.517 0.519 0.517 0.518 0.519
SER01A0066_003 0.376 0.375 0.376 0.376 0.375
GLU01A0067_001 0.000 0.000 0.000 0.000 0.000
GLU01A0067_002 0.000 0.000 0.000 0.000 0.000
GLU02A0067_003 0.000 0.000 0.000 0.000 0.000
GLU02A0067_004 0.000 0.000 0.000 0.000 0.000
GLU-1A0067_005 1.000 1.000 1.000 1.000 1.000
LEU01A0068_001 1.000 1.000 1.000 1.000 1.000
LYS01A0069_001 0.000 0.000 0.000 0.000 0.000
LYS+1A0069_002 1.000 1.000 1.000 1.000 1.000
ILE01A0070_001 1.000 1.000 1.000 1.000 1.000
LEU01A0071_001 1.000 1.000 1.000 1.000 1.000
ILE01A0072_001 1.000 1.000 1.000 1.000 1.000
HIS01A0073_001 0.189 0.191 0.189 0.190 0.190
HIS01A0073_002 0.276 0.275 0.278 0.275 0.276
HIS02A0073_003 0.344 0.345 0.344 0.345 0.346
HIS02A0073_004 0.106 0.105 0.105 0.105 0.105
HIS+1A0073_005 0.035 0.035 0.034 0.035 0.034
HIS+1A0073_006 0.050 0.050 0.049 0.051 0.049
ILE01A0074_001 1.000 1.000 1.000 1.000 1.000
HIS01A0076_001 0.060 0.060 0.060 0.060 0.059
HIS01A0076_002 0.133 0.133 0.133 0.133 0.134
HIS02A0076_003 0.552 0.553 0.553 0.554 0.553
HIS02A0076_004 0.212 0.211 0.211 0.211 0.212
HIS+1A0076_005 0.026 0.025 0.025 0.026 0.025
HIS+1A0076_006 0.017 0.017 0.017 0.017 0.017
HIS01A0077_001 1.000 1.000 1.000 1.000 1.000
HIS02A0077_002 0.000 0.000 0.000 0.000 0.000
HIS+1A0077_003 0.000 0.000 0.000 0.000 0.000
LEU01A0078_001 1.000 1.000 1.000 1.000 1.000
ASN01A0079_001 1.000 1.000 1.000 1.000 1.000
ASN01A0079_002 0.000 0.000 0.000 0.000 0.000
VAL01A0080_001 1.000 1.000 1.000 1.000 1.000
VAL01A0081_001 1.000 1.000 1.000 1.000 1.000
ASN01A0082_001 1.000 1.000 1.000 1.000 1.000
ASN01A0082_002 0.000 0.000 0.000 0.000 0.000
LEU01A0083_001 1.000 1.000 1.000 1.000 1.000
LEU01A0084_001 1.000 1.000 1.000 1.000 1.000
ALA01A0086_001 1.000 1.000 1.000 1.000 1.000
CYS01A0087_001 0.845 0.844 0.844 0.844 0.843
CYS01A0087_002 0.086 0.087 0.087 0.087 0.087
CYS01A0087_003 0.070 0.069 0.070 0.069 0.070
CYS-1A0087_004 0.000 0.000 0.000 0.000 0.000
THR01A0088_001 0.978 0.977 0.978 0.978 0.976
THR01A0088_002 0.000 0.001 0.000 0.000 0.001
THR01A0088_003 0.022 0.023 0.022 0.022 0.023
LYS01A0089_001 0.003 0.003 0.003 0.003 0.003
LYS+1A0089_002 0.997 0.997 0.997 0.997 0.997
PRO01A0090_001 1.000 1.000 1.000 1.000 1.000
PRO01A0093_001 1.000 1.000 1.000 1.000 1.000
LEU01A0094_001 1.000 1.000 1.000 1.000 1.000
MET01A0095_001 1.000 1.000 1.000 1.000 1.000
VAL01A0096_001 1.000 1.000 1.000 1.000 1.000
ILE01A0097_001 1.000 1.000 1.000 1.000 1.000
VAL01A0098_001 1.000 1.000 1.000 1.000 1.000
GLU01A0099_001 0.000 0.000 0.000 0.000 0.000
GLU01A0099_002 0.000 0.000 0.000 0.000 0.000
GLU02A0099_003 0.000 0.000 0.000 0.000 0.000
GLU02A0099_004 0.000 0.000 0.000 0.000 0.000
GLU-1A0099_005 1.000 1.000 1.000 1.000 1.000
PHE01A0100_001 1.000 1.000 1.000 1.000 1.000
CYS01A0101_001 0.231 0.232 0.231 0.232 0.233
CYS01A0101_002 0.513 0.512 0.513 0.513 0.512
CYS01A0101_003 0.255 0.257 0.256 0.255 0.256
CYS-1A0101_004 0.000 0.000 0.000 0.000 0.000
LYS01A0102_001 0.000 0.000 0.000 0.000 0.000
LYS+1A0102_002 1.000 1.000 1.000 1.000 1.000
PHE01A0103_001 1.000 1.000 1.000 1.000 1.000
ASN01A0105_001 1.000 1.000 1.000 1.000 1.000
ASN01A0105_002 0.000 0.000 0.000 0.000 0.000
LEU01A0106_001 1.000 1.000 1.000 1.000 1.000
SER01A0107_001 0.009 0.009 0.009 0.010 0.009
SER01A0107_002 0.991 0.991 0.991 0.990 0.991
THR01A0108_001 0.132 0.132 0.132 0.130 0.132
THR01A0108_002 0.069 0.069 0.070 0.069 0.069
THR01A0108_003 0.799 0.799 0.799 0.801 0.799
TYR01A0109_001 0.648 0.649 0.650 0.650 0.649
TYR01A0109_002 0.352 0.351 0.350 0.350 0.351
TYR-1A0109_003 0.000 0.000 0.000 0.000 0.000
LEU01A0110_001 1.000 1.000 1.000 1.000 1.000
ARG01A0111_001 0.000 0.000 0.000 0.000 0.000
ARG02A0111_002 0.000 0.000 0.000 0.000 0.000
ARG03A0111_003 0.000 0.000 0.000 0.000 0.000
ARG+1A0111_004 1.000 1.000 1.000 1.000 1.000
SER01A0112_001 0.644 0.644 0.644 0.645 0.644
SER01A0112_002 0.356 0.356 0.356 0.355 0.356
LYS01A0113_001 0.000 0.000 0.000 0.000 0.000
LYS+1A0113_002 1.000 1.000 1.000 1.000 1.000
ARG01A0114_001 0.000 0.000 0.000 0.000 0.000
ARG02A0114_002 0.000 0.000 0.000 0.000 0.000
ARG03A0114_003 0.000 0.000 0.000 0.000 0.000
ARG+1A0114_004 1.000 1.000 1.000 1.000 1.000
ASN01A0115_001 0.869 0.869 0.870 0.870 0.871
ASN01A0115_002 0.131 0.131 0.130 0.130 0.129
GLU01A0116_001 0.000 0.000 0.000 0.000 0.000
GLU01A0116_002 0.000 0.000 0.000 0.000 0.000
GLU02A0116_003 0.000 0.000 0.000 0.000 0.000
GLU02A0116_004 0.000 0.000 0.000 0.000 0.000
GLU-1A0116_005 1.000 1.000 1.000 1.000 1.000
PHE01A0117_001 1.000 1.000 1.000 1.000 1.000
VAL01A0118_001 1.000 1.000 1.000 1.000 1.000
PRO01A0119_001 1.000 1.000 1.000 1.000 1.000
TYR01A0120_001 1.000 1.000 1.000 1.000 1.000
TYR-1A0120_002 0.000 0.000 0.000 0.000 0.000
LYS01A0121_001 0.000 0.000 0.000 0.000 0.000
LYS+1A0121_002 1.000 1.000 1.000 1.000 1.000
ASP01A0122_001 0.000 0.000 0.000 0.000 0.000
ASP01A0122_002 0.000 0.000 0.000 0.000 0.000
ASP02A0122_003 0.000 0.000 0.000 0.000 0.000
ASP02A0122_004 0.000 0.000 0.000 0.000 0.000
ASP-1A0122_005 1.000 1.000 1.000 1.000 1.000
LEU01A0123_001 1.000 1.000 1.000 1.000 1.000
TYR01A0124_001 1.000 1.000 1.000 1.000 1.000
TYR-1A0124_002 0.000 0.000 0.000 0.000 0.000
LYS01A0125_001 0.000 0.000 0.000 0.000 0.000
LYS+1A0125_002 1.000 1.000 1.000 1.000 1.000
ASP01A0126_001 0.000 0.000 0.000 0.000 0.000
ASP01A0126_002 0.000 0.000 0.000 0.000 0.000
ASP02A0126_003 0.000 0.000 0.000 0.000 0.000
ASP02A0126_004 0.000 0.000 0.000 0.000 0.000
ASP-1A0126_005 1.000 1.000 1.000 1.000 1.000
PHE01A0127_001 1.000 1.000 1.000 1.000 1.000
LEU01A0128_001 1.000 1.000 1.000 1.000 1.000
THR01A0129_001 1.000 1.000 1.000 1.000 1.000
THR01A0129_002 0.000 0.000 0.000 0.000 0.000
LEU01A0130_001 1.000 1.000 1.000 1.000 1.000
GLU01A0131_001 0.000 0.000 0.000 0.000 0.000
GLU01A0131_002 0.015 0.014 0.015 0.015 0.015
GLU02A0131_003 0.002 0.002 0.002 0.002 0.002
GLU02A0131_004 0.023 0.022 0.024 0.022 0.023
GLU-1A0131_005 0.961 0.962 0.960 0.961 0.961
HIS01A0132_001 1.000 1.000 1.000 1.000 1.000
HIS01A0132_002 0.000 0.000 0.000 0.000 0.000
HIS02A0132_003 0.000 0.000 0.000 0.000 0.000
HIS02A0132_004 0.000 0.000 0.000 0.000 0.000
HIS+1A0132_005 0.000 0.000 0.000 0.000 0.000
HIS+1A0132_006 0.000 0.000 0.000 0.000 0.000
LEU01A0133_001 1.000 1.000 1.000 1.000 1.000
ILE01A0134_001 1.000 1.000 1.000 1.000 1.000
CYS01A0135_001 0.008 0.008 0.008 0.008 0.008
CYS01A0135_002 0.443 0.444 0.442 0.442 0.444
CYS01A0135_003 0.543 0.542 0.544 0.545 0.542
CYS-1A0135_004 0.005 0.006 0.006 0.006 0.006
TYR01A0136_001 0.929 0.928 0.928 0.926 0.929
TYR01A0136_002 0.071 0.072 0.072 0.074 0.071
TYR-1A0136_003 0.000 0.000 0.000 0.000 0.000
SER01A0137_001 0.048 0.048 0.048 0.047 0.047
SER01A0137_002 0.952 0.952 0.952 0.953 0.953
PHE01A0138_001 1.000 1.000 1.000 1.000 1.000
GLN01A0139_001 1.000 1.000 1.000 1.000 1.000
GLN01A0139_002 0.000 0.000 0.000 0.000 0.000
VAL01A0140_001 1.000 1.000 1.000 1.000 1.000
ALA01A0141_001 1.000 1.000 1.000 1.000 1.000
LYS01A0142_001 0.000 0.000 0.000 0.000 0.000
LYS+1A0142_002 1.000 1.000 1.000 1.000 1.000
MET01A0144_001 1.000 1.000 1.000 1.000 1.000
GLU01A0145_001 0.000 0.000 0.000 0.000 0.000
GLU01A0145_002 0.000 0.000 0.000 0.000 0.001
GLU02A0145_003 0.000 0.000 0.000 0.000 0.000
GLU02A0145_004 0.000 0.000 0.000 0.000 0.000
GLU-1A0145_005 1.000 1.000 1.000 1.000 0.999
PHE01A0146_001 1.000 1.000 1.000 1.000 1.000
LEU01A0147_001 1.000 1.000 1.000 1.000 1.000
ALA01A0148_001 1.000 1.000 1.000 1.000 1.000
SER01A0149_001 1.000 1.000 1.000 1.000 1.000
ARG01A0150_001 0.000 0.000 0.000 0.000 0.000
ARG02A0150_002 0.000 0.000 0.000 0.000 0.000
ARG03A0150_003 0.000 0.000 0.000 0.000 0.000
ARG+1A0150_004 1.000 1.000 1.000 1.000 1.000
LYS01A0151_001 0.000 0.000 0.000 0.000 0.000
LYS+1A0151_002 1.000 1.000 1.000 1.000 1.000
CYS01A0152_001 0.555 0.554 0.555 0.552 0.554
CYS01A0152_002 0.281 0.282 0.280 0.283 0.281
CYS01A0152_003 0.164 0.164 0.165 0.164 0.165
CYS-1A0152_004 0.000 0.000 0.000 0.000 0.000
ILE01A0153_001 1.000 1.000 1.000 1.000 1.000
HIS01A0154_001 1.000 1.000 1.000 1.000 1.000
HIS02A0154_002 0.000 0.000 0.000 0.000 0.000
HIS+1A0154_003 0.000 0.000 0.000 0.000 0.000
ARG01A0155_001 0.000 0.000 0.000 0.000 0.000
ARG02A0155_002 0.000 0.000 0.000 0.000 0.000
ARG03A0155_003 0.000 0.000 0.000 0.000 0.000
ARG+1A0155_004 1.000 1.000 1.000 1.000 1.000
ASP01A0156_001 0.000 0.000 0.000 0.000 0.000
ASP01A0156_002 0.000 0.000 0.000 0.000 0.000
ASP02A0156_003 0.000 0.000 0.000 0.000 0.000
ASP02A0156_004 0.004 0.003 0.003 0.003 0.003
ASP-1A0156_005 0.996 0.996 0.997 0.997 0.997
LEU01A0157_001 1.000 1.000 1.000 1.000 1.000
ALA01A0158_001 1.000 1.000 1.000 1.000 1.000
ALA01A0159_001 1.000 1.000 1.000 1.000 1.000
ARG01A0160_001 0.000 0.000 0.000 0.000 0.000
ARG02A0160_002 0.000 0.000 0.000 0.000 0.000
ARG03A0160_003 0.000 0.000 0.000 0.000 0.000
ARG03A0160_004 0.000 0.000 0.000 0.000 0.000
ARG+1A0160_005 1.000 1.000 1.000 1.000 1.000
ASN01A0161_001 1.000 1.000 1.000 1.000 1.000
ASN01A0161_002 0.000 0.000 0.000 0.000 0.000
ILE01A0162_001 1.000 1.000 1.000 1.000 1.000
LEU01A0163_001 1.000 1.000 1.000 1.000 1.000
LEU01A0164_001 1.000 1.000 1.000 1.000 1.000
SER01A0165_001 0.370 0.369 0.369 0.370 0.368
SER01A0165_002 0.630 0.631 0.631 0.630 0.632
GLU01A0166_001 0.000 0.000 0.000 0.000 0.000
GLU01A0166_002 0.000 0.000 0.000 0.000 0.000
GLU02A0166_003 0.000 0.000 0.000 0.000 0.000
GLU02A0166_004 0.000 0.000 0.000 0.000 0.000
GLU-1A0166_005 1.000 1.000 1.000 1.000 1.000
LYS01A0167_001 0.000 0.001 0.001 0.000 0.001
LYS+1A0167_002 1.000 0.999 0.999 1.000 0.999
ASN01A0168_001 0.954 0.954 0.953 0.953 0.955
ASN01A0168_002 0.046 0.046 0.047 0.047 0.045
VAL01A0169_001 1.000 1.000 1.000 1.000 1.000
VAL01A0170_001 1.000 1.000 1.000 1.000 1.000
LYS01A0171_001 0.000 0.000 0.000 0.000 0.000
LYS+1A0171_002 1.000 1.000 1.000 1.000 1.000
ILE01A0172_001 1.000 1.000 1.000 1.000 1.000
CYS01A0173_001 0.251 0.252 0.252 0.252 0.252
CYS01A0173_002 0.403 0.403 0.402 0.402 0.403
CYS01A0173_003 0.346 0.345 0.346 0.347 0.346
CYS-1A0173_004 0.000 0.000 0.000 0.000 0.000
ASP01A0174_001 0.000 0.000 0.000 0.000 0.000
ASP01A0174_002 0.000 0.000 0.000 0.000 0.000
ASP02A0174_003 0.000 0.000 0.000 0.000 0.000
ASP02A0174_004 0.002 0.000 0.000 0.000 0.000
ASP-1A0174_005 0.998 1.000 1.000 1.000 1.000
PHE01A0175_001 1.000 1.000 1.000 1.000 1.000
LEU01A0177_001 1.000 1.000 1.000 1.000 1.000
ALA01A0178_001 1.000 1.000 1.000 1.000 1.000
ARG01A0179_001 0.000 0.000 0.000 0.000 0.000
ARG02A0179_002 0.000 0.000 0.000 0.000 0.000
ARG03A0179_003 0.000 0.000 0.000 0.000 0.000
ARG+1A0179_004 1.000 1.000 1.000 1.000 1.000
ASP01A0180_001 0.000 0.000 0.000 0.000 0.000
ASP01A0180_002 0.000 0.000 0.000 0.000 0.000
ASP02A0180_003 0.000 0.000 0.000 0.000 0.000
ASP02A0180_004 0.002 0.003 0.003 0.000 0.003
ASP-1A0180_005 0.997 0.997 0.997 1.000 0.997
ILE01A0181_001 1.000 1.000 1.000 1.000 1.000
PRO01A0182_001 1.000 1.000 1.000 1.000 1.000
LEU01A0183_001 1.000 1.000 1.000 1.000 1.000
LYS01A0184_001 0.006 0.005 0.005 0.005 0.005
LYS+1A0184_002 0.994 0.995 0.995 0.995 0.995
TRP01A0185_001 1.000 1.000 1.000 1.000 1.000
MET01A0186_001 1.000 1.000 1.000 1.000 1.000
ALA01A0187_001 1.000 1.000 1.000 1.000 1.000
PRO01A0188_001 1.000 1.000 1.000 1.000 1.000
GLU01A0189_001 0.000 0.000 0.000 0.000 0.000
GLU01A0189_002 0.000 0.000 0.000 0.000 0.000
GLU02A0189_003 0.000 0.000 0.000 0.000 0.000
GLU02A0189_004 0.000 0.000 0.000 0.000 0.000
GLU-1A0189_005 1.000 1.000 1.000 1.000 1.000
THR01A0190_001 0.325 0.324 0.324 0.325 0.326
THR01A0190_002 0.675 0.676 0.676 0.675 0.674
ILE01A0191_001 1.000 1.000 1.000 1.000 1.000
PHE01A0192_001 1.000 1.000 1.000 1.000 1.000
ASP01A0193_001 0.000 0.000 0.000 0.000 0.000
ASP01A0193_002 0.000 0.000 0.000 0.000 0.000
ASP02A0193_003 0.000 0.000 0.000 0.000 0.000
ASP02A0193_004 0.000 0.000 0.000 0.000 0.000
ASP-1A0193_005 1.000 1.000 1.000 1.000 1.000
ARG01A0194_001 0.000 0.000 0.000 0.000 0.000
ARG02A0194_002 0.000 0.000 0.000 0.000 0.000
ARG03A0194_003 0.000 0.000 0.000 0.000 0.000
ARG+1A0194_004 1.000 1.000 1.000 1.000 1.000
VAL01A0195_001 1.000 1.000 1.000 1.000 1.000
TYR01A0196_001 0.584 0.584 0.584 0.586 0.585
TYR01A0196_002 0.416 0.416 0.416 0.414 0.415
TYR-1A0196_003 0.000 0.000 0.000 0.000 0.000
THR01A0197_001 0.123 0.122 0.122 0.122 0.122
THR01A0197_002 0.877 0.878 0.878 0.878 0.878
ILE01A0198_001 1.000 1.000 1.000 1.000 1.000
GLN01A0199_001 0.981 0.981 0.981 0.981 0.981
GLN01A0199_002 0.019 0.019 0.019 0.019 0.019
SER01A0200_001 1.000 1.000 1.000 1.000 1.000
SER01A0200_002 0.000 0.000 0.000 0.000 0.000
ASP01A0201_001 0.000 0.000 0.000 0.000 0.000
ASP01A0201_002 0.000 0.000 0.000 0.000 0.000
ASP02A0201_003 0.000 0.000 0.000 0.000 0.000
ASP02A0201_004 0.000 0.000 0.000 0.000 0.000
ASP-1A0201_005 1.000 1.000 1.000 1.000 1.000
VAL01A0202_001 1.000 1.000 1.000 1.000 1.000
TRP01A0203_001 1.000 1.000 1.000 1.000 1.000
SER01A0204_001 0.972 0.972 0.971 0.972 0.972
SER01A0204_002 0.028 0.028 0.029 0.028 0.028
PHE01A0205_001 1.000 1.000 1.000 1.000 1.000
VAL01A0207_001 1.000 1.000 1.000 1.000 1.000
LEU01A0208_001 1.000 1.000 1.000 1.000 1.000
LEU01A0209_001 1.000 1.000 1.000 1.000 1.000
TRP01A0210_001 1.000 1.000 1.000 1.000 1.000
GLU01A0211_001 0.000 0.000 0.000 0.000 0.000
GLU01A0211_002 0.000 0.000 0.000 0.000 0.000
GLU02A0211_003 0.000 0.000 0.000 0.000 0.000
GLU02A0211_004 0.002 0.002 0.002 0.002 0.000
GLU-1A0211_005 0.998 0.998 0.998 0.998 1.000
ILE01A0212_001 1.000 1.000 1.000 1.000 1.000
PHE01A0213_001 1.000 1.000 1.000 1.000 1.000
SER01A0214_001 1.000 1.000 1.000 1.000 1.000
SER01A0214_002 0.000 0.000 0.000 0.000 0.000
LEU01A0215_001 1.000 1.000 1.000 1.000 1.000
ALA01A0217_001 1.000 1.000 1.000 1.000 1.000
SER01A0218_001 0.000 0.000 0.000 0.000 0.000
SER01A0218_002 1.000 1.000 1.000 1.000 1.000
PRO01A0219_001 1.000 1.000 1.000 1.000 1.000
TYR01A0220_001 1.000 1.000 1.000 1.000 1.000
TYR-1A0220_002 0.000 0.000 0.000 0.000 0.000
PRO01A0221_001 1.000 1.000 1.000 1.000 1.000
VAL01A0223_001 1.000 1.000 1.000 1.000 1.000
LYS01A0224_001 0.000 0.000 0.000 0.000 0.000
LYS+1A0224_002 1.000 1.000 1.000 1.000 1.000
ILE01A0225_001 1.000 1.000 1.000 1.000 1.000
ASP01A0226_001 0.000 0.000 0.000 0.000 0.000
ASP01A0226_002 0.000 0.000 0.000 0.000 0.000
ASP02A0226_003 0.000 0.000 0.000 0.000 0.000
ASP02A0226_004 0.000 0.000 0.000 0.000 0.000
ASP-1A0226_005 1.000 1.000 1.000 1.000 1.000
GLU01A0227_001 0.000 0.000 0.000 0.000 0.000
GLU01A0227_002 0.000 0.000 0.000 0.000 0.000
GLU02A0227_003 0.000 0.000 0.000 0.000 0.000
GLU02A0227_004 0.001 0.001 0.000 0.000 0.000
GLU-1A0227_005 0.999 0.999 1.000 1.000 1.000
GLU01A0228_001 0.000 0.000 0.000 0.000 0.000
GLU01A0228_002 0.000 0.000 0.000 0.000 0.000
GLU02A0228_003 0.000 0.000 0.000 0.000 0.000
GLU02A0228_004 0.000 0.000 0.000 0.000 0.000
GLU-1A0228_005 1.000 1.000 1.000 1.000 1.000
PHE01A0229_001 1.000 1.000 1.000 1.000 1.000
CYS01A0230_001 0.135 0.136 0.137 0.135 0.136
CYS01A0230_002 0.393 0.393 0.391 0.393 0.393
CYS01A0230_003 0.472 0.471 0.472 0.471 0.471
CYS-1A0230_004 0.000 0.000 0.000 0.000 0.000
ARG01A0231_001 0.000 0.000 0.000 0.000 0.000
ARG02A0231_002 0.000 0.000 0.000 0.000 0.000
ARG03A0231_003 0.000 0.000 0.000 0.000 0.000
ARG03A0231_004 0.000 0.000 0.000 0.000 0.000
ARG+1A0231_005 1.000 1.000 1.000 1.000 1.000
ARG01A0232_001 0.000 0.000 0.000 0.000 0.000
ARG02A0232_002 0.000 0.000 0.000 0.000 0.000
ARG02A0232_003 0.000 0.000 0.000 0.000 0.000
ARG03A0232_004 0.000 0.000 0.000 0.000 0.000
ARG+1A0232_005 1.000 1.000 1.000 1.000 1.000
LEU01A0233_001 1.000 1.000 1.000 1.000 1.000
LYS01A0234_001 0.002 0.002 0.002 0.002 0.002
LYS+1A0234_002 0.998 0.998 0.998 0.998 0.998
GLU01A0235_001 0.000 0.000 0.000 0.000 0.000
GLU01A0235_002 0.000 0.000 0.000 0.000 0.000
GLU02A0235_003 0.000 0.000 0.000 0.000 0.000
GLU02A0235_004 0.000 0.000 0.000 0.000 0.000
GLU-1A0235_005 1.000 1.000 1.000 1.000 1.000
THR01A0237_001 0.990 0.990 0.991 0.990 0.990
THR01A0237_002 0.010 0.010 0.009 0.010 0.010
ARG01A0238_001 0.000 0.000 0.000 0.000 0.000
ARG02A0238_002 0.000 0.000 0.000 0.000 0.000
ARG03A0238_003 0.000 0.000 0.000 0.000 0.000
ARG+1A0238_004 1.000 1.000 1.000 1.000 1.000
MET01A0239_001 1.000 1.000 1.000 1.000 1.000
ARG01A0240_001 0.000 0.000 0.000 0.000 0.000
ARG02A0240_002 0.000 0.000 0.000 0.000 0.000
ARG03A0240_003 0.000 0.000 0.000 0.000 0.000
ARG+1A0240_004 1.000 1.000 1.000 1.000 1.000
ALA01A0241_001 1.000 1.000 1.000 1.000 1.000
PRO01A0242_001 1.000 1.000 1.000 1.000 1.000
ASP01A0243_001 0.000 0.000 0.000 0.000 0.000
ASP01A0243_002 0.000 0.000 0.000 0.000 0.000
ASP02A0243_003 0.000 0.000 0.000 0.000 0.000
ASP02A0243_004 0.000 0.000 0.000 0.000 0.000
ASP-1A0243_005 1.000 1.000 1.000 1.000 1.000
TYR01A0244_001 0.706 0.704 0.705 0.707 0.705
TYR01A0244_002 0.294 0.296 0.295 0.293 0.295
TYR-1A0244_003 0.000 0.000 0.000 0.000 0.000
THR01A0245_001 0.955 0.954 0.954 0.954 0.955
THR01A0245_002 0.045 0.046 0.046 0.046 0.045
THR01A0246_001 0.000 0.000 0.000 0.000 0.000
THR01A0246_002 0.000 0.000 0.000 0.000 0.000
THR01A0246_003 1.000 1.000 1.000 1.000 1.000
PRO01A0247_001 1.000 1.000 1.000 1.000 1.000
GLU01A0248_001 0.000 0.000 0.000 0.000 0.000
GLU01A0248_002 0.000 0.000 0.000 0.000 0.000
GLU02A0248_003 0.000 0.000 0.000 0.000 0.000
GLU02A0248_004 0.000 0.000 0.000 0.000 0.000
GLU-1A0248_005 1.000 1.000 1.000 1.000 1.000
MET01A0249_001 1.000 1.000 1.000 1.000 1.000
TYR01A0250_001 0.979 0.979 0.979 0.980 0.979
TYR01A0250_002 0.021 0.021 0.021 0.020 0.021
TYR-1A0250_003 0.000 0.000 0.000 0.000 0.000
GLN01A0251_001 0.987 0.987 0.986 0.988 0.987
GLN01A0251_002 0.013 0.013 0.014 0.012 0.013
THR01A0252_001 0.355 0.356 0.355 0.355 0.355
THR01A0252_002 0.526 0.524 0.526 0.525 0.525
THR01A0252_003 0.120 0.120 0.119 0.120 0.120
MET01A0253_001 1.000 1.000 1.000 1.000 1.000
LEU01A0254_001 1.000 1.000 1.000 1.000 1.000
ASP01A0255_001 0.000 0.000 0.000 0.000 0.000
ASP01A0255_002 0.002 0.002 0.002 0.001 0.001
ASP02A0255_003 0.000 0.000 0.000 0.000 0.000
ASP02A0255_004 0.004 0.004 0.005 0.004 0.004
ASP-1A0255_005 0.994 0.994 0.994 0.994 0.994
CYS01A0256_001 0.187 0.188 0.187 0.188 0.187
CYS01A0256_002 0.627 0.628 0.629 0.627 0.627
CYS01A0256_003 0.185 0.185 0.184 0.185 0.186
CYS-1A0256_004 0.000 0.000 0.000 0.000 0.000
TRP01A0257_001 1.000 1.000 1.000 1.000 1.000
HIS01A0258_001 1.000 1.000 1.000 1.000 0.999
HIS02A0258_002 0.000 0.000 0.000 0.000 0.001
HIS+1A0258_003 0.000 0.000 0.000 0.000 0.000
GLU01A0260_001 0.000 0.000 0.000 0.000 0.000
GLU01A0260_002 0.000 0.000 0.000 0.000 0.000
GLU02A0260_003 0.000 0.000 0.000 0.000 0.000
GLU02A0260_004 0.000 0.000 0.000 0.000 0.000
GLU-1A0260_005 1.000 1.000 1.000 1.000 1.000
PRO01A0261_001 1.000 1.000 1.000 1.000 1.000
SER01A0262_001 1.000 1.000 1.000 1.000 1.000
GLN01A0263_001 0.521 0.520 0.521 0.521 0.520
GLN01A0263_002 0.479 0.480 0.479 0.479 0.480
ARG01A0264_001 0.000 0.000 0.000 0.000 0.000
ARG02A0264_002 0.000 0.000 0.000 0.000 0.000
ARG02A0264_003 0.000 0.000 0.000 0.000 0.000
ARG03A0264_004 0.000 0.000 0.000 0.000 0.000
ARG03A0264_005 0.000 0.000 0.000 0.000 0.000
ARG+1A0264_006 1.000 1.000 1.000 1.000 1.000
PRO01A0265_001 1.000 1.000 1.000 1.000 1.000
THR01A0266_001 0.147 0.148 0.148 0.149 0.149
THR01A0266_002 0.853 0.852 0.852 0.851 0.851
PHE01A0267_001 1.000 1.000 1.000 1.000 1.000
SER01A0268_001 0.965 0.965 0.965 0.965 0.965
SER01A0268_002 0.035 0.035 0.035 0.035 0.035
GLU01A0269_001 0.000 0.000 0.000 0.000 0.000
GLU01A0269_002 0.000 0.000 0.000 0.000 0.000
GLU02A0269_003 0.000 0.000 0.000 0.000 0.000
GLU02A0269_004 0.003 0.003 0.003 0.003 0.003
GLU-1A0269_005 0.996 0.996 0.997 0.996 0.997
LEU01A0270_001 1.000 1.000 1.000 1.000 1.000
VAL01A0271_001 1.000 1.000 1.000 1.000 1.000
GLU01A0272_001 0.000 0.000 0.000 0.000 0.000
GLU01A0272_002 0.001 0.000 0.000 0.000 0.000
GLU02A0272_003 0.000 0.000 0.000 0.000 0.000
GLU02A0272_004 0.000 0.000 0.000 0.002 0.002
GLU-1A0272_005 0.999 1.000 1.000 0.998 0.998
HIS01A0273_001 0.248 0.248 0.247 0.249 0.247
HIS01A0273_002 0.024 0.024 0.024 0.025 0.024
HIS02A0273_003 0.232 0.234 0.231 0.231 0.233
HIS02A0273_004 0.055 0.054 0.054 0.054 0.054
HIS+1A0273_005 0.377 0.375 0.378 0.377 0.376
HIS+1A0273_006 0.064 0.065 0.065 0.065 0.065
LEU01A0274_001 1.000 1.000 1.000 1.000 1.000
ASN01A0276_001 0.731 0.732 0.731 0.732 0.731
ASN01A0276_002 0.269 0.268 0.269 0.268 0.269
LEU01A0277_001 1.000 1.000 1.000 1.000 1.000
LEU01A0278_001 1.000 1.000 1.000 1.000 1.000
GLN01A0279_001 0.559 0.559 0.558 0.559 0.558
GLN01A0279_002 0.441 0.441 0.442 0.441 0.442
ALA01A0280_001 1.000 1.000 1.000 1.000 1.000
ASN01A0281_001 0.423 0.422 0.423 0.423 0.423
ASN01A0281_002 0.577 0.578 0.577 0.577 0.577
ALA01A0282_001 1.000 1.000 1.000 1.000 1.000
KIM01B0003_001 0.000 0.000 0.000 0.000 0.000
KIM01B0003_002 0.767 0.767 0.766 0.767 0.767
KIM+1B0003_003 0.000 0.000 0.000 0.000 0.000
KIM+1B0003_004 0.000 0.000 0.000 0.000 0.000
KIM+1B0003_005 0.000 0.000 0.000 0.000 0.000
KIM+1B0003_006 0.000 0.000 0.000 0.000 0.000
KIM02B0003_007 0.000 0.000 0.000 0.000 0.000
KIM02B0003_008 0.233 0.233 0.234 0.233 0.233
KIMDMB0003_009 0.000 0.000 0.000 0.000 0.000
