 ph              7.4   7.4   7.4   7.4   7.4   7.4   7.4   7.4   7.4   7.4
YY3+1B0001_001 0.537 0.537 0.537 0.536 0.537 0.537 0.536 0.537 0.536 0.537
YY3+1B0001_002 0.418 0.418 0.418 0.418 0.418 0.418 0.418 0.418 0.418 0.418
YY301B0001_003 0.011 0.011 0.011 0.011 0.011 0.011 0.011 0.011 0.011 0.011
YY301B0001_004 0.011 0.011 0.011 0.011 0.011 0.011 0.011 0.011 0.011 0.011
YY3+2B0001_005 0.002 0.002 0.002 0.002 0.002 0.002 0.002 0.002 0.002 0.002
YY3+2B0001_006 0.002 0.002 0.002 0.002 0.002 0.002 0.002 0.002 0.002 0.002
YY3+3B0001_007 0.000 0.000 0.000 0.001 0.000 0.000 0.001 0.000 0.001 0.000
YY3+3B0001_008 0.009 0.009 0.009 0.009 0.009 0.009 0.009 0.009 0.009 0.009
YY3+3B0001_009 0.001 0.000 0.000 0.000 0.000 0.000 0.000 0.000 0.000 0.000
YY3+3B0001_010 0.008 0.008 0.008 0.008 0.008 0.008 0.008 0.008 0.008 0.008
YY3+4B0001_011 0.000 0.000 0.000 0.000 0.000 0.000 0.000 0.000 0.000 0.000
YY3+4B0001_012 0.000 0.000 0.000 0.000 0.000 0.000 0.000 0.000 0.000 0.000
YY3+4B0001_013 0.000 0.000 0.000 0.000 0.000 0.000 0.000 0.000 0.000 0.000
YY3+4B0001_014 0.000 0.000 0.000 0.000 0.000 0.000 0.000 0.000 0.000 0.000
YY3+aB0001_015 0.000 0.000 0.000 0.000 0.000 0.000 0.000 0.000 0.000 0.000
YY3+aB0001_016 0.001 0.001 0.001 0.001 0.001 0.001 0.001 0.001 0.001 0.001
YY3+aB0001_017 0.000 0.000 0.000 0.000 0.000 0.000 0.000 0.000 0.000 0.000
YY3+aB0001_018 0.000 0.001 0.000 0.001 0.000 0.000 0.000 0.001 0.000 0.000
YY3+bB0001_019 0.000 0.000 0.000 0.000 0.000 0.000 0.000 0.000 0.000 0.000
YY3+bB0001_020 0.000 0.000 0.000 0.000 0.000 0.000 0.000 0.000 0.000 0.000
YY3DMB0001_021 0.000 0.000 0.000 0.000 0.000 0.000 0.000 0.000 0.000 0.000
