 ph              7.4   7.4   7.4   7.4   7.4   7.4   7.4   7.4   7.4   7.4
IRE01B0001_001 0.394 0.394 0.394 0.394 0.394 0.394 0.394 0.394 0.394 0.394
IRE01B0001_002 0.373 0.373 0.373 0.373 0.373 0.373 0.373 0.373 0.373 0.373
IRE+1B0001_003 0.120 0.120 0.120 0.120 0.120 0.119 0.120 0.119 0.120 0.120
IRE+1B0001_004 0.113 0.113 0.113 0.113 0.113 0.113 0.113 0.113 0.113 0.113
IRE+2B0001_005 0.000 0.000 0.000 0.000 0.000 0.000 0.000 0.000 0.000 0.000
IRE+2B0001_006 0.000 0.000 0.000 0.000 0.000 0.001 0.000 0.001 0.000 0.000
IRE+2B0001_007 0.000 0.000 0.000 0.000 0.000 0.000 0.000 0.000 0.000 0.000
IRE+2B0001_008 0.000 0.000 0.000 0.000 0.000 0.000 0.000 0.000 0.000 0.000
IRE+3B0001_009 0.000 0.000 0.000 0.000 0.000 0.000 0.000 0.000 0.000 0.000
IRE+3B0001_010 0.000 0.000 0.000 0.000 0.000 0.000 0.000 0.000 0.000 0.000
IRE+3B0001_011 0.000 0.000 0.000 0.000 0.000 0.000 0.000 0.000 0.000 0.000
IRE+3B0001_012 0.000 0.000 0.000 0.000 0.000 0.000 0.000 0.000 0.000 0.000
IRE+aB0001_013 0.000 0.000 0.000 0.000 0.000 0.000 0.000 0.000 0.000 0.000
IRE+aB0001_014 0.000 0.000 0.000 0.000 0.000 0.000 0.000 0.000 0.000 0.000
IREDMB0001_015 0.000 0.000 0.000 0.000 0.000 0.000 0.000 0.000 0.000 0.000
