 ph              7.4   7.4   7.4   7.4   7.4   7.4   7.4   7.4   7.4   7.4
FMM+1B0003_001 0.352 0.352 0.352 0.352 0.352 0.352 0.352 0.352 0.352 0.352
FMM+1B0003_002 0.566 0.566 0.566 0.566 0.566 0.566 0.566 0.566 0.566 0.566
FMM01B0003_003 0.022 0.022 0.022 0.022 0.022 0.022 0.022 0.022 0.022 0.022
FMM01B0003_004 0.019 0.019 0.019 0.019 0.019 0.019 0.019 0.019 0.019 0.019
FMM01B0003_005 0.021 0.021 0.021 0.021 0.021 0.021 0.021 0.021 0.021 0.021
FMM01B0003_006 0.021 0.021 0.021 0.021 0.021 0.021 0.021 0.021 0.021 0.021
FMM+aB0003_007 0.000 0.000 0.000 0.000 0.000 0.000 0.000 0.000 0.000 0.000
FMM+aB0003_008 0.000 0.000 0.000 0.000 0.000 0.000 0.000 0.000 0.000 0.000
FMM+aB0003_009 0.000 0.000 0.000 0.000 0.000 0.000 0.000 0.000 0.000 0.000
FMM+aB0003_010 0.000 0.000 0.000 0.000 0.000 0.000 0.000 0.000 0.000 0.000
FMMDMB0003_011 0.000 0.000 0.000 0.000 0.000 0.000 0.000 0.000 0.000 0.000
