 ph              7.4   7.4   7.4   7.4   7.4
GLU01A0002_001 0.000 0.000 0.000 0.000 0.000
GLU01A0002_002 0.000 0.000 0.000 0.000 0.000
GLU02A0002_003 0.000 0.000 0.000 0.000 0.000
GLU02A0002_004 0.000 0.000 0.000 0.000 0.000
GLU-1A0002_005 1.000 1.000 1.000 1.000 1.000
ALA01A0003_001 1.000 1.000 1.000 1.000 1.000
PRO01A0004_001 1.000 1.000 1.000 1.000 1.000
ASN01A0005_001 0.005 0.004 0.000 0.005 0.004
ASN01A0005_002 0.995 0.996 1.000 0.995 0.996
GLN01A0006_001 0.032 0.032 0.033 0.034 0.033
GLN01A0006_002 0.968 0.968 0.967 0.966 0.967
ALA01A0007_001 1.000 1.000 1.000 1.000 1.000
LEU01A0008_001 1.000 1.000 1.000 1.000 1.000
LEU01A0009_001 1.000 1.000 1.000 1.000 1.000
ARG01A0010_001 0.000 0.000 0.000 0.000 0.000
ARG02A0010_002 0.000 0.000 0.000 0.000 0.000
ARG03A0010_003 0.000 0.000 0.000 0.000 0.000
ARG+1A0010_004 1.000 1.000 1.000 1.000 1.000
ILE01A0011_001 1.000 1.000 1.000 1.000 1.000
LEU01A0012_001 1.000 1.000 1.000 1.000 1.000
LYS01A0013_001 0.000 0.000 0.000 0.000 0.000
LYS+1A0013_002 1.000 1.000 1.000 1.000 1.000
GLU01A0014_001 0.000 0.000 0.000 0.000 0.000
GLU01A0014_002 0.000 0.000 0.000 0.000 0.000
GLU02A0014_003 0.000 0.000 0.000 0.000 0.000
GLU02A0014_004 0.000 0.000 0.000 0.000 0.000
GLU-1A0014_005 1.000 1.000 1.000 1.000 1.000
THR01A0015_001 1.000 1.000 1.000 1.000 1.000
GLU01A0016_001 0.000 0.000 0.000 0.000 0.000
GLU01A0016_002 0.000 0.003 0.002 0.002 0.002
GLU02A0016_003 0.000 0.000 0.000 0.000 0.000
GLU02A0016_004 0.011 0.005 0.000 0.007 0.004
GLU-1A0016_005 0.989 0.992 0.998 0.991 0.994
PHE01A0017_001 1.000 1.000 1.000 1.000 1.000
LYS01A0018_001 0.002 0.001 0.000 0.000 0.001
LYS+1A0018_002 0.998 0.999 1.000 1.000 0.999
LYS01A0019_001 0.010 0.010 0.011 0.010 0.010
LYS+1A0019_002 0.990 0.990 0.989 0.990 0.990
ILE01A0020_001 1.000 1.000 1.000 1.000 1.000
LYS01A0021_001 0.004 0.004 0.004 0.005 0.004
LYS+1A0021_002 0.996 0.996 0.996 0.995 0.996
VAL01A0022_001 1.000 1.000 1.000 1.000 1.000
LEU01A0023_001 1.000 1.000 1.000 1.000 1.000
SER01A0025_001 0.034 0.037 0.033 0.034 0.034
SER01A0025_002 0.966 0.963 0.967 0.966 0.966
ALA01A0027_001 1.000 1.000 1.000 1.000 1.000
PHE01A0028_001 1.000 1.000 1.000 1.000 1.000
THR01A0030_001 0.769 0.775 0.772 0.772 0.772
THR01A0030_002 0.231 0.225 0.228 0.228 0.228
VAL01A0031_001 1.000 1.000 1.000 1.000 1.000
TYR01A0032_001 0.534 0.532 0.537 0.532 0.532
TYR01A0032_002 0.466 0.468 0.463 0.468 0.468
TYR-1A0032_003 0.000 0.000 0.000 0.000 0.000
LYS01A0033_001 0.013 0.013 0.013 0.013 0.013
LYS+1A0033_002 0.987 0.987 0.987 0.987 0.987
LEU01A0035_001 1.000 1.000 1.000 1.000 1.000
TRP01A0036_001 1.000 1.000 1.000 1.000 1.000
ILE01A0037_001 1.000 1.000 1.000 1.000 1.000
PRO01A0038_001 1.000 1.000 1.000 1.000 1.000
GLU01A0039_001 0.000 0.000 0.000 0.000 0.000
GLU01A0039_002 0.000 0.000 0.000 0.000 0.000
GLU02A0039_003 0.000 0.000 0.000 0.000 0.000
GLU02A0039_004 0.000 0.000 0.000 0.000 0.001
GLU-1A0039_005 1.000 1.000 1.000 1.000 0.999
GLU01A0041_001 0.000 0.000 0.000 0.000 0.000
GLU01A0041_002 0.000 0.000 0.000 0.000 0.000
GLU02A0041_003 0.000 0.000 0.000 0.000 0.000
GLU02A0041_004 0.000 0.000 0.000 0.000 0.001
GLU-1A0041_005 1.000 1.000 1.000 1.000 0.999
LYS01A0042_001 0.000 0.000 0.001 0.000 0.000
LYS+1A0042_002 1.000 1.000 0.999 1.000 1.000
VAL01A0043_001 1.000 1.000 1.000 1.000 1.000
LYS01A0044_001 0.021 0.023 0.023 0.024 0.022
LYS+1A0044_002 0.979 0.977 0.977 0.976 0.978
ILE01A0045_001 1.000 1.000 1.000 1.000 1.000
PRO01A0046_001 1.000 1.000 1.000 1.000 1.000
VAL01A0047_001 1.000 1.000 1.000 1.000 1.000
ALA01A0048_001 1.000 1.000 1.000 1.000 1.000
ILE01A0049_001 1.000 1.000 1.000 1.000 1.000
LYS01A0050_001 0.000 0.000 0.000 0.000 0.000
LYS+1A0050_002 1.000 1.000 1.000 1.000 1.000
GLU01A0051_001 0.000 0.000 0.000 0.001 0.001
GLU01A0051_002 0.075 0.078 0.078 0.075 0.071
GLU02A0051_003 0.005 0.004 0.004 0.004 0.005
GLU02A0051_004 0.127 0.131 0.133 0.132 0.129
GLU-1A0051_005 0.793 0.787 0.784 0.787 0.794
LEU01A0052_001 1.000 1.000 1.000 1.000 1.000
ARG01A0053_001 0.000 0.000 0.000 0.000 0.000
ARG02A0053_002 0.000 0.000 0.000 0.000 0.000
ARG03A0053_003 0.000 0.000 0.000 0.000 0.000
ARG03A0053_004 0.000 0.000 0.000 0.000 0.000
ARG+1A0053_005 1.000 1.000 1.000 1.000 1.000
GLU01A0054_001 0.005 0.003 0.006 0.004 0.000
GLU01A0054_002 0.008 0.007 0.000 0.007 0.019
GLU02A0054_003 0.000 0.000 0.000 0.000 0.000
GLU02A0054_004 0.000 0.002 0.002 0.001 0.000
GLU-1A0054_005 0.987 0.988 0.992 0.987 0.981
ALA01A0055_001 1.000 1.000 1.000 1.000 1.000
THR01A0056_001 0.610 0.604 0.609 0.610 0.610
THR01A0056_002 0.075 0.080 0.078 0.077 0.077
THR01A0056_003 0.315 0.316 0.313 0.313 0.313
SER01A0057_001 0.259 0.258 0.262 0.264 0.266
SER01A0057_002 0.741 0.742 0.738 0.736 0.734
PRO01A0058_001 1.000 1.000 1.000 1.000 1.000
LYS01A0059_001 0.746 0.751 0.752 0.748 0.756
LYS+1A0059_002 0.254 0.249 0.248 0.252 0.244
ALA01A0060_001 1.000 1.000 1.000 1.000 1.000
ASN01A0061_001 0.958 0.959 0.957 0.957 0.958
ASN01A0061_002 0.042 0.041 0.043 0.043 0.042
LYS01A0062_001 0.000 0.000 0.000 0.000 0.000
LYS+1A0062_002 1.000 1.000 1.000 1.000 1.000
GLU01A0063_001 0.000 0.000 0.000 0.000 0.000
GLU01A0063_002 0.000 0.000 0.000 0.000 0.000
GLU02A0063_003 0.000 0.000 0.000 0.000 0.000
GLU02A0063_004 0.003 0.000 0.005 0.000 0.000
GLU-1A0063_005 0.997 1.000 0.995 1.000 1.000
ILE01A0064_001 1.000 1.000 1.000 1.000 1.000
LEU01A0065_001 1.000 1.000 1.000 1.000 1.000
ASP01A0066_001 0.000 0.000 0.000 0.000 0.000
ASP01A0066_002 0.000 0.000 0.000 0.000 0.000
ASP02A0066_003 0.000 0.000 0.000 0.000 0.000
ASP02A0066_004 0.000 0.000 0.001 0.000 0.000
ASP-1A0066_005 1.000 1.000 0.999 1.000 1.000
GLU01A0067_001 0.000 0.000 0.000 0.000 0.000
GLU01A0067_002 0.031 0.035 0.033 0.027 0.028
GLU02A0067_003 0.000 0.000 0.000 0.000 0.000
GLU02A0067_004 0.000 0.000 0.000 0.000 0.000
GLU-1A0067_005 0.969 0.965 0.967 0.972 0.971
ALA01A0068_001 1.000 1.000 1.000 1.000 1.000
TYR01A0069_001 1.000 1.000 1.000 1.000 1.000
TYR-1A0069_002 0.000 0.000 0.000 0.000 0.000
VAL01A0070_001 1.000 1.000 1.000 1.000 1.000
MET01A0071_001 1.000 1.000 1.000 1.000 1.000
ALA01A0072_001 1.000 1.000 1.000 1.000 1.000
SER01A0073_001 0.007 0.009 0.008 0.009 0.008
SER01A0073_002 0.944 0.946 0.946 0.942 0.942
SER01A0073_003 0.048 0.045 0.045 0.049 0.050
VAL01A0074_001 1.000 1.000 1.000 1.000 1.000
ASP01A0075_001 0.000 0.000 0.000 0.000 0.000
ASP01A0075_002 0.000 0.000 0.000 0.000 0.000
ASP02A0075_003 0.000 0.000 0.000 0.000 0.000
ASP02A0075_004 0.000 0.000 0.000 0.000 0.000
ASP-1A0075_005 1.000 1.000 1.000 1.000 1.000
ASN01A0076_001 1.000 1.000 1.000 1.000 1.000
ASN01A0076_002 0.000 0.000 0.000 0.000 0.000
PRO01A0077_001 1.000 1.000 1.000 1.000 1.000
HIS01A0078_001 0.008 0.008 0.009 0.008 0.007
HIS01A0078_002 0.018 0.018 0.018 0.016 0.015
HIS02A0078_003 0.948 0.949 0.949 0.949 0.951
HIS02A0078_004 0.023 0.022 0.021 0.023 0.023
HIS+1A0078_005 0.003 0.004 0.004 0.004 0.003
HIS+1A0078_006 0.000 0.000 0.000 0.000 0.000
VAL01A0079_001 1.000 1.000 1.000 1.000 1.000
CYS01A0080_001 0.358 0.359 0.355 0.362 0.356
CYS01A0080_002 0.194 0.188 0.189 0.189 0.190
CYS01A0080_003 0.448 0.453 0.456 0.450 0.454
CYS-1A0080_004 0.000 0.000 0.000 0.000 0.000
ARG01A0081_001 0.000 0.000 0.000 0.000 0.000
ARG02A0081_002 0.000 0.000 0.000 0.000 0.000
ARG03A0081_003 0.000 0.000 0.000 0.000 0.000
ARG+1A0081_004 1.000 1.000 1.000 1.000 1.000
LEU01A0082_001 1.000 1.000 1.000 1.000 1.000
LEU01A0083_001 1.000 1.000 1.000 1.000 1.000
ILE01A0085_001 1.000 1.000 1.000 1.000 1.000
CYS01A0086_001 0.053 0.049 0.052 0.052 0.049
CYS01A0086_002 0.516 0.518 0.517 0.525 0.518
CYS01A0086_003 0.431 0.433 0.431 0.423 0.433
CYS-1A0086_004 0.000 0.000 0.000 0.000 0.000
LEU01A0087_001 1.000 1.000 1.000 1.000 1.000
THR01A0088_001 0.868 0.867 0.867 0.869 0.867
THR01A0088_002 0.132 0.133 0.133 0.131 0.133
SER01A0089_001 1.000 0.993 0.993 0.994 0.994
SER01A0089_002 0.000 0.007 0.007 0.006 0.006
THR01A0090_001 0.026 0.027 0.027 0.026 0.028
THR01A0090_002 0.974 0.973 0.973 0.974 0.972
VAL01A0091_001 1.000 1.000 1.000 1.000 1.000
GLN01A0092_001 0.029 0.034 0.032 0.031 0.028
GLN01A0092_002 0.971 0.966 0.968 0.969 0.972
LEU01A0093_001 1.000 1.000 1.000 1.000 1.000
ILE01A0094_001 1.000 1.000 1.000 1.000 1.000
THR01A0095_001 0.038 0.037 0.038 0.039 0.037
THR01A0095_002 0.962 0.963 0.962 0.961 0.963
GLN01A0096_001 0.617 0.614 0.622 0.611 0.622
GLN01A0096_002 0.383 0.386 0.378 0.389 0.378
LEU01A0097_001 1.000 1.000 1.000 1.000 1.000
MET01A0098_001 1.000 1.000 1.000 1.000 1.000
PRO01A0099_001 1.000 1.000 1.000 1.000 1.000
PHE01A0100_001 1.000 1.000 1.000 1.000 1.000
CYS01A0102_001 0.519 0.513 0.511 0.511 0.511
CYS01A0102_002 0.094 0.097 0.096 0.097 0.096
CYS01A0102_003 0.388 0.391 0.392 0.392 0.393
CYS-1A0102_004 0.000 0.000 0.000 0.000 0.000
LEU01A0103_001 1.000 1.000 1.000 1.000 1.000
LEU01A0104_001 1.000 1.000 1.000 1.000 1.000
ASP01A0105_001 0.000 0.000 0.000 0.000 0.000
ASP01A0105_002 0.000 0.000 0.000 0.000 0.000
ASP02A0105_003 0.000 0.000 0.000 0.000 0.000
ASP02A0105_004 0.000 0.000 0.000 0.000 0.000
ASP-1A0105_005 1.000 1.000 1.000 1.000 1.000
TYR01A0106_001 0.529 0.525 0.527 0.531 0.531
TYR01A0106_002 0.471 0.475 0.473 0.469 0.469
TYR-1A0106_003 0.000 0.000 0.000 0.000 0.000
VAL01A0107_001 1.000 1.000 1.000 1.000 1.000
ARG01A0108_001 0.000 0.000 0.000 0.000 0.000
ARG02A0108_002 0.000 0.000 0.000 0.000 0.000
ARG03A0108_003 0.000 0.000 0.000 0.000 0.000
ARG+1A0108_004 1.000 1.000 1.000 1.000 1.000
GLU01A0109_001 0.000 0.000 0.000 0.000 0.000
GLU01A0109_002 0.000 0.000 0.000 0.000 0.000
GLU02A0109_003 0.000 0.000 0.000 0.000 0.000
GLU02A0109_004 0.001 0.000 0.001 0.001 0.001
GLU-1A0109_005 0.999 1.000 0.999 0.999 0.999
HIS01A0110_001 0.156 0.154 0.163 0.156 0.148
HIS01A0110_002 0.022 0.023 0.023 0.023 0.024
HIS02A0110_003 0.123 0.126 0.124 0.127 0.121
HIS02A0110_004 0.485 0.482 0.488 0.478 0.492
HIS+1A0110_005 0.119 0.120 0.110 0.119 0.117
HIS+1A0110_006 0.095 0.096 0.093 0.097 0.098
LYS01A0111_001 0.000 0.000 0.000 0.000 0.000
LYS+1A0111_002 1.000 1.000 1.000 1.000 1.000
ASP01A0112_001 0.000 0.000 0.000 0.000 0.000
ASP01A0112_002 0.000 0.000 0.000 0.000 0.000
ASP02A0112_003 0.000 0.000 0.000 0.000 0.000
ASP02A0112_004 0.000 0.000 0.000 0.000 0.000
ASP-1A0112_005 1.000 1.000 1.000 1.000 1.000
ASN01A0113_001 0.253 0.256 0.263 0.258 0.258
ASN01A0113_002 0.747 0.744 0.737 0.742 0.742
ILE01A0114_001 1.000 1.000 1.000 1.000 1.000
SER01A0116_001 0.800 0.800 0.794 0.790 0.796
SER01A0116_002 0.014 0.015 0.016 0.017 0.014
SER01A0116_003 0.186 0.185 0.190 0.193 0.190
GLN01A0117_001 0.819 0.826 0.827 0.822 0.823
GLN01A0117_002 0.181 0.174 0.173 0.178 0.177
TYR01A0118_001 0.533 0.540 0.534 0.534 0.532
TYR01A0118_002 0.467 0.460 0.466 0.466 0.468
TYR-1A0118_003 0.000 0.000 0.000 0.000 0.000
LEU01A0119_001 1.000 1.000 1.000 1.000 1.000
LEU01A0120_001 1.000 1.000 1.000 1.000 1.000
ASN01A0121_001 0.905 0.911 0.910 0.905 0.905
ASN01A0121_002 0.095 0.089 0.090 0.095 0.095
TRP01A0122_001 1.000 1.000 1.000 1.000 1.000
CYS01A0123_001 0.180 0.177 0.173 0.176 0.176
CYS01A0123_002 0.645 0.648 0.657 0.652 0.655
CYS01A0123_003 0.175 0.174 0.171 0.172 0.169
CYS-1A0123_004 0.000 0.000 0.000 0.000 0.000
VAL01A0124_001 1.000 1.000 1.000 1.000 1.000
GLN01A0125_001 1.000 1.000 1.000 1.000 1.000
ILE01A0126_001 1.000 1.000 1.000 1.000 1.000
ALA01A0127_001 1.000 1.000 1.000 1.000 1.000
LYS01A0128_001 0.000 0.000 0.000 0.000 0.000
LYS+1A0128_002 1.000 1.000 1.000 1.000 1.000
MET01A0130_001 1.000 1.000 1.000 1.000 1.000
ASN01A0131_001 0.340 0.338 0.333 0.330 0.337
ASN01A0131_002 0.660 0.662 0.667 0.670 0.663
TYR01A0132_001 1.000 0.995 0.996 1.000 0.995
TYR01A0132_002 0.000 0.005 0.004 0.000 0.005
TYR-1A0132_003 0.000 0.000 0.000 0.000 0.000
LEU01A0133_001 1.000 1.000 1.000 1.000 1.000
GLU01A0134_001 0.000 0.000 0.000 0.000 0.000
GLU01A0134_002 0.002 0.000 0.000 0.003 0.001
GLU02A0134_003 0.003 0.007 0.000 0.000 0.003
GLU02A0134_004 0.000 0.000 0.000 0.000 0.002
GLU-1A0134_005 0.995 0.993 1.000 0.997 0.994
ASP01A0135_001 0.000 0.000 0.000 0.000 0.000
ASP01A0135_002 0.004 0.003 0.004 0.004 0.004
ASP02A0135_003 0.000 0.000 0.000 0.000 0.000
ASP02A0135_004 0.004 0.003 0.004 0.003 0.004
ASP-1A0135_005 0.993 0.994 0.993 0.993 0.992
ARG01A0136_001 0.000 0.000 0.000 0.000 0.000
ARG02A0136_002 0.000 0.000 0.000 0.000 0.000
ARG03A0136_003 0.000 0.000 0.000 0.000 0.000
ARG+1A0136_004 1.000 1.000 1.000 1.000 1.000
ARG01A0137_001 0.000 0.000 0.000 0.000 0.000
ARG02A0137_002 0.000 0.000 0.000 0.000 0.000
ARG03A0137_003 0.000 0.000 0.000 0.000 0.000
ARG+1A0137_004 1.000 1.000 1.000 1.000 1.000
LEU01A0138_001 1.000 1.000 1.000 1.000 1.000
VAL01A0139_001 1.000 1.000 1.000 1.000 1.000
HIS01A0140_001 1.000 1.000 1.000 1.000 1.000
HIS02A0140_002 0.000 0.000 0.000 0.000 0.000
HIS+1A0140_003 0.000 0.000 0.000 0.000 0.000
ARG01A0141_001 0.000 0.000 0.000 0.000 0.000
ARG02A0141_002 0.000 0.000 0.000 0.000 0.000
ARG03A0141_003 0.000 0.000 0.000 0.000 0.000
ARG03A0141_004 0.000 0.000 0.000 0.000 0.000
ARG+1A0141_005 1.000 1.000 1.000 1.000 1.000
ASP01A0142_001 0.009 0.009 0.000 0.009 0.008
ASP01A0142_002 0.092 0.092 0.094 0.097 0.094
ASP02A0142_003 0.106 0.110 0.108 0.108 0.103
ASP02A0142_004 0.739 0.730 0.741 0.725 0.743
ASP-1A0142_005 0.054 0.059 0.057 0.061 0.052
LEU01A0143_001 1.000 1.000 1.000 1.000 1.000
ALA01A0144_001 1.000 1.000 1.000 1.000 1.000
ALA01A0145_001 1.000 1.000 1.000 1.000 1.000
ARG01A0146_001 0.000 0.000 0.000 0.000 0.000
ARG02A0146_002 0.000 0.000 0.000 0.000 0.000
ARG02A0146_003 0.000 0.000 0.000 0.000 0.000
ARG03A0146_004 0.000 0.000 0.000 0.000 0.000
ARG+1A0146_005 1.000 1.000 1.000 1.000 1.000
ASN01A0147_001 0.168 0.180 0.177 0.175 0.165
ASN01A0147_002 0.832 0.820 0.823 0.825 0.835
VAL01A0148_001 1.000 1.000 1.000 1.000 1.000
LEU01A0149_001 1.000 1.000 1.000 1.000 1.000
VAL01A0150_001 1.000 1.000 1.000 1.000 1.000
LYS01A0151_001 0.023 0.025 0.023 0.023 0.024
LYS+1A0151_002 0.977 0.975 0.977 0.977 0.976
THR01A0152_001 0.011 0.010 0.011 0.010 0.010
THR01A0152_002 0.000 0.000 0.000 0.000 0.000
THR01A0152_003 0.989 0.990 0.989 0.990 0.990
PRO01A0153_001 1.000 1.000 1.000 1.000 1.000
GLN01A0154_001 1.000 0.998 0.998 0.997 0.998
GLN01A0154_002 0.000 0.002 0.002 0.003 0.002
HIS01A0155_001 0.984 0.985 0.983 0.981 0.983
HIS02A0155_002 0.016 0.013 0.017 0.016 0.015
HIS+1A0155_003 0.000 0.002 0.000 0.003 0.002
VAL01A0156_001 1.000 1.000 1.000 1.000 1.000
LYS01A0157_001 0.330 0.334 0.327 0.342 0.329
LYS+1A0157_002 0.670 0.666 0.673 0.658 0.671
ILE01A0158_001 1.000 1.000 1.000 1.000 1.000
THR01A0159_001 0.007 0.007 0.008 0.007 0.007
THR01A0159_002 0.993 0.993 0.992 0.993 0.993
ASP01A0160_001 0.000 0.000 0.000 0.000 0.000
ASP01A0160_002 0.000 0.000 0.000 0.000 0.000
ASP02A0160_003 0.000 0.000 0.000 0.000 0.000
ASP02A0160_004 0.000 0.000 0.000 0.000 0.001
ASP-1A0160_005 1.000 0.999 1.000 1.000 0.999
PHE01A0161_001 1.000 1.000 1.000 1.000 1.000
LEU01A0163_001 1.000 1.000 1.000 1.000 1.000
ALA01A0164_001 1.000 1.000 1.000 1.000 1.000
LYS01A0165_001 0.000 0.000 0.000 0.000 0.000
LYS+1A0165_002 1.000 1.000 1.000 1.000 1.000
LEU01A0166_001 1.000 1.000 1.000 1.000 1.000
LEU01A0167_001 1.000 1.000 1.000 1.000 1.000
ALA01A0169_001 1.000 1.000 1.000 1.000 1.000
GLU01A0170_001 0.000 0.000 0.000 0.000 0.000
GLU01A0170_002 0.000 0.000 0.000 0.000 0.000
GLU02A0170_003 0.000 0.000 0.000 0.000 0.000
GLU02A0170_004 0.000 0.000 0.000 0.000 0.000
GLU-1A0170_005 1.000 1.000 1.000 1.000 1.000
GLU01A0171_001 0.000 0.000 0.000 0.000 0.000
GLU01A0171_002 0.001 0.000 0.000 0.000 0.001
GLU02A0171_003 0.000 0.000 0.000 0.000 0.000
GLU02A0171_004 0.000 0.000 0.000 0.001 0.000
GLU-1A0171_005 0.999 1.000 1.000 0.999 0.999
LYS01A0172_001 0.000 0.000 0.000 0.000 0.000
LYS+1A0172_002 1.000 1.000 1.000 1.000 1.000
GLU01A0173_001 0.000 0.000 0.000 0.000 0.000
GLU01A0173_002 0.000 0.000 0.001 0.001 0.000
GLU02A0173_003 0.000 0.000 0.000 0.000 0.000
GLU02A0173_004 0.000 0.000 0.000 0.001 0.002
GLU-1A0173_005 1.000 1.000 0.999 0.998 0.998
TYR01A0174_001 0.616 0.619 0.616 0.617 0.614
TYR01A0174_002 0.384 0.381 0.384 0.383 0.386
TYR-1A0174_003 0.000 0.000 0.000 0.000 0.000
HIS01A0175_001 0.100 0.101 0.100 0.103 0.105
HIS01A0175_002 0.076 0.078 0.077 0.079 0.075
HIS02A0175_003 0.248 0.253 0.243 0.243 0.246
HIS02A0175_004 0.211 0.215 0.212 0.213 0.211
HIS+1A0175_005 0.189 0.187 0.197 0.197 0.189
HIS+1A0175_006 0.175 0.166 0.171 0.166 0.175
ALA01A0176_001 1.000 1.000 1.000 1.000 1.000
GLU01A0177_001 0.000 0.000 0.000 0.000 0.000
GLU01A0177_002 0.000 0.000 0.000 0.000 0.000
GLU02A0177_003 0.000 0.000 0.000 0.000 0.000
GLU02A0177_004 0.000 0.000 0.000 0.000 0.000
GLU-1A0177_005 1.000 1.000 1.000 1.000 1.000
LYS01A0180_001 0.000 0.000 0.000 0.000 0.000
LYS+1A0180_002 1.000 1.000 1.000 1.000 1.000
VAL01A0181_001 1.000 1.000 1.000 1.000 1.000
PRO01A0182_001 1.000 1.000 1.000 1.000 1.000
ILE01A0183_001 1.000 1.000 1.000 1.000 1.000
LYS01A0184_001 0.031 0.032 0.030 0.031 0.031
LYS+1A0184_002 0.969 0.968 0.970 0.969 0.969
TRP01A0185_001 1.000 1.000 1.000 1.000 1.000
MET01A0186_001 1.000 1.000 1.000 1.000 1.000
ALA01A0187_001 1.000 1.000 1.000 1.000 1.000
LEU01A0188_001 1.000 1.000 1.000 1.000 1.000
GLU01A0189_001 0.000 0.000 0.001 0.000 0.000
GLU01A0189_002 0.000 0.000 0.000 0.001 0.000
GLU02A0189_003 0.000 0.000 0.000 0.000 0.000
GLU02A0189_004 0.000 0.000 0.000 0.000 0.000
GLU-1A0189_005 1.000 1.000 0.999 0.999 1.000
SER01A0190_001 0.942 0.937 0.941 0.936 0.936
SER01A0190_002 0.002 0.000 0.000 0.002 0.002
SER01A0190_003 0.057 0.063 0.059 0.062 0.062
ILE01A0191_001 1.000 1.000 1.000 1.000 1.000
LEU01A0192_001 1.000 1.000 1.000 1.000 1.000
HIS01A0193_001 0.100 0.095 0.102 0.099 0.094
HIS01A0193_002 0.329 0.341 0.332 0.332 0.335
HIS02A0193_003 0.131 0.129 0.129 0.127 0.126
HIS02A0193_004 0.240 0.246 0.245 0.242 0.236
HIS+1A0193_005 0.091 0.088 0.089 0.089 0.093
HIS+1A0193_006 0.110 0.102 0.104 0.110 0.116
ARG01A0194_001 0.000 0.000 0.000 0.000 0.000
ARG02A0194_002 0.000 0.000 0.000 0.000 0.000
ARG03A0194_003 0.000 0.000 0.000 0.000 0.000
ARG+1A0194_004 1.000 1.000 1.000 1.000 1.000
ILE01A0195_001 1.000 1.000 1.000 1.000 1.000
TYR01A0196_001 0.183 0.186 0.191 0.185 0.190
TYR01A0196_002 0.817 0.814 0.809 0.815 0.810
TYR-1A0196_003 0.000 0.000 0.000 0.000 0.000
THR01A0197_001 0.000 0.000 0.000 0.000 0.000
THR01A0197_002 1.000 1.000 1.000 1.000 1.000
HIS01A0198_001 0.017 0.016 0.016 0.017 0.015
HIS01A0198_002 0.210 0.216 0.215 0.212 0.218
HIS02A0198_003 0.623 0.613 0.622 0.617 0.614
HIS02A0198_004 0.015 0.013 0.013 0.014 0.014
HIS+1A0198_005 0.092 0.094 0.090 0.094 0.095
HIS+1A0198_006 0.043 0.047 0.044 0.047 0.045
GLN01A0199_001 0.981 0.980 0.981 0.980 0.980
GLN01A0199_002 0.019 0.020 0.019 0.020 0.020
SER01A0200_001 0.322 0.318 0.317 0.313 0.315
SER01A0200_002 0.678 0.682 0.683 0.687 0.685
ASP01A0201_001 0.000 0.000 0.000 0.000 0.000
ASP01A0201_002 0.000 0.000 0.000 0.000 0.000
ASP02A0201_003 0.000 0.000 0.000 0.000 0.000
ASP02A0201_004 0.000 0.000 0.000 0.000 0.000
ASP-1A0201_005 1.000 1.000 1.000 1.000 1.000
VAL01A0202_001 1.000 1.000 1.000 1.000 1.000
TRP01A0203_001 1.000 1.000 1.000 1.000 1.000
SER01A0204_001 0.830 0.829 0.839 0.837 0.834
SER01A0204_002 0.170 0.171 0.161 0.163 0.166
TYR01A0205_001 0.028 0.027 0.029 0.030 0.027
TYR01A0205_002 0.972 0.973 0.971 0.970 0.973
TYR-1A0205_003 0.000 0.000 0.000 0.000 0.000
VAL01A0207_001 1.000 1.000 1.000 1.000 1.000
THR01A0208_001 0.015 0.014 0.014 0.014 0.015
THR01A0208_002 0.945 0.949 0.946 0.944 0.946
THR01A0208_003 0.040 0.038 0.040 0.041 0.039
VAL01A0209_001 1.000 1.000 1.000 1.000 1.000
TRP01A0210_001 1.000 1.000 1.000 1.000 1.000
GLU01A0211_001 0.000 0.000 0.000 0.000 0.000
GLU01A0211_002 0.000 0.000 0.000 0.000 0.000
GLU02A0211_003 0.000 0.000 0.000 0.000 0.000
GLU02A0211_004 0.002 0.002 0.000 0.000 0.000
GLU-1A0211_005 0.998 0.998 1.000 1.000 1.000
LEU01A0212_001 1.000 1.000 1.000 1.000 1.000
MET01A0213_001 1.000 1.000 1.000 1.000 1.000
THR01A0214_001 0.995 0.994 0.995 0.995 0.994
THR01A0214_002 0.005 0.006 0.005 0.005 0.006
PHE01A0215_001 1.000 1.000 1.000 1.000 1.000
SER01A0217_001 0.251 0.253 0.257 0.253 0.250
SER01A0217_002 0.212 0.204 0.213 0.206 0.204
SER01A0217_003 0.537 0.544 0.530 0.542 0.546
LYS01A0218_001 0.001 0.000 0.001 0.000 0.000
LYS+1A0218_002 0.999 1.000 0.999 1.000 1.000
PRO01A0219_001 1.000 1.000 1.000 1.000 1.000
TYR01A0220_001 0.125 0.122 0.120 0.119 0.125
TYR01A0220_002 0.875 0.878 0.880 0.881 0.875
TYR-1A0220_003 0.000 0.000 0.000 0.000 0.000
ASP01A0221_001 0.000 0.000 0.000 0.000 0.000
ASP01A0221_002 0.000 0.000 0.000 0.000 0.000
ASP02A0221_003 0.000 0.000 0.000 0.000 0.000
ASP02A0221_004 0.000 0.000 0.000 0.000 0.000
ASP-1A0221_005 1.000 1.000 1.000 1.000 1.000
ILE01A0223_001 1.000 1.000 1.000 1.000 1.000
PRO01A0224_001 1.000 1.000 1.000 1.000 1.000
ALA01A0225_001 1.000 1.000 1.000 1.000 1.000
SER01A0226_001 1.000 1.000 1.000 1.000 1.000
GLU01A0227_001 0.000 0.000 0.000 0.000 0.000
GLU01A0227_002 0.000 0.000 0.001 0.001 0.001
GLU02A0227_003 0.000 0.000 0.000 0.000 0.000
GLU02A0227_004 0.000 0.000 0.002 0.002 0.001
GLU-1A0227_005 1.000 1.000 0.997 0.997 0.998
ILE01A0228_001 1.000 1.000 1.000 1.000 1.000
SER01A0229_001 0.044 0.046 0.042 0.045 0.045
SER01A0229_002 0.065 0.066 0.061 0.064 0.066
SER01A0229_003 0.891 0.888 0.897 0.891 0.889
SER01A0230_001 0.308 0.304 0.303 0.303 0.308
SER01A0230_002 0.692 0.696 0.697 0.697 0.692
ILE01A0231_001 1.000 1.000 1.000 1.000 1.000
LEU01A0232_001 1.000 1.000 1.000 1.000 1.000
GLU01A0233_001 0.000 0.000 0.000 0.000 0.000
GLU01A0233_002 0.006 0.008 0.006 0.008 0.007
GLU02A0233_003 0.001 0.000 0.001 0.000 0.001
GLU02A0233_004 0.006 0.009 0.009 0.008 0.008
GLU-1A0233_005 0.986 0.983 0.984 0.984 0.984
LYS01A0234_001 0.000 0.000 0.000 0.000 0.000
LYS+1A0234_002 1.000 1.000 1.000 1.000 1.000
GLU01A0236_001 0.000 0.000 0.000 0.000 0.000
GLU01A0236_002 0.001 0.002 0.001 0.000 0.001
GLU02A0236_003 0.000 0.000 0.000 0.000 0.000
GLU02A0236_004 0.001 0.004 0.003 0.000 0.005
GLU-1A0236_005 0.998 0.995 0.995 1.000 0.994
ARG01A0237_001 0.000 0.000 0.000 0.000 0.000
ARG02A0237_002 0.000 0.000 0.000 0.000 0.000
ARG03A0237_003 0.000 0.000 0.000 0.000 0.000
ARG+1A0237_004 1.000 1.000 1.000 1.000 1.000
LEU01A0238_001 1.000 1.000 1.000 1.000 1.000
PRO01A0239_001 1.000 1.000 1.000 1.000 1.000
GLN01A0240_001 0.947 0.950 0.946 0.946 0.947
GLN01A0240_002 0.053 0.050 0.054 0.054 0.053
PRO01A0241_001 1.000 1.000 1.000 1.000 1.000
PRO01A0242_001 1.000 1.000 1.000 1.000 1.000
ILE01A0243_001 1.000 1.000 1.000 1.000 1.000
CYS01A0244_001 0.400 0.394 0.395 0.397 0.399
CYS01A0244_002 0.292 0.298 0.296 0.292 0.293
CYS01A0244_003 0.308 0.308 0.309 0.311 0.308
CYS-1A0244_004 0.000 0.000 0.000 0.000 0.000
THR01A0245_001 0.937 0.940 0.942 0.937 0.940
THR01A0245_002 0.063 0.060 0.058 0.063 0.060
ILE01A0246_001 1.000 1.000 1.000 1.000 1.000
ASP01A0247_001 0.000 0.000 0.000 0.000 0.000
ASP01A0247_002 0.000 0.000 0.000 0.000 0.000
ASP02A0247_003 0.000 0.000 0.000 0.000 0.000
ASP02A0247_004 0.000 0.000 0.000 0.000 0.000
ASP-1A0247_005 1.000 1.000 1.000 1.000 1.000
VAL01A0248_001 1.000 1.000 1.000 1.000 1.000
TYR01A0249_001 0.876 0.869 0.878 0.875 0.873
TYR01A0249_002 0.124 0.131 0.122 0.125 0.127
TYR-1A0249_003 0.000 0.000 0.000 0.000 0.000
MET01A0250_001 1.000 1.000 1.000 1.000 1.000
ILE01A0251_001 1.000 1.000 1.000 1.000 1.000
MET01A0252_001 1.000 1.000 1.000 1.000 1.000
VAL01A0253_001 1.000 1.000 1.000 1.000 1.000
LYS01A0254_001 0.000 0.000 0.000 0.000 0.000
LYS+1A0254_002 1.000 1.000 1.000 1.000 1.000
CYS01A0255_001 0.125 0.119 0.123 0.120 0.124
CYS01A0255_002 0.486 0.493 0.490 0.484 0.485
CYS01A0255_003 0.389 0.388 0.386 0.396 0.391
CYS-1A0255_004 0.000 0.000 0.000 0.000 0.000
TRP01A0256_001 1.000 1.000 1.000 1.000 1.000
MET01A0257_001 1.000 1.000 1.000 1.000 1.000
ILE01A0258_001 1.000 1.000 1.000 1.000 1.000
ASP01A0259_001 0.000 0.000 0.000 0.000 0.000
ASP01A0259_002 0.000 0.000 0.000 0.000 0.000
ASP02A0259_003 0.000 0.000 0.000 0.000 0.000
ASP02A0259_004 0.000 0.000 0.000 0.000 0.000
ASP-1A0259_005 1.000 1.000 1.000 1.000 0.999
ALA01A0260_001 1.000 1.000 1.000 1.000 1.000
ASP01A0261_001 0.000 0.000 0.000 0.000 0.000
ASP01A0261_002 0.000 0.000 0.000 0.000 0.000
ASP02A0261_003 0.000 0.000 0.000 0.000 0.000
ASP02A0261_004 0.000 0.000 0.000 0.000 0.000
ASP-1A0261_005 1.000 1.000 1.000 1.000 1.000
SER01A0262_001 0.908 0.907 0.908 0.913 0.907
SER01A0262_002 0.092 0.093 0.092 0.087 0.093
ARG01A0263_001 0.000 0.000 0.000 0.000 0.000
ARG02A0263_002 0.000 0.000 0.000 0.000 0.000
ARG02A0263_003 0.000 0.000 0.000 0.000 0.000
ARG03A0263_004 0.000 0.000 0.000 0.000 0.000
ARG03A0263_005 0.000 0.000 0.000 0.000 0.000
ARG+1A0263_006 1.000 1.000 1.000 1.000 1.000
PRO01A0264_001 1.000 1.000 1.000 1.000 1.000
LYS01A0265_001 0.003 0.000 0.002 0.003 0.000
LYS+1A0265_002 0.997 1.000 0.998 0.997 1.000
PHE01A0266_001 1.000 1.000 1.000 1.000 1.000
ARG01A0267_001 0.000 0.000 0.000 0.000 0.000
ARG02A0267_002 0.000 0.000 0.000 0.000 0.000
ARG02A0267_003 0.000 0.000 0.000 0.000 0.000
ARG03A0267_004 0.000 0.000 0.000 0.000 0.000
ARG03A0267_005 0.000 0.000 0.000 0.000 0.000
ARG+1A0267_006 1.000 1.000 1.000 1.000 1.000
GLU01A0268_001 0.000 0.000 0.000 0.000 0.000
GLU01A0268_002 0.000 0.000 0.000 0.000 0.000
GLU02A0268_003 0.000 0.000 0.000 0.000 0.000
GLU02A0268_004 0.000 0.000 0.000 0.000 0.000
GLU-1A0268_005 1.000 1.000 1.000 1.000 1.000
LEU01A0269_001 1.000 1.000 1.000 1.000 1.000
ILE01A0270_001 1.000 1.000 1.000 1.000 1.000
ILE01A0271_001 1.000 1.000 1.000 1.000 1.000
GLU01A0272_001 0.000 0.000 0.000 0.000 0.000
GLU01A0272_002 0.001 0.000 0.000 0.000 0.000
GLU02A0272_003 0.000 0.000 0.000 0.000 0.000
GLU02A0272_004 0.000 0.000 0.000 0.000 0.000
GLU-1A0272_005 0.999 1.000 1.000 1.000 1.000
PHE01A0273_001 1.000 1.000 1.000 1.000 1.000
SER01A0274_001 0.023 0.024 0.022 0.022 0.023
SER01A0274_002 0.092 0.092 0.096 0.092 0.094
SER01A0274_003 0.885 0.884 0.881 0.885 0.883
LYS01A0275_001 0.001 0.001 0.000 0.000 0.000
LYS+1A0275_002 0.999 0.999 1.000 1.000 1.000
MET01A0276_001 1.000 1.000 1.000 1.000 1.000
ALA01A0277_001 1.000 1.000 1.000 1.000 1.000
ARG01A0278_001 0.000 0.000 0.000 0.000 0.000
ARG02A0278_002 0.000 0.000 0.000 0.000 0.000
ARG03A0278_003 0.000 0.000 0.000 0.000 0.000
ARG+1A0278_004 1.000 1.000 1.000 1.000 1.000
ASP01A0279_001 0.000 0.000 0.000 0.000 0.000
ASP01A0279_002 0.000 0.000 0.000 0.000 0.000
ASP02A0279_003 0.000 0.000 0.000 0.000 0.000
ASP02A0279_004 0.000 0.002 0.000 0.000 0.002
ASP-1A0279_005 1.000 0.998 1.000 1.000 0.998
PRO01A0280_001 1.000 1.000 1.000 1.000 1.000
GLN01A0281_001 0.380 0.382 0.384 0.371 0.382
GLN01A0281_002 0.620 0.618 0.616 0.629 0.618
ARG01A0282_001 0.000 0.000 0.000 0.000 0.000
ARG02A0282_002 0.000 0.000 0.000 0.000 0.000
ARG03A0282_003 0.000 0.000 0.000 0.000 0.000
ARG+1A0282_004 1.000 1.000 1.000 1.000 1.000
TYR01A0283_001 0.512 0.517 0.516 0.518 0.514
TYR01A0283_002 0.488 0.483 0.484 0.482 0.486
TYR-1A0283_003 0.000 0.000 0.000 0.000 0.000
LEU01A0284_001 1.000 1.000 1.000 1.000 1.000
VAL01A0285_001 1.000 1.000 1.000 1.000 1.000
ILE01A0286_001 1.000 1.000 1.000 1.000 1.000
GLN01A0287_001 0.649 0.650 0.648 0.648 0.650
GLN01A0287_002 0.351 0.350 0.352 0.352 0.350
ASP01A0289_001 0.000 0.000 0.000 0.000 0.000
ASP01A0289_002 0.001 0.000 0.001 0.001 0.000
ASP02A0289_003 0.000 0.000 0.000 0.000 0.000
ASP02A0289_004 0.001 0.001 0.001 0.001 0.000
ASP-1A0289_005 0.999 0.999 0.998 0.998 1.000
GLU01A0290_001 0.000 0.000 0.000 0.000 0.000
GLU01A0290_002 0.000 0.000 0.000 0.000 0.000
GLU02A0290_003 0.000 0.000 0.000 0.000 0.000
GLU02A0290_004 0.000 0.000 0.000 0.000 0.000
GLU-1A0290_005 1.000 1.000 1.000 1.000 1.000
ARG01A0291_001 0.000 0.000 0.000 0.000 0.000
ARG02A0291_002 0.000 0.000 0.000 0.000 0.000
ARG03A0291_003 0.000 0.000 0.000 0.000 0.000
ARG+1A0291_004 1.000 1.000 1.000 1.000 1.000
MET01A0292_001 1.000 1.000 1.000 1.000 1.000
HIS01A0293_001 0.001 0.001 0.001 0.000 0.000
HIS01A0293_002 0.228 0.238 0.236 0.234 0.228
HIS02A0293_003 0.001 0.002 0.000 0.000 0.000
HIS02A0293_004 0.757 0.746 0.752 0.753 0.760
HIS+1A0293_005 0.000 0.000 0.000 0.000 0.000
HIS+1A0293_006 0.013 0.013 0.011 0.013 0.012
LEU01A0294_001 1.000 1.000 1.000 1.000 1.000
PRO01A0295_001 1.000 1.000 1.000 1.000 1.000
SER01A0296_001 1.000 1.000 1.000 1.000 1.000
PRO01A0297_001 1.000 1.000 1.000 1.000 1.000
THR01A0298_001 0.010 0.010 0.010 0.011 0.010
THR01A0298_002 0.990 0.990 0.990 0.989 0.990
ASP01A0299_001 0.000 0.000 0.000 0.000 0.000
ASP01A0299_002 0.000 0.000 0.000 0.000 0.000
ASP02A0299_003 0.000 0.000 0.000 0.000 0.000
ASP02A0299_004 0.000 0.000 0.002 0.000 0.000
ASP-1A0299_005 1.000 1.000 0.998 1.000 1.000
SER01A0300_001 0.018 0.017 0.019 0.019 0.018
SER01A0300_002 0.118 0.119 0.116 0.120 0.117
SER01A0300_003 0.865 0.864 0.865 0.861 0.866
ASN01A0301_001 0.916 0.915 0.920 0.919 0.918
ASN01A0301_002 0.084 0.085 0.080 0.081 0.082
PHE01A0302_001 1.000 1.000 1.000 1.000 1.000
TYR01A0303_001 1.000 1.000 1.000 1.000 1.000
TYR-1A0303_002 0.000 0.000 0.000 0.000 0.000
ARG01A0304_001 0.000 0.000 0.000 0.000 0.000
ARG02A0304_002 0.000 0.000 0.000 0.000 0.000
ARG03A0304_003 0.000 0.000 0.000 0.000 0.000
ARG+1A0304_004 1.000 1.000 1.000 1.000 1.000
ALA01A0305_001 1.000 1.000 1.000 1.000 1.000
LEU01A0306_001 1.000 1.000 1.000 1.000 1.000
MET01A0307_001 1.000 1.000 1.000 1.000 1.000
ASP01A0308_001 0.000 0.000 0.000 0.000 0.000
ASP01A0308_002 0.000 0.000 0.001 0.001 0.001
ASP02A0308_003 0.000 0.000 0.000 0.000 0.000
ASP02A0308_004 0.000 0.001 0.001 0.000 0.000
ASP-1A0308_005 1.000 0.999 0.998 0.999 0.999
GLU01A0309_001 0.000 0.000 0.000 0.000 0.000
GLU01A0309_002 0.000 0.000 0.000 0.000 0.000
GLU02A0309_003 0.000 0.000 0.000 0.000 0.000
GLU02A0309_004 0.000 0.000 0.000 0.000 0.000
GLU-1A0309_005 1.000 0.999 1.000 1.000 1.000
GLU01A0310_001 0.000 0.000 0.000 0.000 0.000
GLU01A0310_002 0.001 0.000 0.000 0.000 0.000
GLU02A0310_003 0.000 0.000 0.000 0.000 0.000
GLU02A0310_004 0.002 0.000 0.000 0.002 0.000
GLU-1A0310_005 0.998 1.000 1.000 0.998 1.000
ASP01A0311_001 0.000 0.000 0.000 0.000 0.000
ASP01A0311_002 0.001 0.000 0.000 0.000 0.000
ASP02A0311_003 0.000 0.000 0.000 0.000 0.000
ASP02A0311_004 0.000 0.000 0.000 0.000 0.000
ASP-1A0311_005 0.999 1.000 1.000 1.000 1.000
MET01A0312_001 1.000 1.000 1.000 1.000 1.000
ASP01A0313_001 0.000 0.000 0.000 0.000 0.000
ASP01A0313_002 0.000 0.000 0.000 0.000 0.000
ASP02A0313_003 0.000 0.000 0.000 0.000 0.000
ASP02A0313_004 0.000 0.000 0.001 0.000 0.000
ASP-1A0313_005 1.000 1.000 0.999 1.000 1.000
ASP01A0314_001 0.000 0.000 0.000 0.000 0.000
ASP01A0314_002 0.000 0.001 0.001 0.000 0.000
ASP02A0314_003 0.000 0.000 0.000 0.000 0.000
ASP02A0314_004 0.001 0.001 0.000 0.000 0.000
ASP-1A0314_005 0.999 0.998 0.999 1.000 1.000
VAL01A0315_001 1.000 1.000 1.000 1.000 1.000
VAL01A0316_001 1.000 1.000 1.000 1.000 1.000
ASP01A0317_001 0.000 0.000 0.000 0.000 0.000
ASP01A0317_002 0.002 0.002 0.002 0.000 0.000
ASP02A0317_003 0.000 0.000 0.000 0.000 0.000
ASP02A0317_004 0.007 0.009 0.008 0.013 0.013
ASP-1A0317_005 0.991 0.989 0.990 0.987 0.987
ALA01A0318_001 1.000 1.000 1.000 1.000 1.000
ASP01A0319_001 0.000 0.000 0.000 0.000 0.000
ASP01A0319_002 0.002 0.002 0.001 0.000 0.001
ASP02A0319_003 0.000 0.000 0.000 0.000 0.000
ASP02A0319_004 0.002 0.003 0.002 0.004 0.002
ASP-1A0319_005 0.996 0.995 0.997 0.996 0.997
GLU01A0320_001 0.000 0.000 0.000 0.000 0.000
GLU01A0320_002 0.000 0.000 0.000 0.000 0.000
GLU02A0320_003 0.000 0.000 0.000 0.000 0.000
GLU02A0320_004 0.000 0.000 0.000 0.000 0.000
GLU-1A0320_005 1.000 1.000 1.000 1.000 1.000
TYR01A0321_001 0.400 0.394 0.395 0.388 0.402
TYR01A0321_002 0.597 0.603 0.602 0.609 0.595
TYR-1A0321_003 0.003 0.003 0.003 0.003 0.003
0WN+1B0001_001 0.156 0.151 0.149 0.153 0.153
0WN+1B0001_002 0.042 0.043 0.045 0.046 0.043
0WN01B0001_003 0.497 0.501 0.504 0.494 0.496
0WN01B0001_004 0.305 0.305 0.302 0.307 0.308
0WN+aB0001_005 0.000 0.000 0.000 0.000 0.000
0WN+aB0001_006 0.000 0.000 0.000 0.000 0.000
0WNDMB0001_007 0.000 0.000 0.000 0.000 0.000
