   Rotamer making statitics:
   Residue   Start  Clean   Swap Rotate   Self  Hbond Repack  Ioni.   TorH     OH  Elect
   GLYA0001      0      0      0      0      0      0      0      0      0      0      0
   GLUA0002      1      1      1      1      1      1      1      3      5      5      5
   ALAA0003      1      1      1      1      1      1      1      1      1      1      1
   PROA0004      1      1      1      1      1      1      1      1      1      1      1
   ASNA0005      1      1      2      2      2      2      2      2      2      2      2
   GLNA0006      1      1      2      2      2      2      2      2      2      2      2
   ALAA0007      1      1      1      1      1      1      1      1      1      1      1
   LEUA0008      1      1      1      1      1      1      1      1      1      1      1
   LEUA0009      1      1      1      1      1      1      1      1      1      1      1
   ARGA0010      1      1      1      1      1      1      1      4      4      4      4
   ILEA0011      1      1      1      1      1      1      1      1      1      1      1
   LEUA0012      1      1      1      1      1      1      1      1      1      1      1
   LYSA0013      1      1      1      1      1      1      1      2      2      2      2
   GLUA0014      1      1      1      1      1      1      1      3      5      5      5
   THRA0015      1      1      1      1      1      1      1      1      1      1      1
   GLUA0016      1      1      1      1      1      1      1      3      5      5      5
   PHEA0017      1      1      1      1      1      1      1      1      1      1      1
   LYSA0018      1      1      1      1      1      1      1      2      2      2      2
   LYSA0019      1      1      1      1      1      1      1      2      2      2      2
   ILEA0020      1      1      1      1      1      1      1      1      1      1      1
   LYSA0021      1      1      1      1      1      1      1      2      2      2      2
   VALA0022      1      1      1      1      1      1      1      1      1      1      1
   LEUA0023      1      1      1      1      1      1      1      1      1      1      1
   GLYA0024      0      0      0      0      0      0      0      0      0      0      0
   SERA0025      1      1      1      1      1      1      1      1      2      2      2
   GLYA0026      0      0      0      0      0      0      0      0      0      0      0
   ALAA0027      1      1      1      1      1      1      1      1      1      1      1
   PHEA0028      1      1      1      1      1      1      1      1      1      1      1
   GLYA0029      0      0      0      0      0      0      0      0      0      0      0
   THRA0030      1      1      1      1      1      1      1      1      2      2      2
   VALA0031      1      1      1      1      1      1      1      1      1      1      1
   TYRA0032      1      1      1      1      1      1      1      2      3      3      3
   LYSA0033      1      1      1      1      1      1      1      2      2      2      2
   GLYA0034      0      0      0      0      0      0      0      0      0      0      0
   LEUA0035      1      1      1      1      1      1      1      1      1      1      1
   TRPA0036      1      1      1      1      1      1      1      1      1      1      1
   ILEA0037      1      1      1      1      1      1      1      1      1      1      1
   PROA0038      1      1      1      1      1      1      1      1      1      1      1
   GLUA0039      1      1      1      1      1      1      1      3      5      5      5
   GLYA0040      0      0      0      0      0      0      0      0      0      0      0
   GLUA0041      1      1      1      1      1      1      1      3      5      5      5
   LYSA0042      1      1      1      1      1      1      1      2      2      2      2
   VALA0043      1      1      1      1      1      1      1      1      1      1      1
   LYSA0044      1      1      1      1      1      1      1      2      2      2      2
   ILEA0045      1      1      1      1      1      1      1      1      1      1      1
   PROA0046      1      1      1      1      1      1      1      1      1      1      1
   VALA0047      1      1      1      1      1      1      1      1      1      1      1
   ALAA0048      1      1      1      1      1      1      1      1      1      1      1
   ILEA0049      1      1      1      1      1      1      1      1      1      1      1
   LYSA0050      1      1      1      1      1      1      1      2      2      2      2
   GLUA0051      1      1      1      1      1      1      1      3      5      5      5
   LEUA0052      1      1      1      1      1      1      1      1      1      1      1
   ARGA0053      1      1      1      1      1      1      1      4      5      5      5
   GLUA0054      1      1      1      1      1      1      1      3      5      5      5
   ALAA0055      1      1      1      1      1      1      1      1      1      1      1
   THRA0056      1      1      1      1      1      1      1      1      3      3      3
   SERA0057      1      1      1      1      1      1      1      1      2      2      2
   PROA0058      1      1      1      1      1      1      1      1      1      1      1
   LYSA0059      1      1      1      1      1      1      1      2      2      2      2
   ALAA0060      1      1      1      1      1      1      1      1      1      1      1
   ASNA0061      1      1      2      2      2      2      2      2      2      2      2
   LYSA0062      1      1      1      1      1      1      1      2      2      2      2
   GLUA0063      1      1      1      1      1      1      1      3      5      5      5
   ILEA0064      1      1      1      1      1      1      1      1      1      1      1
   LEUA0065      1      1      1      1      1      1      1      1      1      1      1
   ASPA0066      1      1      1      1      1      1      1      3      5      5      5
   GLUA0067      1      1      1      1      1      1      1      3      5      5      5
   ALAA0068      1      1      1      1      1      1      1      1      1      1      1
   TYRA0069      1      1      1      1      1      1      1      2      2      2      2
   VALA0070      1      1      1      1      1      1      1      1      1      1      1
   META0071      1      1      1      1      1      1      1      1      1      1      1
   ALAA0072      1      1      1      1      1      1      1      1      1      1      1
   SERA0073      1      1      1      1      1      1      1      1      3      3      3
   VALA0074      1      1      1      1      1      1      1      1      1      1      1
   ASPA0075      1      1      1      1      1      1      1      3      5      5      5
   ASNA0076      1      1      2      2      2      2      2      2      2      2      2
   PROA0077      1      1      1      1      1      1      1      1      1      1      1
   HISA0078      1      1      2      2      2      2      2      6      6      6      6
   VALA0079      1      1      1      1      1      1      1      1      1      1      1
   CYSA0080      1      1      1      1      1      1      1      2      4      4      4
   ARGA0081      1      1      1      1      1      1      1      4      4      4      4
   LEUA0082      1      1      1      1      1      1      1      1      1      1      1
   LEUA0083      1      1      1      1      1      1      1      1      1      1      1
   GLYA0084      0      0      0      0      0      0      0      0      0      0      0
   ILEA0085      1      1      1      1      1      1      1      1      1      1      1
   CYSA0086      1      1      1      1      1      1      1      2      4      4      4
   LEUA0087      1      1      1      1      1      1      1      1      1      1      1
   THRA0088      1      1      1      1      1      1      1      1      3      3      2
   SERA0089      1      1      1      1      1      1      1      1      2      2      2
   THRA0090      1      1      1      1      1      1      1      1      2      2      2
   VALA0091      1      1      1      1      1      1      1      1      1      1      1
   GLNA0092      1      1      2      2      2      2      2      2      2      2      2
   LEUA0093      1      1      1      1      1      1      1      1      1      1      1
   ILEA0094      1      1      1      1      1      1      1      1      1      1      1
   THRA0095      1      1      1      1      1      1      1      1      2      2      2
   GLNA0096      1      1      2      2      2      2      2      2      2      2      2
   LEUA0097      1      1      1      1      1      1      1      1      1      1      1
   META0098      1      1      1      1      1      1      1      1      1      1      1
   PROA0099      1      1      1      1      1      1      1      1      1      1      1
   PHEA0100      1      1      1      1      1      1      1      1      1      1      1
   GLYA0101      0      0      0      0      0      0      0      0      0      0      0
   CYSA0102      1      1      1      1      1      1      1      2      4      4      4
   LEUA0103      1      1      1      1      1      1      1      1      1      1      1
   LEUA0104      1      1      1      1      1      1      1      1      1      1      1
   ASPA0105      1      1      1      1      1      1      1      3      5      5      5
   TYRA0106      1      1      1      1      1      1      1      2      3      3      3
   VALA0107      1      1      1      1      1      1      1      1      1      1      1
   ARGA0108      1      1      1      1      1      1      1      4      4      4      4
   GLUA0109      1      1      1      1      1      1      1      3      5      5      5
   HISA0110      1      1      2      2      2      2      2      6      6      6      6
   LYSA0111      1      1      1      1      1      1      1      2      2      2      2
   ASPA0112      1      1      1      1      1      1      1      3      5      5      5
   ASNA0113      1      1      2      2      2      2      2      2      2      2      2
   ILEA0114      1      1      1      1      1      1      1      1      1      1      1
   GLYA0115      0      0      0      0      0      0      0      0      0      0      0
   SERA0116      1      1      1      1      1      1      1      1      3      3      3
   GLNA0117      1      1      2      2      2      2      2      2      2      2      2
   TYRA0118      1      1      1      1      1      1      1      2      3      3      3
   LEUA0119      1      1      1      1      1      1      1      1      1      1      1
   LEUA0120      1      1      1      1      1      1      1      1      1      1      1
   ASNA0121      1      1      2      2      2      2      2      2      2      2      2
   TRPA0122      1      1      1      1      1      1      1      1      1      1      1
   CYSA0123      1      1      1      1      1      1      1      2      4      4      4
   VALA0124      1      1      1      1      1      1      1      1      1      1      1
   GLNA0125      1      1      2      2      2      2      1      1      1      1      1
   ILEA0126      1      1      1      1      1      1      1      1      1      1      1
   ALAA0127      1      1      1      1      1      1      1      1      1      1      1
   LYSA0128      1      1      1      1      1      1      1      2      2      2      2
   GLYA0129      0      0      0      0      0      0      0      0      0      0      0
   META0130      1      1      1      1      1      1      1      1      1      1      1
   ASNA0131      1      1      2      2      2      2      2      2      2      2      2
   TYRA0132      1      1      1      1      1      1      1      2      3      3      3
   LEUA0133      1      1      1      1      1      1      1      1      1      1      1
   GLUA0134      1      1      1      1      1      1      1      3      5      5      5
   ASPA0135      1      1      1      1      1      1      1      3      5      5      5
   ARGA0136      1      1      1      1      1      1      1      4      4      4      4
   ARGA0137      1      1      1      1      1      1      1      4      4      4      4
   LEUA0138      1      1      1      1      1      1      1      1      1      1      1
   VALA0139      1      1      1      1      1      1      1      1      1      1      1
   HISA0140      1      1      2      2      2      2      1      3      3      3      3
   ARGA0141      1      1      1      1      1      1      1      4      5      5      5
   ASPA0142      1      1      1      1      1      1      1      3      5      5      5
   LEUA0143      1      1      1      1      1      1      1      1      1      1      1
   ALAA0144      1      1      1      1      1      1      1      1      1      1      1
   ALAA0145      1      1      1      1      1      1      1      1      1      1      1
   ARGA0146      1      1      1      1      1      1      1      4      5      5      5
   ASNA0147      1      1      2      2      2      2      2      2      2      2      2
   VALA0148      1      1      1      1      1      1      1      1      1      1      1
   LEUA0149      1      1      1      1      1      1      1      1      1      1      1
   VALA0150      1      1      1      1      1      1      1      1      1      1      1
   LYSA0151      1      1      1      1      1      1      1      2      2      2      2
   THRA0152      1      1      1      1      1      1      1      1      3      3      3
   PROA0153      1      1      1      1      1      1      1      1      1      1      1
   GLNA0154      1      1      2      2      2      2      2      2      2      2      2
   HISA0155      1      1      2      2      1      1      1      3      3      3      3
   VALA0156      1      1      1      1      1      1      1      1      1      1      1
   LYSA0157      1      1      1      1      1      1      1      2      2      2      2
   ILEA0158      1      1      1      1      1      1      1      1      1      1      1
   THRA0159      1      1      1      1      1      1      1      1      2      2      2
   ASPA0160      1      1      1      1      1      1      1      3      5      5      5
   PHEA0161      1      1      1      1      1      1      1      1      1      1      1
   GLYA0162      0      0      0      0      0      0      0      0      0      0      0
   LEUA0163      1      1      1      1      1      1      1      1      1      1      1
   ALAA0164      1      1      1      1      1      1      1      1      1      1      1
   LYSA0165      1      1      1      1      1      1      1      2      2      2      2
   LEUA0166      1      1      1      1      1      1      1      1      1      1      1
   LEUA0167      1      1      1      1      1      1      1      1      1      1      1
   GLYA0168      0      0      0      0      0      0      0      0      0      0      0
   ALAA0169      1      1      1      1      1      1      1      1      1      1      1
   GLUA0170      1      1      1      1      1      1      1      3      5      5      5
   GLUA0171      1      1      1      1      1      1      1      3      5      5      5
   LYSA0172      1      1      1      1      1      1      1      2      2      2      2
   GLUA0173      1      1      1      1      1      1      1      3      5      5      5
   TYRA0174      1      1      1      1      1      1      1      2      3      3      3
   HISA0175      1      1      2      2      2      2      2      6      6      6      6
   ALAA0176      1      1      1      1      1      1      1      1      1      1      1
   GLUA0177      1      1      1      1      1      1      1      3      5      5      5
   GLYA0178      0      0      0      0      0      0      0      0      0      0      0
   GLYA0179      0      0      0      0      0      0      0      0      0      0      0
   LYSA0180      1      1      1      1      1      1      1      2      2      2      2
   VALA0181      1      1      1      1      1      1      1      1      1      1      1
   PROA0182      1      1      1      1      1      1      1      1      1      1      1
   ILEA0183      1      1      1      1      1      1      1      1      1      1      1
   LYSA0184      1      1      1      1      1      1      1      2      2      2      2
   TRPA0185      1      1      1      1      1      1      1      1      1      1      1
   META0186      1      1      1      1      1      1      1      1      1      1      1
   ALAA0187      1      1      1      1      1      1      1      1      1      1      1
   LEUA0188      1      1      1      1      1      1      1      1      1      1      1
   GLUA0189      1      1      1      1      1      1      1      3      5      5      5
   SERA0190      1      1      1      1      1      1      1      1      3      3      3
   ILEA0191      1      1      1      1      1      1      1      1      1      1      1
   LEUA0192      1      1      1      1      1      1      1      1      1      1      1
   HISA0193      1      1      2      2      2      2      2      6      6      6      6
   ARGA0194      1      1      1      1      1      1      1      4      4      4      4
   ILEA0195      1      1      1      1      1      1      1      1      1      1      1
   TYRA0196      1      1      1      1      1      1      1      2      3      3      3
   THRA0197      1      1      1      1      1      1      1      1      2      2      2
   HISA0198      1      1      2      2      2      2      2      6      6      6      6
   GLNA0199      1      1      2      2      2      2      2      2      2      2      2
   SERA0200      1      1      1      1      1      1      1      1      3      3      2
   ASPA0201      1      1      1      1      1      1      1      3      5      5      5
   VALA0202      1      1      1      1      1      1      1      1      1      1      1
   TRPA0203      1      1      1      1      1      1      1      1      1      1      1
   SERA0204      1      1      1      1      1      1      1      1      2      2      2
   TYRA0205      1      1      1      1      1      1      1      2      3      3      3
   GLYA0206      0      0      0      0      0      0      0      0      0      0      0
   VALA0207      1      1      1      1      1      1      1      1      1      1      1
   THRA0208      1      1      1      1      1      1      1      1      3      3      3
   VALA0209      1      1      1      1      1      1      1      1      1      1      1
   TRPA0210      1      1      1      1      1      1      1      1      1      1      1
   GLUA0211      1      1      1      1      1      1      1      3      5      5      5
   LEUA0212      1      1      1      1      1      1      1      1      1      1      1
   META0213      1      1      1      1      1      1      1      1      1      1      1
   THRA0214      1      1      1      1      1      1      1      1      2      2      2
   PHEA0215      1      1      1      1      1      1      1      1      1      1      1
   GLYA0216      0      0      0      0      0      0      0      0      0      0      0
   SERA0217      1      1      1      1      1      1      1      1      3      3      3
   LYSA0218      1      1      1      1      1      1      1      2      2      2      2
   PROA0219      1      1      1      1      1      1      1      1      1      1      1
   TYRA0220      1      1      1      1      1      1      1      2      3      3      3
   ASPA0221      1      1      1      1      1      1      1      3      5      5      5
   GLYA0222      0      0      0      0      0      0      0      0      0      0      0
   ILEA0223      1      1      1      1      1      1      1      1      1      1      1
   PROA0224      1      1      1      1      1      1      1      1      1      1      1
   ALAA0225      1      1      1      1      1      1      1      1      1      1      1
   SERA0226      1      1      1      1      1      1      1      1      2      2      1
   GLUA0227      1      1      1      1      1      1      1      3      5      5      5
   ILEA0228      1      1      1      1      1      1      1      1      1      1      1
   SERA0229      1      1      1      1      1      1      1      1      3      3      3
   SERA0230      1      1      1      1      1      1      1      1      2      2      2
   ILEA0231      1      1      1      1      1      1      1      1      1      1      1
   LEUA0232      1      1      1      1      1      1      1      1      1      1      1
   GLUA0233      1      1      1      1      1      1      1      3      5      5      5
   LYSA0234      1      1      1      1      1      1      1      2      2      2      2
   GLYA0235      0      0      0      0      0      0      0      0      0      0      0
   GLUA0236      1      1      1      1      1      1      1      3      5      5      5
   ARGA0237      1      1      1      1      1      1      1      4      4      4      4
   LEUA0238      1      1      1      1      1      1      1      1      1      1      1
   PROA0239      1      1      1      1      1      1      1      1      1      1      1
   GLNA0240      1      1      2      2      2      2      2      2      2      2      2
   PROA0241      1      1      1      1      1      1      1      1      1      1      1
   PROA0242      1      1      1      1      1      1      1      1      1      1      1
   ILEA0243      1      1      1      1      1      1      1      1      1      1      1
   CYSA0244      1      1      1      1      1      1      1      2      4      4      4
   THRA0245      1      1      1      1      1      1      1      1      2      2      2
   ILEA0246      1      1      1      1      1      1      1      1      1      1      1
   ASPA0247      1      1      1      1      1      1      1      3      5      5      5
   VALA0248      1      1      1      1      1      1      1      1      1      1      1
   TYRA0249      1      1      1      1      1      1      1      2      3      3      3
   META0250      1      1      1      1      1      1      1      1      1      1      1
   ILEA0251      1      1      1      1      1      1      1      1      1      1      1
   META0252      1      1      1      1      1      1      1      1      1      1      1
   VALA0253      1      1      1      1      1      1      1      1      1      1      1
   LYSA0254      1      1      1      1      1      1      1      2      2      2      2
   CYSA0255      1      1      1      1      1      1      1      2      4      4      4
   TRPA0256      1      1      1      1      1      1      1      1      1      1      1
   META0257      1      1      1      1      1      1      1      1      1      1      1
   ILEA0258      1      1      1      1      1      1      1      1      1      1      1
   ASPA0259      1      1      1      1      1      1      1      3      5      5      5
   ALAA0260      1      1      1      1      1      1      1      1      1      1      1
   ASPA0261      1      1      1      1      1      1      1      3      5      5      5
   SERA0262      1      1      1      1      1      1      1      1      2      2      2
   ARGA0263      1      1      1      1      1      1      1      4      6      6      6
   PROA0264      1      1      1      1      1      1      1      1      1      1      1
   LYSA0265      1      1      1      1      1      1      1      2      2      2      2
   PHEA0266      1      1      1      1      1      1      1      1      1      1      1
   ARGA0267      1      1      1      1      1      1      1      4      6      6      6
   GLUA0268      1      1      1      1      1      1      1      3      5      5      5
   LEUA0269      1      1      1      1      1      1      1      1      1      1      1
   ILEA0270      1      1      1      1      1      1      1      1      1      1      1
   ILEA0271      1      1      1      1      1      1      1      1      1      1      1
   GLUA0272      1      1      1      1      1      1      1      3      5      5      5
   PHEA0273      1      1      1      1      1      1      1      1      1      1      1
   SERA0274      1      1      1      1      1      1      1      1      3      3      3
   LYSA0275      1      1      1      1      1      1      1      2      2      2      2
   META0276      1      1      1      1      1      1      1      1      1      1      1
   ALAA0277      1      1      1      1      1      1      1      1      1      1      1
   ARGA0278      1      1      1      1      1      1      1      4      4      4      4
   ASPA0279      1      1      1      1      1      1      1      3      5      5      5
   PROA0280      1      1      1      1      1      1      1      1      1      1      1
   GLNA0281      1      1      2      2      2      2      2      2      2      2      2
   ARGA0282      1      1      1      1      1      1      1      4      4      4      4
   TYRA0283      1      1      1      1      1      1      1      2      3      3      3
   LEUA0284      1      1      1      1      1      1      1      1      1      1      1
   VALA0285      1      1      1      1      1      1      1      1      1      1      1
   ILEA0286      1      1      1      1      1      1      1      1      1      1      1
   GLNA0287      1      1      2      2      2      2      2      2      2      2      2
   GLYA0288      0      0      0      0      0      0      0      0      0      0      0
   ASPA0289      1      1      1      1      1      1      1      3      5      5      5
   GLUA0290      1      1      1      1      1      1      1      3      5      5      5
   ARGA0291      1      1      1      1      1      1      1      4      4      4      4
   META0292      1      1      1      1      1      1      1      1      1      1      1
   HISA0293      1      1      2      2      2      2      2      6      6      6      6
   LEUA0294      1      1      1      1      1      1      1      1      1      1      1
   PROA0295      1      1      1      1      1      1      1      1      1      1      1
   SERA0296      1      1      1      1      1      1      1      1      1      1      1
   PROA0297      1      1      1      1      1      1      1      1      1      1      1
   THRA0298      1      1      1      1      1      1      1      1      3      3      2
   ASPA0299      1      1      1      1      1      1      1      3      5      5      5
   SERA0300      1      1      1      1      1      1      1      1      3      3      3
   ASNA0301      1      1      2      2      2      2      2      2      2      2      2
   PHEA0302      1      1      1      1      1      1      1      1      1      1      1
   TYRA0303      1      1      1      1      1      1      1      2      2      2      2
   ARGA0304      1      1      1      1      1      1      1      4      4      4      4
   ALAA0305      1      1      1      1      1      1      1      1      1      1      1
   LEUA0306      1      1      1      1      1      1      1      1      1      1      1
   META0307      1      1      1      1      1      1      1      1      1      1      1
   ASPA0308      1      1      1      1      1      1      1      3      5      5      5
   GLUA0309      1      1      1      1      1      1      1      3      5      5      5
   GLUA0310      1      1      1      1      1      1      1      3      5      5      5
   ASPA0311      1      1      1      1      1      1      1      3      5      5      5
   META0312      1      1      1      1      1      1      1      1      1      1      1
   ASPA0313      1      1      1      1      1      1      1      3      5      5      5
   ASPA0314      1      1      1      1      1      1      1      3      5      5      5
   VALA0315      1      1      1      1      1      1      1      1      1      1      1
   VALA0316      1      1      1      1      1      1      1      1      1      1      1
   ASPA0317      1      1      1      1      1      1      1      3      5      5      5
   ALAA0318      1      1      1      1      1      1      1      1      1      1      1
   ASPA0319      1      1      1      1      1      1      1      3      5      5      5
   GLUA0320      1      1      1      1      1      1      1      3      5      5      5
   TYRA0321      1      1      1      1      1      1      1      2      3      3      3
   0WNB0001      1      1      1      1      1      1      2      5      7      7      7
   0WMB0002      0      0      0      0      0      0      0      0      0      0      0
   0WMB0003      0      0      0      0      0      0      0      0      0      0      0
   Total       303    303    329    329    328    328    327    542    708    708    704
