 ph              7.4   7.4   7.4   7.4   7.4
ASP01A0001_001 0.000 0.000 0.000 0.000 0.000
ASP01A0001_002 0.000 0.000 0.000 0.000 0.000
ASP02A0001_003 0.000 0.000 0.000 0.000 0.000
ASP02A0001_004 0.004 0.003 0.003 0.003 0.003
ASP-1A0001_005 0.996 0.996 0.996 0.997 0.997
PRO01A0002_001 1.000 1.000 1.000 1.000 1.000
ASP01A0003_001 0.000 0.000 0.000 0.000 0.000
ASP01A0003_002 0.000 0.000 0.000 0.000 0.000
ASP02A0003_003 0.000 0.000 0.000 0.000 0.000
ASP02A0003_004 0.000 0.000 0.000 0.000 0.000
ASP-1A0003_005 1.000 1.000 1.000 0.999 1.000
GLU01A0004_001 0.000 0.000 0.000 0.000 0.000
GLU01A0004_002 0.002 0.001 0.000 0.001 0.002
GLU02A0004_003 0.000 0.000 0.000 0.000 0.000
GLU02A0004_004 0.009 0.008 0.012 0.009 0.009
GLU-1A0004_005 0.990 0.990 0.988 0.990 0.990
LEU01A0005_001 1.000 1.000 1.000 1.000 1.000
PRO01A0006_001 1.000 1.000 1.000 1.000 1.000
LEU01A0007_001 1.000 1.000 1.000 1.000 1.000
ASP01A0008_001 0.000 0.000 0.000 0.000 0.000
ASP01A0008_002 0.000 0.000 0.000 0.000 0.000
ASP02A0008_003 0.000 0.000 0.000 0.000 0.000
ASP02A0008_004 0.021 0.020 0.020 0.020 0.020
ASP-1A0008_005 0.979 0.980 0.980 0.979 0.980
GLU01A0009_001 0.000 0.000 0.000 0.000 0.000
GLU01A0009_002 0.003 0.003 0.003 0.003 0.003
GLU02A0009_003 0.000 0.000 0.000 0.000 0.000
GLU02A0009_004 0.003 0.003 0.003 0.003 0.003
GLU-1A0009_005 0.994 0.994 0.994 0.994 0.994
HIS01A0010_001 0.439 0.439 0.438 0.438 0.439
HIS02A0010_002 0.440 0.440 0.441 0.439 0.440
HIS+1A0010_003 0.121 0.121 0.121 0.122 0.121
CYS01A0011_001 0.085 0.085 0.084 0.085 0.085
CYS01A0011_002 0.000 0.000 0.000 0.000 0.000
CYS01A0011_003 0.915 0.915 0.916 0.915 0.915
CYS-1A0011_004 0.000 0.000 0.000 0.000 0.000
GLU01A0012_001 0.000 0.000 0.000 0.000 0.000
GLU01A0012_002 0.000 0.000 0.000 0.000 0.000
GLU02A0012_003 0.000 0.000 0.000 0.000 0.000
GLU02A0012_004 0.000 0.000 0.000 0.000 0.000
GLU-1A0012_005 1.000 1.000 1.000 1.000 1.000
ARG01A0013_001 0.000 0.000 0.000 0.000 0.000
ARG02A0013_002 0.000 0.000 0.000 0.000 0.000
ARG03A0013_003 0.000 0.000 0.000 0.000 0.000
ARG+1A0013_004 1.000 1.000 1.000 1.000 1.000
LEU01A0014_001 1.000 1.000 1.000 1.000 1.000
PRO01A0015_001 1.000 1.000 1.000 1.000 1.000
TYR01A0016_001 0.000 0.000 0.000 0.000 0.000
TYR01A0016_002 1.000 1.000 1.000 1.000 1.000
TYR-1A0016_003 0.000 0.000 0.000 0.000 0.000
ASP01A0017_001 0.000 0.000 0.000 0.000 0.000
ASP01A0017_002 0.000 0.000 0.000 0.000 0.000
ASP02A0017_003 0.000 0.000 0.000 0.000 0.000
ASP02A0017_004 0.000 0.000 0.000 0.000 0.000
ASP-1A0017_005 1.000 1.000 1.000 1.000 1.000
ALA01A0018_001 1.000 1.000 1.000 1.000 1.000
SER01A0019_001 0.977 0.977 0.977 0.977 0.977
SER01A0019_002 0.023 0.023 0.023 0.023 0.023
LYS01A0020_001 0.000 0.000 0.000 0.000 0.000
LYS+1A0020_002 1.000 1.000 1.000 1.000 1.000
TRP01A0021_001 1.000 1.000 1.000 1.000 1.000
GLU01A0022_001 0.000 0.000 0.000 0.000 0.000
GLU01A0022_002 0.000 0.000 0.000 0.000 0.000
GLU02A0022_003 0.000 0.000 0.000 0.000 0.000
GLU02A0022_004 0.000 0.000 0.000 0.000 0.000
GLU-1A0022_005 1.000 1.000 1.000 1.000 1.000
PHE01A0023_001 1.000 1.000 1.000 1.000 1.000
PRO01A0024_001 1.000 1.000 1.000 1.000 1.000
ARG01A0025_001 0.000 0.000 0.000 0.000 0.000
ARG02A0025_002 0.000 0.000 0.000 0.000 0.000
ARG03A0025_003 0.000 0.000 0.000 0.000 0.000
ARG03A0025_004 0.000 0.000 0.000 0.000 0.000
ARG+1A0025_005 1.000 1.000 1.000 1.000 1.000
ASP01A0026_001 0.000 0.000 0.000 0.000 0.000
ASP01A0026_002 0.000 0.000 0.000 0.000 0.000
ASP02A0026_003 0.000 0.000 0.000 0.000 0.000
ASP02A0026_004 0.000 0.000 0.000 0.000 0.000
ASP-1A0026_005 1.000 1.000 1.000 1.000 1.000
ARG01A0027_001 0.000 0.000 0.000 0.000 0.000
ARG02A0027_002 0.000 0.000 0.000 0.000 0.000
ARG03A0027_003 0.000 0.000 0.000 0.000 0.000
ARG+1A0027_004 1.000 1.000 1.000 1.000 1.000
LEU01A0028_001 1.000 1.000 1.000 1.000 1.000
LYS01A0029_001 0.001 0.001 0.001 0.001 0.000
LYS+1A0029_002 0.999 0.999 0.999 0.999 1.000
LEU01A0030_001 1.000 1.000 1.000 1.000 1.000
LYS01A0032_001 0.000 0.000 0.000 0.000 0.000
LYS+1A0032_002 1.000 1.000 1.000 1.000 1.000
PRO01A0033_001 1.000 1.000 1.000 1.000 1.000
LEU01A0034_001 1.000 1.000 1.000 1.000 1.000
ARG01A0036_001 0.000 0.000 0.000 0.000 0.000
ARG02A0036_002 0.000 0.000 0.000 0.000 0.000
ARG03A0036_003 0.000 0.000 0.000 0.000 0.000
ARG+1A0036_004 1.000 1.000 1.000 1.000 1.000
ALA01A0038_001 1.000 1.000 1.000 1.000 1.000
PHE01A0039_001 1.000 1.000 1.000 1.000 1.000
GLN01A0041_001 1.000 1.000 1.000 1.000 1.000
GLN01A0041_002 0.000 0.000 0.000 0.000 0.000
VAL01A0042_001 1.000 1.000 1.000 1.000 1.000
ILE01A0043_001 1.000 1.000 1.000 1.000 1.000
GLU01A0044_001 0.000 0.000 0.000 0.000 0.000
GLU01A0044_002 0.000 0.000 0.000 0.000 0.000
GLU02A0044_003 0.000 0.000 0.000 0.000 0.000
GLU02A0044_004 0.002 0.000 0.002 0.000 0.000
GLU-1A0044_005 0.998 1.000 0.998 1.000 1.000
ALA01A0045_001 1.000 1.000 1.000 1.000 1.000
ASP01A0046_001 0.000 0.000 0.000 0.000 0.000
ASP01A0046_002 0.004 0.004 0.004 0.004 0.004
ASP02A0046_003 0.000 0.000 0.000 0.000 0.000
ASP02A0046_004 0.000 0.000 0.000 0.000 0.000
ASP-1A0046_005 0.996 0.996 0.996 0.996 0.996
ALA01A0047_001 1.000 1.000 1.000 1.000 1.000
PHE01A0048_001 1.000 1.000 1.000 1.000 1.000
ILE01A0050_001 1.000 1.000 1.000 1.000 1.000
ASP01A0051_001 0.000 0.000 0.000 0.000 0.000
ASP01A0051_002 0.000 0.000 0.000 0.000 0.000
ASP02A0051_003 0.000 0.000 0.000 0.000 0.000
ASP02A0051_004 0.000 0.000 0.000 0.000 0.000
ASP-1A0051_005 1.000 1.000 1.000 1.000 1.000
LYS01A0052_001 0.000 0.000 0.000 0.000 0.000
LYS+1A0052_002 1.000 1.000 1.000 1.000 1.000
THR01A0053_001 1.000 1.000 1.000 1.000 1.000
ALA01A0054_001 1.000 1.000 1.000 1.000 1.000
THR01A0055_001 1.000 1.000 1.000 1.000 1.000
CYS01A0056_001 0.293 0.293 0.294 0.294 0.292
CYS01A0056_002 0.276 0.277 0.277 0.277 0.276
CYS01A0056_003 0.429 0.430 0.429 0.429 0.431
CYS-1A0056_004 0.001 0.000 0.000 0.000 0.001
ARG01A0057_001 0.000 0.000 0.000 0.000 0.000
ARG02A0057_002 0.000 0.000 0.000 0.000 0.000
ARG03A0057_003 0.000 0.000 0.000 0.000 0.000
ARG03A0057_004 0.000 0.000 0.000 0.000 0.000
ARG+1A0057_005 1.000 1.000 1.000 1.000 1.000
THR01A0058_001 0.444 0.444 0.445 0.445 0.446
THR01A0058_002 0.556 0.556 0.555 0.555 0.554
VAL01A0059_001 1.000 1.000 1.000 1.000 1.000
ALA01A0060_001 1.000 1.000 1.000 1.000 1.000
VAL01A0061_001 1.000 1.000 1.000 1.000 1.000
LYS01A0062_001 0.000 0.000 0.000 0.000 0.000
LYS+1A0062_002 1.000 1.000 1.000 1.000 1.000
MET01A0063_001 1.000 1.000 1.000 1.000 1.000
LEU01A0064_001 1.000 1.000 1.000 1.000 1.000
LYS01A0065_001 0.000 0.000 0.000 0.000 0.000
LYS+1A0065_002 1.000 1.000 1.000 1.000 1.000
GLU01A0066_001 0.000 0.000 0.000 0.000 0.000
GLU01A0066_002 0.000 0.000 0.000 0.000 0.000
GLU02A0066_003 0.000 0.000 0.000 0.000 0.000
GLU02A0066_004 0.000 0.000 0.000 0.000 0.000
GLU-1A0066_005 1.000 1.000 1.000 1.000 1.000
ALA01A0068_001 1.000 1.000 1.000 1.000 1.000
THR01A0069_001 1.000 1.000 1.000 1.000 1.000
THR01A0069_002 0.000 0.000 0.000 0.000 0.000
HIS01A0070_001 0.127 0.126 0.126 0.125 0.126
HIS01A0070_002 0.268 0.270 0.269 0.269 0.268
HIS02A0070_003 0.196 0.195 0.195 0.195 0.196
HIS02A0070_004 0.256 0.258 0.258 0.258 0.257
HIS+1A0070_005 0.058 0.058 0.058 0.058 0.058
HIS+1A0070_006 0.096 0.093 0.094 0.095 0.095
SER01A0071_001 0.067 0.067 0.067 0.066 0.067
SER01A0071_002 0.100 0.100 0.100 0.099 0.100
SER01A0071_003 0.833 0.834 0.834 0.835 0.833
GLU01A0072_001 0.000 0.000 0.000 0.000 0.000
GLU01A0072_002 0.000 0.000 0.000 0.000 0.000
GLU02A0072_003 0.000 0.000 0.000 0.000 0.000
GLU02A0072_004 0.000 0.000 0.000 0.000 0.000
GLU-1A0072_005 1.000 1.000 1.000 1.000 1.000
HIS01A0073_001 0.176 0.176 0.175 0.176 0.176
HIS01A0073_002 0.183 0.183 0.182 0.182 0.183
HIS02A0073_003 0.315 0.314 0.315 0.315 0.313
HIS02A0073_004 0.278 0.277 0.279 0.279 0.279
HIS+1A0073_005 0.017 0.017 0.017 0.017 0.017
HIS+1A0073_006 0.032 0.032 0.032 0.032 0.032
ARG01A0074_001 0.000 0.000 0.000 0.000 0.000
ARG02A0074_002 0.000 0.000 0.000 0.000 0.000
ARG03A0074_003 0.000 0.000 0.000 0.000 0.000
ARG+1A0074_004 1.000 1.000 1.000 1.000 1.000
ALA01A0075_001 1.000 1.000 1.000 1.000 1.000
LEU01A0076_001 1.000 1.000 1.000 1.000 1.000
MET01A0077_001 1.000 1.000 1.000 1.000 1.000
SER01A0078_001 1.000 1.000 1.000 1.000 1.000
GLU01A0079_001 0.000 0.000 0.000 0.000 0.000
GLU01A0079_002 0.000 0.000 0.000 0.000 0.000
GLU02A0079_003 0.000 0.000 0.000 0.000 0.000
GLU02A0079_004 0.000 0.000 0.000 0.000 0.000
GLU-1A0079_005 1.000 1.000 1.000 1.000 1.000
LEU01A0080_001 1.000 1.000 1.000 1.000 1.000
LYS01A0081_001 0.002 0.002 0.002 0.002 0.002
LYS+1A0081_002 0.998 0.998 0.998 0.998 0.998
ILE01A0082_001 1.000 1.000 1.000 1.000 1.000
LEU01A0083_001 1.000 1.000 1.000 1.000 1.000
ILE01A0084_001 1.000 1.000 1.000 1.000 1.000
HIS01A0085_001 0.940 0.938 0.937 0.939 0.940
HIS02A0085_002 0.047 0.049 0.049 0.048 0.048
HIS+1A0085_003 0.013 0.013 0.013 0.013 0.013
ILE01A0086_001 1.000 1.000 1.000 1.000 1.000
HIS01A0088_001 0.078 0.078 0.078 0.078 0.078
HIS01A0088_002 0.201 0.201 0.200 0.200 0.201
HIS02A0088_003 0.224 0.223 0.224 0.222 0.222
HIS02A0088_004 0.257 0.257 0.258 0.258 0.258
HIS+1A0088_005 0.098 0.098 0.097 0.099 0.098
HIS+1A0088_006 0.142 0.143 0.142 0.143 0.143
HIS01A0089_001 1.000 1.000 1.000 1.000 1.000
HIS02A0089_002 0.000 0.000 0.000 0.000 0.000
HIS+1A0089_003 0.000 0.000 0.000 0.000 0.000
LEU01A0090_001 1.000 1.000 1.000 1.000 1.000
ASN01A0091_001 1.000 1.000 1.000 1.000 1.000
ASN01A0091_002 0.000 0.000 0.000 0.000 0.000
VAL01A0092_001 1.000 1.000 1.000 1.000 1.000
VAL01A0093_001 1.000 1.000 1.000 1.000 1.000
ASN01A0094_001 0.348 0.348 0.347 0.348 0.348
ASN01A0094_002 0.652 0.652 0.653 0.652 0.652
LEU01A0095_001 1.000 1.000 1.000 1.000 1.000
LEU01A0096_001 1.000 1.000 1.000 1.000 1.000
ALA01A0098_001 1.000 1.000 1.000 1.000 1.000
CYS01A0099_001 0.822 0.823 0.823 0.822 0.821
CYS01A0099_002 0.089 0.088 0.088 0.089 0.089
CYS01A0099_003 0.089 0.089 0.089 0.089 0.090
CYS-1A0099_004 0.000 0.000 0.000 0.000 0.000
THR01A0100_001 0.993 0.993 0.994 0.993 0.993
THR01A0100_002 0.000 0.000 0.000 0.000 0.000
THR01A0100_003 0.007 0.007 0.006 0.007 0.007
LYS01A0101_001 0.013 0.013 0.013 0.013 0.013
LYS+1A0101_002 0.987 0.987 0.987 0.987 0.987
PRO01A0102_001 1.000 1.000 1.000 1.000 1.000
PRO01A0105_001 1.000 1.000 1.000 1.000 1.000
LEU01A0106_001 1.000 1.000 1.000 1.000 1.000
MET01A0107_001 1.000 1.000 1.000 1.000 1.000
VAL01A0108_001 1.000 1.000 1.000 1.000 1.000
ILE01A0109_001 1.000 1.000 1.000 1.000 1.000
VAL01A0110_001 1.000 1.000 1.000 1.000 1.000
GLU01A0111_001 0.000 0.000 0.000 0.000 0.000
GLU01A0111_002 0.000 0.000 0.000 0.000 0.000
GLU02A0111_003 0.000 0.000 0.000 0.000 0.000
GLU02A0111_004 0.000 0.000 0.000 0.000 0.000
GLU-1A0111_005 1.000 1.000 1.000 1.000 1.000
PHE01A0112_001 1.000 1.000 1.000 1.000 1.000
CYS01A0113_001 0.260 0.260 0.258 0.259 0.259
CYS01A0113_002 0.511 0.511 0.512 0.511 0.510
CYS01A0113_003 0.229 0.229 0.230 0.230 0.231
CYS-1A0113_004 0.000 0.000 0.000 0.000 0.000
LYS01A0114_001 0.000 0.000 0.001 0.001 0.000
LYS+1A0114_002 1.000 1.000 0.999 0.999 1.000
PHE01A0115_001 1.000 1.000 1.000 1.000 1.000
ASN01A0117_001 0.999 0.999 0.998 1.000 0.998
ASN01A0117_002 0.001 0.001 0.002 0.000 0.002
LEU01A0118_001 1.000 1.000 1.000 1.000 1.000
SER01A0119_001 0.002 0.002 0.002 0.002 0.002
SER01A0119_002 0.998 0.998 0.998 0.998 0.998
THR01A0120_001 0.412 0.412 0.412 0.411 0.411
THR01A0120_002 0.120 0.121 0.121 0.122 0.121
THR01A0120_003 0.468 0.467 0.467 0.467 0.468
TYR01A0121_001 0.556 0.556 0.557 0.557 0.559
TYR01A0121_002 0.444 0.444 0.443 0.443 0.441
TYR-1A0121_003 0.000 0.000 0.000 0.000 0.000
LEU01A0122_001 1.000 1.000 1.000 1.000 1.000
ARG01A0123_001 0.000 0.000 0.000 0.000 0.000
ARG02A0123_002 0.000 0.000 0.000 0.000 0.000
ARG02A0123_003 0.000 0.000 0.000 0.000 0.000
ARG03A0123_004 0.000 0.000 0.000 0.000 0.000
ARG+1A0123_005 1.000 1.000 1.000 1.000 1.000
SER01A0124_001 0.983 0.983 0.983 0.983 0.983
SER01A0124_002 0.017 0.017 0.017 0.017 0.017
LYS01A0125_001 0.000 0.000 0.000 0.000 0.000
LYS+1A0125_002 1.000 1.000 1.000 1.000 1.000
ARG01A0126_001 0.000 0.000 0.000 0.000 0.000
ARG02A0126_002 0.000 0.000 0.000 0.000 0.000
ARG03A0126_003 0.000 0.000 0.000 0.000 0.000
ARG+1A0126_004 1.000 1.000 1.000 1.000 1.000
ASN01A0127_001 0.610 0.613 0.612 0.612 0.612
ASN01A0127_002 0.390 0.387 0.388 0.388 0.388
GLU01A0128_001 0.000 0.000 0.000 0.000 0.000
GLU01A0128_002 0.000 0.000 0.000 0.000 0.000
GLU02A0128_003 0.000 0.000 0.000 0.000 0.000
GLU02A0128_004 0.000 0.000 0.000 0.000 0.000
GLU-1A0128_005 1.000 1.000 1.000 1.000 1.000
PHE01A0129_001 1.000 1.000 1.000 1.000 1.000
VAL01A0130_001 1.000 1.000 1.000 1.000 1.000
PRO01A0131_001 1.000 1.000 1.000 1.000 1.000
TYR01A0132_001 1.000 1.000 1.000 1.000 1.000
TYR-1A0132_002 0.000 0.000 0.000 0.000 0.000
TYR01A0133_001 0.507 0.508 0.509 0.507 0.509
TYR01A0133_002 0.489 0.488 0.488 0.489 0.488
TYR-1A0133_003 0.003 0.003 0.003 0.004 0.003
LYS01A0134_001 0.000 0.000 0.000 0.000 0.000
LYS+1A0134_002 1.000 1.000 1.000 1.000 1.000
ASP01A0135_001 0.000 0.000 0.000 0.000 0.000
ASP01A0135_002 0.000 0.000 0.000 0.000 0.000
ASP02A0135_003 0.000 0.000 0.000 0.000 0.000
ASP02A0135_004 0.000 0.000 0.000 0.000 0.000
ASP-1A0135_005 1.000 1.000 1.000 1.000 1.000
PHE01A0136_001 1.000 1.000 1.000 1.000 1.000
LEU01A0137_001 1.000 1.000 1.000 1.000 1.000
THR01A0138_001 0.648 0.647 0.647 0.647 0.646
THR01A0138_002 0.352 0.353 0.353 0.353 0.354
LEU01A0139_001 1.000 1.000 1.000 1.000 1.000
GLU01A0140_001 0.000 0.000 0.000 0.000 0.000
GLU01A0140_002 0.000 0.000 0.000 0.000 0.000
GLU02A0140_003 0.000 0.000 0.000 0.000 0.000
GLU02A0140_004 0.000 0.000 0.000 0.000 0.000
GLU-1A0140_005 1.000 1.000 1.000 1.000 1.000
HIS01A0141_001 0.863 0.862 0.862 0.863 0.863
HIS02A0141_002 0.137 0.138 0.137 0.136 0.137
HIS+1A0141_003 0.000 0.000 0.000 0.000 0.000
LEU01A0142_001 1.000 1.000 1.000 1.000 1.000
ILE01A0143_001 1.000 1.000 1.000 1.000 1.000
CYS01A0144_001 0.013 0.012 0.012 0.013 0.012
CYS01A0144_002 0.414 0.415 0.415 0.413 0.416
CYS01A0144_003 0.567 0.566 0.566 0.568 0.566
CYS-1A0144_004 0.006 0.006 0.006 0.006 0.006
TYR01A0145_001 0.988 0.988 0.988 0.989 0.989
TYR01A0145_002 0.012 0.012 0.012 0.011 0.011
TYR-1A0145_003 0.000 0.000 0.000 0.000 0.000
SER01A0146_001 0.040 0.040 0.040 0.039 0.040
SER01A0146_002 0.846 0.847 0.847 0.848 0.847
SER01A0146_003 0.114 0.113 0.113 0.112 0.113
PHE01A0147_001 1.000 1.000 1.000 1.000 1.000
GLN01A0148_001 1.000 1.000 1.000 1.000 1.000
GLN01A0148_002 0.000 0.000 0.000 0.000 0.000
VAL01A0149_001 1.000 1.000 1.000 1.000 1.000
ALA01A0150_001 1.000 1.000 1.000 1.000 1.000
LYS01A0151_001 0.000 0.000 0.000 0.000 0.000
LYS+1A0151_002 1.000 1.000 1.000 1.000 1.000
MET01A0153_001 1.000 1.000 1.000 1.000 1.000
GLU01A0154_001 0.000 0.000 0.000 0.000 0.000
GLU01A0154_002 0.002 0.002 0.002 0.002 0.002
GLU02A0154_003 0.000 0.000 0.000 0.000 0.000
GLU02A0154_004 0.000 0.000 0.000 0.000 0.000
GLU-1A0154_005 0.998 0.998 0.998 0.998 0.998
PHE01A0155_001 1.000 1.000 1.000 1.000 1.000
LEU01A0156_001 1.000 1.000 1.000 1.000 1.000
ALA01A0157_001 1.000 1.000 1.000 1.000 1.000
SER01A0158_001 0.542 0.545 0.544 0.543 0.543
SER01A0158_002 0.019 0.019 0.020 0.019 0.019
SER01A0158_003 0.438 0.436 0.436 0.438 0.438
ARG01A0159_001 0.000 0.000 0.000 0.000 0.000
ARG02A0159_002 0.000 0.000 0.000 0.000 0.000
ARG03A0159_003 0.000 0.000 0.000 0.000 0.000
ARG+1A0159_004 1.000 1.000 1.000 1.000 1.000
LYS01A0160_001 0.000 0.000 0.000 0.000 0.000
LYS+1A0160_002 1.000 1.000 1.000 1.000 1.000
CYS01A0161_001 0.495 0.492 0.492 0.495 0.494
CYS01A0161_002 0.378 0.380 0.380 0.378 0.378
CYS01A0161_003 0.127 0.128 0.128 0.127 0.127
CYS-1A0161_004 0.000 0.000 0.000 0.000 0.000
ILE01A0162_001 1.000 1.000 1.000 1.000 1.000
HIS01A0163_001 1.000 1.000 1.000 1.000 1.000
HIS02A0163_002 0.000 0.000 0.000 0.000 0.000
HIS+1A0163_003 0.000 0.000 0.000 0.000 0.000
ARG01A0164_001 0.000 0.000 0.000 0.000 0.000
ARG02A0164_002 0.000 0.000 0.000 0.000 0.000
ARG02A0164_003 0.000 0.000 0.000 0.000 0.000
ARG03A0164_004 0.000 0.000 0.000 0.000 0.000
ARG03A0164_005 0.000 0.000 0.000 0.000 0.000
ARG+1A0164_006 1.000 1.000 1.000 1.000 1.000
ASP01A0165_001 0.000 0.000 0.000 0.000 0.000
ASP01A0165_002 0.000 0.000 0.000 0.000 0.000
ASP02A0165_003 0.000 0.000 0.000 0.000 0.000
ASP02A0165_004 0.000 0.000 0.000 0.000 0.000
ASP-1A0165_005 1.000 1.000 1.000 1.000 1.000
LEU01A0166_001 1.000 1.000 1.000 1.000 1.000
ALA01A0167_001 1.000 1.000 1.000 1.000 1.000
ALA01A0168_001 1.000 1.000 1.000 1.000 1.000
ARG01A0169_001 0.000 0.000 0.000 0.000 0.000
ARG02A0169_002 0.000 0.000 0.000 0.000 0.000
ARG02A0169_003 0.000 0.000 0.000 0.000 0.000
ARG03A0169_004 0.000 0.000 0.000 0.000 0.000
ARG03A0169_005 0.000 0.000 0.000 0.000 0.000
ARG+1A0169_006 1.000 1.000 1.000 1.000 1.000
ASN01A0170_001 1.000 1.000 1.000 1.000 1.000
ASN01A0170_002 0.000 0.000 0.000 0.000 0.000
ILE01A0171_001 1.000 1.000 1.000 1.000 1.000
LEU01A0172_001 1.000 1.000 1.000 1.000 1.000
LEU01A0173_001 1.000 1.000 1.000 1.000 1.000
SER01A0174_001 0.181 0.181 0.181 0.181 0.180
SER01A0174_002 0.124 0.124 0.124 0.124 0.124
SER01A0174_003 0.695 0.695 0.695 0.695 0.696
GLU01A0175_001 0.000 0.000 0.000 0.000 0.000
GLU01A0175_002 0.000 0.000 0.000 0.000 0.000
GLU02A0175_003 0.000 0.000 0.000 0.000 0.000
GLU02A0175_004 0.000 0.000 0.000 0.000 0.000
GLU-1A0175_005 1.000 1.000 1.000 1.000 1.000
LYS01A0176_001 0.000 0.000 0.000 0.000 0.000
LYS+1A0176_002 1.000 1.000 1.000 1.000 1.000
ASN01A0177_001 1.000 1.000 0.999 1.000 1.000
ASN01A0177_002 0.000 0.000 0.001 0.000 0.000
VAL01A0178_001 1.000 1.000 1.000 1.000 1.000
VAL01A0179_001 1.000 1.000 1.000 1.000 1.000
LYS01A0180_001 0.000 0.000 0.000 0.000 0.000
LYS+1A0180_002 1.000 1.000 1.000 1.000 1.000
ILE01A0181_001 1.000 1.000 1.000 1.000 1.000
CYS01A0182_001 0.504 0.504 0.505 0.504 0.503
CYS01A0182_002 0.241 0.242 0.241 0.241 0.242
CYS01A0182_003 0.255 0.255 0.254 0.255 0.254
CYS-1A0182_004 0.000 0.000 0.000 0.000 0.000
ASP01A0183_001 0.000 0.000 0.000 0.000 0.000
ASP01A0183_002 0.090 0.090 0.089 0.089 0.090
ASP02A0183_003 0.002 0.002 0.002 0.002 0.002
ASP02A0183_004 0.085 0.085 0.086 0.085 0.086
ASP-1A0183_005 0.823 0.823 0.823 0.824 0.822
PHE01A0184_001 1.000 1.000 1.000 1.000 1.000
LEU01A0186_001 1.000 1.000 1.000 1.000 1.000
ALA01A0187_001 1.000 1.000 1.000 1.000 1.000
ARG01A0188_001 0.000 0.000 0.000 0.000 0.000
ARG02A0188_002 0.000 0.000 0.000 0.000 0.000
ARG02A0188_003 0.000 0.000 0.000 0.000 0.000
ARG03A0188_004 0.000 0.000 0.000 0.000 0.000
ARG03A0188_005 0.000 0.000 0.000 0.000 0.000
ARG+1A0188_006 1.000 1.000 1.000 1.000 1.000
ASP01A0189_001 0.000 0.000 0.000 0.000 0.000
ASP01A0189_002 0.000 0.001 0.000 0.000 0.000
ASP02A0189_003 0.000 0.000 0.000 0.000 0.000
ASP02A0189_004 0.005 0.003 0.004 0.005 0.004
ASP-1A0189_005 0.995 0.996 0.996 0.995 0.995
ILE01A0190_001 1.000 1.000 1.000 1.000 1.000
TYR01A0191_001 0.598 0.596 0.600 0.598 0.597
TYR01A0191_002 0.402 0.404 0.400 0.402 0.403
TYR-1A0191_003 0.000 0.000 0.000 0.000 0.000
LYS01A0192_001 0.000 0.000 0.000 0.000 0.000
LYS+1A0192_002 1.000 1.000 1.000 1.000 1.000
ASP01A0193_001 0.000 0.000 0.000 0.000 0.000
ASP01A0193_002 0.000 0.000 0.000 0.000 0.000
ASP02A0193_003 0.000 0.000 0.000 0.000 0.000
ASP02A0193_004 0.000 0.000 0.000 0.000 0.000
ASP-1A0193_005 1.000 1.000 1.000 1.000 1.000
PRO01A0194_001 1.000 1.000 1.000 1.000 1.000
ASP01A0195_001 0.000 0.000 0.000 0.000 0.000
ASP01A0195_002 0.000 0.000 0.000 0.000 0.000
ASP02A0195_003 0.000 0.000 0.000 0.000 0.000
ASP02A0195_004 0.000 0.000 0.000 0.000 0.000
ASP-1A0195_005 1.000 1.000 1.000 1.000 1.000
TYR01A0196_001 0.000 0.000 0.000 0.000 0.000
TYR01A0196_002 1.000 1.000 1.000 1.000 1.000
TYR-1A0196_003 0.000 0.000 0.000 0.000 0.000
VAL01A0197_001 1.000 1.000 1.000 1.000 1.000
ARG01A0198_001 0.000 0.000 0.000 0.000 0.000
ARG02A0198_002 0.000 0.000 0.000 0.000 0.000
ARG03A0198_003 0.000 0.000 0.000 0.000 0.000
ARG+1A0198_004 1.000 1.000 1.000 1.000 1.000
LYS01A0199_001 0.000 0.001 0.000 0.001 0.000
LYS+1A0199_002 1.000 0.999 1.000 0.999 1.000
ASP01A0201_001 0.000 0.000 0.000 0.000 0.000
ASP01A0201_002 0.000 0.000 0.000 0.000 0.000
ASP02A0201_003 0.000 0.000 0.000 0.000 0.000
ASP02A0201_004 0.000 0.000 0.000 0.000 0.000
ASP-1A0201_005 1.000 1.000 1.000 1.000 1.000
ALA01A0202_001 1.000 1.000 1.000 1.000 1.000
ARG01A0203_001 0.000 0.000 0.000 0.000 0.000
ARG02A0203_002 0.000 0.000 0.000 0.000 0.000
ARG03A0203_003 0.000 0.000 0.000 0.000 0.000
ARG+1A0203_004 1.000 1.000 1.000 1.000 1.000
LEU01A0204_001 1.000 1.000 1.000 1.000 1.000
PRO01A0205_001 1.000 1.000 1.000 1.000 1.000
LEU01A0206_001 1.000 1.000 1.000 1.000 1.000
LYS01A0207_001 0.003 0.003 0.003 0.003 0.003
LYS+1A0207_002 0.997 0.997 0.997 0.997 0.997
TRP01A0208_001 1.000 1.000 1.000 1.000 1.000
MET01A0209_001 1.000 1.000 1.000 1.000 1.000
ALA01A0210_001 1.000 1.000 1.000 1.000 1.000
PRO01A0211_001 1.000 1.000 1.000 1.000 1.000
GLU01A0212_001 0.000 0.000 0.000 0.000 0.000
GLU01A0212_002 0.000 0.000 0.000 0.000 0.000
GLU02A0212_003 0.000 0.000 0.000 0.000 0.000
GLU02A0212_004 0.000 0.000 0.000 0.000 0.000
GLU-1A0212_005 1.000 1.000 1.000 1.000 1.000
THR01A0213_001 0.930 0.931 0.932 0.931 0.932
THR01A0213_002 0.003 0.003 0.003 0.003 0.002
THR01A0213_003 0.067 0.067 0.066 0.067 0.065
ILE01A0214_001 1.000 1.000 1.000 1.000 1.000
PHE01A0215_001 1.000 1.000 1.000 1.000 1.000
ASP01A0216_001 0.000 0.000 0.000 0.000 0.000
ASP01A0216_002 0.000 0.000 0.000 0.000 0.000
ASP02A0216_003 0.000 0.000 0.000 0.000 0.000
ASP02A0216_004 0.000 0.000 0.000 0.000 0.000
ASP-1A0216_005 1.000 1.000 1.000 1.000 1.000
ARG01A0217_001 0.000 0.000 0.000 0.000 0.000
ARG02A0217_002 0.000 0.000 0.000 0.000 0.000
ARG03A0217_003 0.000 0.000 0.000 0.000 0.000
ARG+1A0217_004 1.000 1.000 1.000 1.000 1.000
VAL01A0218_001 1.000 1.000 1.000 1.000 1.000
TYR01A0219_001 1.000 1.000 1.000 1.000 1.000
TYR-1A0219_002 0.000 0.000 0.000 0.000 0.000
THR01A0220_001 1.000 1.000 1.000 1.000 1.000
ILE01A0221_001 1.000 1.000 1.000 1.000 1.000
GLN01A0222_001 0.990 0.990 0.990 0.990 0.990
GLN01A0222_002 0.010 0.010 0.010 0.010 0.010
SER01A0223_001 1.000 1.000 1.000 1.000 1.000
ASP01A0224_001 0.000 0.000 0.000 0.000 0.000
ASP01A0224_002 0.000 0.000 0.000 0.000 0.000
ASP02A0224_003 0.000 0.000 0.000 0.000 0.000
ASP02A0224_004 0.000 0.000 0.000 0.000 0.000
ASP-1A0224_005 1.000 1.000 1.000 1.000 1.000
VAL01A0225_001 1.000 1.000 1.000 1.000 1.000
TRP01A0226_001 1.000 1.000 1.000 1.000 1.000
SER01A0227_001 0.947 0.947 0.947 0.947 0.947
SER01A0227_002 0.053 0.053 0.053 0.053 0.053
PHE01A0228_001 1.000 1.000 1.000 1.000 1.000
VAL01A0230_001 1.000 1.000 1.000 1.000 1.000
LEU01A0231_001 1.000 1.000 1.000 1.000 1.000
LEU01A0232_001 1.000 1.000 1.000 1.000 1.000
TRP01A0233_001 1.000 1.000 1.000 1.000 1.000
GLU01A0234_001 0.000 0.000 0.000 0.000 0.000
GLU01A0234_002 0.000 0.000 0.000 0.000 0.000
GLU02A0234_003 0.000 0.000 0.000 0.000 0.000
GLU02A0234_004 0.002 0.002 0.000 0.002 0.002
GLU-1A0234_005 0.998 0.998 1.000 0.998 0.998
ILE01A0235_001 1.000 1.000 1.000 1.000 1.000
PHE01A0236_001 1.000 1.000 1.000 1.000 1.000
SER01A0237_001 1.000 1.000 1.000 1.000 1.000
SER01A0237_002 0.000 0.000 0.000 0.000 0.000
LEU01A0238_001 1.000 1.000 1.000 1.000 1.000
ALA01A0240_001 1.000 1.000 1.000 1.000 1.000
SER01A0241_001 0.000 0.000 0.002 0.001 0.001
SER01A0241_002 1.000 1.000 0.998 0.999 0.999
PRO01A0242_001 1.000 1.000 1.000 1.000 1.000
TYR01A0243_001 1.000 1.000 1.000 1.000 1.000
TYR-1A0243_002 0.000 0.000 0.000 0.000 0.000
PRO01A0244_001 1.000 1.000 1.000 1.000 1.000
VAL01A0246_001 1.000 1.000 1.000 1.000 1.000
LYS01A0247_001 0.002 0.003 0.003 0.003 0.003
LYS+1A0247_002 0.998 0.997 0.997 0.997 0.997
ILE01A0248_001 1.000 1.000 1.000 1.000 1.000
ASP01A0249_001 0.000 0.000 0.000 0.000 0.000
ASP01A0249_002 0.000 0.000 0.000 0.000 0.000
ASP02A0249_003 0.000 0.000 0.000 0.000 0.000
ASP02A0249_004 0.000 0.000 0.000 0.000 0.000
ASP-1A0249_005 1.000 1.000 1.000 1.000 1.000
GLU01A0250_001 0.000 0.000 0.000 0.000 0.000
GLU01A0250_002 0.000 0.000 0.000 0.000 0.000
GLU02A0250_003 0.000 0.000 0.000 0.000 0.000
GLU02A0250_004 0.000 0.000 0.000 0.000 0.000
GLU-1A0250_005 1.000 1.000 1.000 1.000 1.000
GLU01A0251_001 0.000 0.000 0.000 0.000 0.000
GLU01A0251_002 0.000 0.000 0.000 0.000 0.000
GLU02A0251_003 0.000 0.000 0.000 0.000 0.000
GLU02A0251_004 0.000 0.000 0.000 0.000 0.000
GLU-1A0251_005 1.000 1.000 1.000 1.000 1.000
PHE01A0252_001 1.000 1.000 1.000 1.000 1.000
CYS01A0253_001 0.096 0.096 0.096 0.097 0.096
CYS01A0253_002 0.575 0.577 0.577 0.574 0.577
CYS01A0253_003 0.329 0.326 0.326 0.330 0.327
CYS-1A0253_004 0.000 0.000 0.000 0.000 0.000
ARG01A0254_001 0.000 0.000 0.000 0.000 0.000
ARG02A0254_002 0.000 0.000 0.000 0.000 0.000
ARG02A0254_003 0.000 0.000 0.000 0.000 0.000
ARG03A0254_004 0.000 0.000 0.000 0.000 0.000
ARG03A0254_005 0.000 0.000 0.000 0.000 0.000
ARG+1A0254_006 1.000 1.000 1.000 1.000 1.000
ARG01A0255_001 0.000 0.000 0.000 0.000 0.000
ARG02A0255_002 0.000 0.000 0.000 0.000 0.000
ARG03A0255_003 0.000 0.000 0.000 0.000 0.000
ARG+1A0255_004 1.000 1.000 1.000 1.000 1.000
LEU01A0256_001 1.000 1.000 1.000 1.000 1.000
LYS01A0257_001 0.000 0.000 0.000 0.000 0.000
LYS+1A0257_002 1.000 1.000 1.000 1.000 1.000
GLU01A0258_001 0.000 0.000 0.000 0.000 0.000
GLU01A0258_002 0.000 0.000 0.000 0.000 0.000
GLU02A0258_003 0.000 0.000 0.000 0.000 0.000
GLU02A0258_004 0.000 0.000 0.000 0.000 0.000
GLU-1A0258_005 1.000 1.000 1.000 1.000 1.000
THR01A0260_001 0.591 0.591 0.592 0.591 0.590
THR01A0260_002 0.409 0.409 0.408 0.409 0.410
ARG01A0261_001 0.000 0.000 0.000 0.000 0.000
ARG02A0261_002 0.000 0.000 0.000 0.000 0.000
ARG02A0261_003 0.000 0.000 0.000 0.000 0.000
ARG03A0261_004 0.000 0.000 0.000 0.000 0.000
ARG+1A0261_005 1.000 1.000 1.000 1.000 1.000
MET01A0262_001 1.000 1.000 1.000 1.000 1.000
ARG01A0263_001 0.433 0.432 0.432 0.433 0.434
ARG02A0263_002 0.007 0.007 0.007 0.007 0.007
ARG03A0263_003 0.043 0.043 0.043 0.043 0.042
ARG+1A0263_004 0.517 0.518 0.519 0.517 0.517
ALA01A0264_001 1.000 1.000 1.000 1.000 1.000
PRO01A0265_001 1.000 1.000 1.000 1.000 1.000
ASP01A0266_001 0.000 0.000 0.000 0.000 0.000
ASP01A0266_002 0.000 0.000 0.000 0.000 0.000
ASP02A0266_003 0.000 0.000 0.000 0.000 0.000
ASP02A0266_004 0.000 0.000 0.000 0.000 0.000
ASP-1A0266_005 1.000 1.000 1.000 1.000 1.000
TYR01A0267_001 0.766 0.766 0.766 0.767 0.766
TYR01A0267_002 0.234 0.234 0.234 0.233 0.234
TYR-1A0267_003 0.000 0.000 0.000 0.000 0.000
THR01A0268_001 1.000 1.000 1.000 1.000 1.000
THR01A0269_001 0.000 0.000 0.000 0.000 0.000
THR01A0269_002 0.000 0.000 0.000 0.000 0.000
THR01A0269_003 1.000 1.000 1.000 1.000 1.000
PRO01A0270_001 1.000 1.000 1.000 1.000 1.000
GLU01A0271_001 0.000 0.000 0.000 0.000 0.000
GLU01A0271_002 0.000 0.000 0.000 0.000 0.000
GLU02A0271_003 0.000 0.000 0.000 0.000 0.000
GLU02A0271_004 0.000 0.000 0.000 0.000 0.000
GLU-1A0271_005 1.000 1.000 1.000 1.000 1.000
MET01A0272_001 1.000 1.000 1.000 1.000 1.000
TYR01A0273_001 0.986 0.986 0.986 0.986 0.986
TYR01A0273_002 0.014 0.014 0.014 0.014 0.014
TYR-1A0273_003 0.000 0.000 0.000 0.000 0.000
GLN01A0274_001 0.986 0.985 0.986 0.985 0.985
GLN01A0274_002 0.014 0.015 0.014 0.015 0.015
THR01A0275_001 0.184 0.186 0.183 0.185 0.183
THR01A0275_002 0.779 0.777 0.780 0.779 0.780
THR01A0275_003 0.037 0.037 0.037 0.036 0.037
MET01A0276_001 1.000 1.000 1.000 1.000 1.000
LEU01A0277_001 1.000 1.000 1.000 1.000 1.000
ASP01A0278_001 0.000 0.000 0.000 0.000 0.000
ASP01A0278_002 0.001 0.001 0.000 0.001 0.001
ASP02A0278_003 0.000 0.000 0.000 0.000 0.000
ASP02A0278_004 0.006 0.006 0.010 0.006 0.007
ASP-1A0278_005 0.992 0.992 0.990 0.992 0.992
CYS01A0279_001 0.206 0.206 0.206 0.206 0.207
CYS01A0279_002 0.565 0.564 0.564 0.565 0.565
CYS01A0279_003 0.229 0.231 0.230 0.229 0.229
CYS-1A0279_004 0.000 0.000 0.000 0.000 0.000
TRP01A0280_001 1.000 1.000 1.000 1.000 1.000
HIS01A0281_001 0.997 0.997 0.997 0.997 0.997
HIS02A0281_002 0.003 0.003 0.003 0.003 0.003
HIS+1A0281_003 0.000 0.000 0.000 0.000 0.000
GLU01A0283_001 0.000 0.000 0.000 0.000 0.000
GLU01A0283_002 0.000 0.000 0.000 0.000 0.000
GLU02A0283_003 0.000 0.000 0.000 0.000 0.000
GLU02A0283_004 0.000 0.000 0.000 0.000 0.000
GLU-1A0283_005 1.000 1.000 1.000 1.000 1.000
PRO01A0284_001 1.000 1.000 1.000 1.000 1.000
SER01A0285_001 0.286 0.286 0.285 0.286 0.287
SER01A0285_002 0.714 0.714 0.715 0.714 0.713
GLN01A0286_001 0.560 0.559 0.560 0.559 0.561
GLN01A0286_002 0.440 0.441 0.440 0.441 0.439
ARG01A0287_001 0.000 0.000 0.000 0.000 0.000
ARG02A0287_002 0.000 0.000 0.000 0.000 0.000
ARG02A0287_003 0.000 0.000 0.000 0.000 0.000
ARG03A0287_004 0.000 0.000 0.000 0.000 0.000
ARG03A0287_005 0.000 0.000 0.000 0.000 0.000
ARG+1A0287_006 1.000 1.000 1.000 1.000 1.000
PRO01A0288_001 1.000 1.000 1.000 1.000 1.000
THR01A0289_001 0.134 0.135 0.133 0.134 0.133
THR01A0289_002 0.000 0.000 0.000 0.000 0.000
THR01A0289_003 0.866 0.865 0.867 0.866 0.867
PHE01A0290_001 1.000 1.000 1.000 1.000 1.000
SER01A0291_001 0.992 0.992 0.992 0.992 0.992
SER01A0291_002 0.008 0.008 0.008 0.008 0.008
GLU01A0292_001 0.000 0.000 0.000 0.000 0.000
GLU01A0292_002 0.000 0.000 0.000 0.000 0.000
GLU02A0292_003 0.000 0.000 0.000 0.000 0.000
GLU02A0292_004 0.006 0.007 0.007 0.007 0.006
GLU-1A0292_005 0.994 0.993 0.993 0.993 0.994
LEU01A0293_001 1.000 1.000 1.000 1.000 1.000
VAL01A0294_001 1.000 1.000 1.000 1.000 1.000
GLU01A0295_001 0.000 0.000 0.000 0.000 0.000
GLU01A0295_002 0.000 0.000 0.000 0.000 0.000
GLU02A0295_003 0.000 0.000 0.000 0.000 0.000
GLU02A0295_004 0.002 0.002 0.000 0.002 0.000
GLU-1A0295_005 0.998 0.998 1.000 0.998 1.000
HIS01A0296_001 0.137 0.137 0.137 0.137 0.136
HIS01A0296_002 0.051 0.051 0.051 0.051 0.052
HIS02A0296_003 0.205 0.206 0.206 0.205 0.204
HIS02A0296_004 0.176 0.176 0.177 0.177 0.176
HIS+1A0296_005 0.324 0.322 0.322 0.322 0.324
HIS+1A0296_006 0.107 0.108 0.108 0.107 0.108
LEU01A0297_001 1.000 1.000 1.000 1.000 1.000
ASN01A0299_001 0.895 0.897 0.896 0.896 0.898
ASN01A0299_002 0.105 0.103 0.104 0.104 0.102
LEU01A0300_001 1.000 1.000 1.000 1.000 1.000
LEU01A0301_001 1.000 1.000 1.000 1.000 1.000
GLN01A0302_001 0.685 0.683 0.684 0.683 0.683
GLN01A0302_002 0.315 0.317 0.316 0.317 0.317
ALA01A0303_001 1.000 1.000 1.000 1.000 1.000
ASN01A0304_001 0.116 0.116 0.116 0.116 0.117
ASN01A0304_002 0.884 0.884 0.884 0.884 0.883
ALA01A0305_001 1.000 1.000 1.000 1.000 1.000
BAX01B0001_001 1.000 1.000 1.000 1.000 1.000
BAX+1B0001_002 0.000 0.000 0.000 0.000 0.000
BAX+1B0001_003 0.000 0.000 0.000 0.000 0.000
BAX02B0001_004 0.000 0.000 0.000 0.000 0.000
BAX-2B0001_005 0.000 0.000 0.000 0.000 0.000
BAXDMB0001_006 0.000 0.000 0.000 0.000 0.000
