 ph              7.4   7.4   7.4   7.4   7.4
IRE01B0001_001 0.363 0.360 0.361 0.360 0.361
IRE01B0001_002 0.343 0.343 0.344 0.344 0.343
IRE+1B0001_003 0.152 0.152 0.152 0.153 0.152
IRE+1B0001_004 0.142 0.145 0.143 0.143 0.144
IRE+2B0001_005 0.000 0.000 0.000 0.000 0.000
IRE+2B0001_006 0.000 0.000 0.000 0.000 0.000
IRE+3B0001_007 0.000 0.000 0.000 0.000 0.000
IRE+3B0001_008 0.000 0.000 0.000 0.000 0.000
IRE+3B0001_009 0.000 0.000 0.000 0.000 0.000
IRE+3B0001_010 0.000 0.000 0.000 0.000 0.000
IRE+aB0001_011 0.000 0.000 0.000 0.000 0.000
IREDMB0001_012 0.000 0.000 0.000 0.000 0.000
