 ph              7.4   7.4   7.4   7.4   7.4
ASN01A0001_001 1.000 1.000 1.000 1.000 1.000
GLN01A0002_001 0.796 0.795 0.795 0.795 0.794
GLN01A0002_002 0.204 0.205 0.205 0.205 0.206
ALA01A0003_001 1.000 1.000 1.000 1.000 1.000
LEU01A0004_001 1.000 1.000 1.000 1.000 1.000
LEU01A0005_001 1.000 1.000 1.000 1.000 1.000
ARG01A0006_001 0.000 0.000 0.000 0.000 0.000
ARG02A0006_002 0.000 0.000 0.000 0.000 0.000
ARG03A0006_003 0.000 0.000 0.000 0.000 0.000
ARG03A0006_004 0.000 0.000 0.000 0.000 0.000
ARG+1A0006_005 1.000 1.000 1.000 1.000 1.000
ILE01A0007_001 1.000 1.000 1.000 1.000 1.000
LEU01A0008_001 1.000 1.000 1.000 1.000 1.000
LYS01A0009_001 0.000 0.000 0.000 0.000 0.000
LYS+1A0009_002 1.000 1.000 1.000 1.000 1.000
GLU01A0010_001 0.000 0.000 0.000 0.000 0.000
GLU01A0010_002 0.000 0.000 0.000 0.000 0.000
GLU02A0010_003 0.000 0.000 0.000 0.000 0.000
GLU02A0010_004 0.000 0.000 0.000 0.000 0.000
GLU-1A0010_005 1.000 1.000 1.000 1.000 1.000
THR01A0011_001 1.000 1.000 1.000 1.000 1.000
GLU01A0012_001 0.000 0.000 0.000 0.000 0.000
GLU01A0012_002 0.001 0.002 0.001 0.002 0.003
GLU02A0012_003 0.000 0.000 0.000 0.000 0.000
GLU02A0012_004 0.002 0.002 0.002 0.001 0.000
GLU-1A0012_005 0.997 0.997 0.997 0.997 0.997
PHE01A0013_001 1.000 1.000 1.000 1.000 1.000
LYS01A0014_001 0.004 0.004 0.004 0.004 0.004
LYS+1A0014_002 0.996 0.996 0.996 0.996 0.996
LYS01A0015_001 0.000 0.000 0.000 0.000 0.000
LYS+1A0015_002 1.000 1.000 1.000 1.000 1.000
ILE01A0016_001 1.000 1.000 1.000 1.000 1.000
LYS01A0017_001 0.002 0.002 0.002 0.002 0.002
LYS+1A0017_002 0.998 0.998 0.998 0.998 0.998
VAL01A0018_001 1.000 1.000 1.000 1.000 1.000
LEU01A0019_001 1.000 1.000 1.000 1.000 1.000
SER01A0021_001 0.626 0.625 0.625 0.624 0.625
SER01A0021_002 0.374 0.375 0.375 0.376 0.375
ALA01A0023_001 1.000 1.000 1.000 1.000 1.000
PHE01A0024_001 1.000 1.000 1.000 1.000 1.000
THR01A0026_001 1.000 1.000 1.000 1.000 1.000
VAL01A0027_001 1.000 1.000 1.000 1.000 1.000
TYR01A0028_001 1.000 1.000 1.000 1.000 1.000
TYR-1A0028_002 0.000 0.000 0.000 0.000 0.000
LYS01A0029_001 0.007 0.007 0.007 0.007 0.007
LYS+1A0029_002 0.993 0.993 0.993 0.993 0.993
LEU01A0031_001 1.000 1.000 1.000 1.000 1.000
TRP01A0032_001 1.000 1.000 1.000 1.000 1.000
ILE01A0033_001 1.000 1.000 1.000 1.000 1.000
PRO01A0034_001 1.000 1.000 1.000 1.000 1.000
GLU01A0035_001 0.000 0.000 0.000 0.000 0.000
GLU01A0035_002 0.000 0.000 0.000 0.000 0.000
GLU02A0035_003 0.000 0.000 0.000 0.000 0.000
GLU02A0035_004 0.000 0.000 0.000 0.000 0.000
GLU-1A0035_005 1.000 1.000 1.000 1.000 1.000
GLU01A0037_001 0.000 0.000 0.000 0.000 0.000
GLU01A0037_002 0.000 0.000 0.000 0.000 0.000
GLU02A0037_003 0.000 0.000 0.000 0.000 0.000
GLU02A0037_004 0.000 0.000 0.000 0.000 0.000
GLU-1A0037_005 1.000 1.000 1.000 1.000 1.000
LYS01A0038_001 0.000 0.000 0.000 0.000 0.000
LYS+1A0038_002 1.000 1.000 1.000 1.000 1.000
VAL01A0039_001 1.000 1.000 1.000 1.000 1.000
LYS01A0040_001 0.002 0.002 0.002 0.002 0.002
LYS+1A0040_002 0.998 0.998 0.998 0.998 0.998
ILE01A0041_001 1.000 1.000 1.000 1.000 1.000
PRO01A0042_001 1.000 1.000 1.000 1.000 1.000
VAL01A0043_001 1.000 1.000 1.000 1.000 1.000
ALA01A0044_001 1.000 1.000 1.000 1.000 1.000
ILE01A0045_001 1.000 1.000 1.000 1.000 1.000
LYS01A0046_001 0.746 0.746 0.747 0.747 0.744
LYS+1A0046_002 0.254 0.254 0.253 0.253 0.256
GLU01A0047_001 0.000 0.000 0.000 0.000 0.000
GLU01A0047_002 0.000 0.000 0.000 0.000 0.000
GLU02A0047_003 0.000 0.000 0.000 0.000 0.000
GLU02A0047_004 0.000 0.000 0.000 0.000 0.000
GLU-1A0047_005 1.000 1.000 1.000 1.000 1.000
LEU01A0048_001 1.000 1.000 1.000 1.000 1.000
ARG01A0049_001 0.000 0.000 0.000 0.000 0.000
ARG02A0049_002 0.000 0.000 0.000 0.000 0.000
ARG03A0049_003 0.000 0.000 0.000 0.000 0.000
ARG+1A0049_004 1.000 1.000 1.000 1.000 1.000
GLU01A0050_001 0.000 0.000 0.000 0.000 0.000
GLU01A0050_002 0.004 0.003 0.004 0.004 0.003
GLU02A0050_003 0.000 0.000 0.000 0.000 0.000
GLU02A0050_004 0.000 0.000 0.000 0.000 0.000
GLU-1A0050_005 0.996 0.996 0.996 0.996 0.996
ALA01A0051_001 1.000 1.000 1.000 1.000 1.000
THR01A0052_001 1.000 1.000 1.000 1.000 1.000
THR01A0052_002 0.000 0.000 0.000 0.000 0.000
SER01A0053_001 0.082 0.081 0.082 0.081 0.082
SER01A0053_002 0.918 0.919 0.918 0.919 0.918
PRO01A0054_001 1.000 1.000 1.000 1.000 1.000
LYS01A0055_001 0.002 0.002 0.002 0.002 0.002
LYS+1A0055_002 0.998 0.998 0.998 0.998 0.998
ALA01A0056_001 1.000 1.000 1.000 1.000 1.000
ASN01A0057_001 0.956 0.955 0.955 0.955 0.955
ASN01A0057_002 0.044 0.045 0.045 0.045 0.045
LYS01A0058_001 0.044 0.044 0.045 0.044 0.044
LYS+1A0058_002 0.956 0.956 0.955 0.956 0.956
GLU01A0059_001 0.000 0.000 0.000 0.000 0.000
GLU01A0059_002 0.000 0.000 0.000 0.000 0.002
GLU02A0059_003 0.000 0.000 0.000 0.000 0.000
GLU02A0059_004 0.002 0.000 0.000 0.002 0.000
GLU-1A0059_005 0.998 1.000 1.000 0.998 0.998
ILE01A0060_001 1.000 1.000 1.000 1.000 1.000
LEU01A0061_001 1.000 1.000 1.000 1.000 1.000
ASP01A0062_001 0.000 0.000 0.000 0.000 0.000
ASP01A0062_002 0.002 0.002 0.002 0.002 0.002
ASP02A0062_003 0.000 0.000 0.000 0.000 0.000
ASP02A0062_004 0.002 0.002 0.002 0.002 0.002
ASP-1A0062_005 0.996 0.996 0.996 0.995 0.996
GLU01A0063_001 0.000 0.000 0.000 0.000 0.000
GLU01A0063_002 0.004 0.003 0.004 0.004 0.003
GLU02A0063_003 0.002 0.002 0.002 0.002 0.002
GLU02A0063_004 0.200 0.199 0.200 0.198 0.200
GLU-1A0063_005 0.795 0.796 0.794 0.796 0.795
ALA01A0064_001 1.000 1.000 1.000 1.000 1.000
TYR01A0065_001 1.000 1.000 1.000 1.000 1.000
TYR-1A0065_002 0.000 0.000 0.000 0.000 0.000
VAL01A0066_001 1.000 1.000 1.000 1.000 1.000
MET01A0067_001 1.000 1.000 1.000 1.000 1.000
ALA01A0068_001 1.000 1.000 1.000 1.000 1.000
SER01A0069_001 0.991 0.991 0.991 0.991 0.991
SER01A0069_002 0.000 0.000 0.000 0.000 0.000
SER01A0069_003 0.009 0.009 0.009 0.009 0.009
VAL01A0070_001 1.000 1.000 1.000 1.000 1.000
ASP01A0071_001 0.000 0.000 0.000 0.000 0.000
ASP01A0071_002 0.000 0.000 0.000 0.000 0.000
ASP02A0071_003 0.000 0.000 0.000 0.000 0.000
ASP02A0071_004 0.000 0.000 0.000 0.000 0.000
ASP-1A0071_005 1.000 1.000 1.000 1.000 1.000
ASN01A0072_001 0.000 0.000 0.000 0.000 0.000
ASN01A0072_002 1.000 1.000 1.000 1.000 1.000
PRO01A0073_001 1.000 1.000 1.000 1.000 1.000
HIS01A0074_001 0.095 0.095 0.095 0.094 0.095
HIS02A0074_002 0.905 0.905 0.905 0.906 0.905
HIS+1A0074_003 0.000 0.000 0.000 0.000 0.000
VAL01A0075_001 1.000 1.000 1.000 1.000 1.000
CYS01A0076_001 0.072 0.071 0.071 0.071 0.070
CYS01A0076_002 0.211 0.210 0.208 0.208 0.211
CYS01A0076_003 0.716 0.719 0.721 0.721 0.719
CYS-1A0076_004 0.000 0.000 0.000 0.000 0.000
ARG01A0077_001 0.000 0.000 0.000 0.000 0.000
ARG02A0077_002 0.000 0.000 0.000 0.000 0.000
ARG02A0077_003 0.000 0.000 0.000 0.000 0.000
ARG03A0077_004 0.000 0.000 0.000 0.000 0.000
ARG+1A0077_005 1.000 1.000 1.000 1.000 1.000
LEU01A0078_001 1.000 1.000 1.000 1.000 1.000
LEU01A0079_001 1.000 1.000 1.000 1.000 1.000
ILE01A0081_001 1.000 1.000 1.000 1.000 1.000
CYS01A0082_001 0.173 0.171 0.172 0.172 0.173
CYS01A0082_002 0.641 0.643 0.643 0.643 0.640
CYS01A0082_003 0.186 0.186 0.186 0.185 0.187
CYS-1A0082_004 0.000 0.000 0.000 0.000 0.000
LEU01A0083_001 1.000 1.000 1.000 1.000 1.000
THR01A0084_001 0.097 0.097 0.097 0.097 0.098
THR01A0084_002 0.000 0.000 0.000 0.000 0.000
THR01A0084_003 0.903 0.903 0.903 0.903 0.902
SER01A0085_001 0.664 0.663 0.665 0.664 0.665
SER01A0085_002 0.336 0.337 0.335 0.336 0.335
THR01A0086_001 0.000 0.000 0.000 0.000 0.000
THR01A0086_002 1.000 1.000 1.000 1.000 1.000
VAL01A0087_001 1.000 1.000 1.000 1.000 1.000
GLN01A0088_001 1.000 1.000 1.000 1.000 1.000
GLN01A0088_002 0.000 0.000 0.000 0.000 0.000
LEU01A0089_001 1.000 1.000 1.000 1.000 1.000
ILE01A0090_001 1.000 1.000 1.000 1.000 1.000
MET01A0091_001 1.000 1.000 1.000 1.000 1.000
GLN01A0092_001 0.961 0.961 0.961 0.961 0.961
GLN01A0092_002 0.039 0.039 0.039 0.039 0.039
LEU01A0093_001 1.000 1.000 1.000 1.000 1.000
MET01A0094_001 1.000 1.000 1.000 1.000 1.000
PRO01A0095_001 1.000 1.000 1.000 1.000 1.000
PHE01A0096_001 1.000 1.000 1.000 1.000 1.000
CYS01A0098_001 0.949 0.948 0.948 0.950 0.949
CYS01A0098_002 0.000 0.001 0.001 0.000 0.000
CYS01A0098_003 0.051 0.050 0.051 0.050 0.051
CYS-1A0098_004 0.000 0.000 0.000 0.000 0.000
LEU01A0099_001 1.000 1.000 1.000 1.000 1.000
LEU01A0100_001 1.000 1.000 1.000 1.000 1.000
ASP01A0101_001 0.000 0.000 0.000 0.000 0.000
ASP01A0101_002 0.000 0.000 0.000 0.000 0.000
ASP02A0101_003 0.000 0.000 0.000 0.000 0.000
ASP02A0101_004 0.000 0.000 0.000 0.000 0.000
ASP-1A0101_005 1.000 1.000 1.000 1.000 1.000
TYR01A0102_001 1.000 1.000 1.000 1.000 1.000
TYR-1A0102_002 0.000 0.000 0.000 0.000 0.000
VAL01A0103_001 1.000 1.000 1.000 1.000 1.000
ARG01A0104_001 0.000 0.000 0.000 0.000 0.000
ARG02A0104_002 0.000 0.000 0.000 0.000 0.000
ARG03A0104_003 0.000 0.000 0.000 0.000 0.000
ARG+1A0104_004 1.000 1.000 1.000 1.000 1.000
GLU01A0105_001 0.000 0.000 0.000 0.000 0.000
GLU01A0105_002 0.000 0.000 0.000 0.002 0.000
GLU02A0105_003 0.000 0.000 0.000 0.000 0.000
GLU02A0105_004 0.000 0.000 0.000 0.000 0.002
GLU-1A0105_005 1.000 1.000 1.000 0.998 0.998
HIS01A0106_001 0.005 0.005 0.005 0.005 0.005
HIS01A0106_002 0.053 0.053 0.053 0.052 0.053
HIS02A0106_003 0.475 0.475 0.475 0.478 0.477
HIS02A0106_004 0.027 0.028 0.027 0.027 0.027
HIS+1A0106_005 0.349 0.349 0.350 0.349 0.348
HIS+1A0106_006 0.091 0.091 0.090 0.089 0.090
LYS01A0107_001 0.000 0.000 0.000 0.000 0.000
LYS+1A0107_002 1.000 1.000 1.000 1.000 1.000
ASP01A0108_001 0.000 0.000 0.000 0.000 0.000
ASP01A0108_002 0.000 0.000 0.000 0.000 0.000
ASP02A0108_003 0.000 0.000 0.000 0.000 0.000
ASP02A0108_004 0.000 0.000 0.000 0.000 0.000
ASP-1A0108_005 1.000 1.000 1.000 1.000 1.000
ASN01A0109_001 0.486 0.487 0.486 0.487 0.488
ASN01A0109_002 0.514 0.513 0.514 0.513 0.512
ILE01A0110_001 1.000 1.000 1.000 1.000 1.000
SER01A0112_001 0.895 0.893 0.895 0.894 0.894
SER01A0112_002 0.000 0.000 0.000 0.000 0.000
SER01A0112_003 0.104 0.106 0.105 0.106 0.106
GLN01A0113_001 1.000 1.000 1.000 1.000 1.000
GLN01A0113_002 0.000 0.000 0.000 0.000 0.000
TYR01A0114_001 0.865 0.865 0.866 0.865 0.867
TYR01A0114_002 0.135 0.135 0.134 0.135 0.133
TYR-1A0114_003 0.000 0.000 0.000 0.000 0.000
LEU01A0115_001 1.000 1.000 1.000 1.000 1.000
LEU01A0116_001 1.000 1.000 1.000 1.000 1.000
ASN01A0117_001 1.000 1.000 1.000 1.000 1.000
ASN01A0117_002 0.000 0.000 0.000 0.000 0.000
TRP01A0118_001 1.000 1.000 1.000 1.000 1.000
CYS01A0119_001 0.226 0.226 0.227 0.225 0.225
CYS01A0119_002 0.591 0.592 0.591 0.594 0.593
CYS01A0119_003 0.183 0.182 0.182 0.181 0.182
CYS-1A0119_004 0.000 0.000 0.000 0.000 0.000
VAL01A0120_001 1.000 1.000 1.000 1.000 1.000
GLN01A0121_001 1.000 1.000 1.000 1.000 1.000
GLN01A0121_002 0.000 0.000 0.000 0.000 0.000
ILE01A0122_001 1.000 1.000 1.000 1.000 1.000
ALA01A0123_001 1.000 1.000 1.000 1.000 1.000
LYS01A0124_001 0.005 0.005 0.005 0.005 0.005
LYS+1A0124_002 0.995 0.995 0.995 0.995 0.995
MET01A0126_001 1.000 1.000 1.000 1.000 1.000
ASN01A0127_001 0.656 0.658 0.656 0.656 0.655
ASN01A0127_002 0.344 0.342 0.344 0.344 0.345
TYR01A0128_001 1.000 1.000 1.000 1.000 1.000
TYR01A0128_002 0.000 0.000 0.000 0.000 0.000
TYR-1A0128_003 0.000 0.000 0.000 0.000 0.000
LEU01A0129_001 1.000 1.000 1.000 1.000 1.000
GLU01A0130_001 0.000 0.000 0.000 0.000 0.000
GLU01A0130_002 0.000 0.000 0.000 0.000 0.000
GLU02A0130_003 0.000 0.000 0.000 0.000 0.000
GLU02A0130_004 0.000 0.000 0.000 0.000 0.000
GLU-1A0130_005 1.000 1.000 1.000 1.000 1.000
ASP01A0131_001 0.000 0.000 0.000 0.000 0.000
ASP01A0131_002 0.000 0.000 0.000 0.000 0.000
ASP02A0131_003 0.000 0.000 0.000 0.000 0.000
ASP02A0131_004 0.000 0.000 0.002 0.000 0.000
ASP-1A0131_005 1.000 1.000 0.998 1.000 1.000
ARG01A0132_001 0.000 0.000 0.000 0.000 0.000
ARG02A0132_002 0.000 0.000 0.000 0.000 0.000
ARG03A0132_003 0.000 0.000 0.000 0.000 0.000
ARG03A0132_004 0.000 0.000 0.000 0.000 0.000
ARG+1A0132_005 1.000 1.000 1.000 1.000 1.000
ARG01A0133_001 0.000 0.000 0.000 0.000 0.000
ARG02A0133_002 0.000 0.000 0.000 0.000 0.000
ARG03A0133_003 0.000 0.000 0.000 0.000 0.000
ARG+1A0133_004 1.000 1.000 1.000 1.000 1.000
LEU01A0134_001 1.000 1.000 1.000 1.000 1.000
VAL01A0135_001 1.000 1.000 1.000 1.000 1.000
HIS01A0136_001 1.000 1.000 1.000 1.000 1.000
HIS02A0136_002 0.000 0.000 0.000 0.000 0.000
HIS+1A0136_003 0.000 0.000 0.000 0.000 0.000
ARG01A0137_001 0.000 0.000 0.000 0.000 0.000
ARG02A0137_002 0.000 0.000 0.000 0.000 0.000
ARG03A0137_003 0.000 0.000 0.000 0.000 0.000
ARG+1A0137_004 1.000 1.000 1.000 1.000 1.000
ASP01A0138_001 0.000 0.000 0.000 0.000 0.000
ASP01A0138_002 0.000 0.000 0.000 0.000 0.000
ASP02A0138_003 0.000 0.000 0.000 0.000 0.000
ASP02A0138_004 0.008 0.008 0.008 0.008 0.008
ASP-1A0138_005 0.992 0.992 0.992 0.992 0.992
LEU01A0139_001 1.000 1.000 1.000 1.000 1.000
ALA01A0140_001 1.000 1.000 1.000 1.000 1.000
ALA01A0141_001 1.000 1.000 1.000 1.000 1.000
ARG01A0142_001 0.000 0.000 0.000 0.000 0.000
ARG02A0142_002 0.000 0.000 0.000 0.000 0.000
ARG02A0142_003 0.000 0.000 0.000 0.000 0.000
ARG03A0142_004 0.000 0.000 0.000 0.000 0.000
ARG+1A0142_005 1.000 1.000 1.000 1.000 1.000
ASN01A0143_001 0.000 0.000 0.000 0.000 0.000
ASN01A0143_002 1.000 1.000 1.000 1.000 1.000
VAL01A0144_001 1.000 1.000 1.000 1.000 1.000
LEU01A0145_001 1.000 1.000 1.000 1.000 1.000
VAL01A0146_001 1.000 1.000 1.000 1.000 1.000
LYS01A0147_001 0.000 0.000 0.000 0.000 0.000
LYS+1A0147_002 1.000 1.000 1.000 1.000 1.000
THR01A0148_001 0.997 0.997 0.997 0.997 0.997
THR01A0148_002 0.003 0.003 0.003 0.003 0.003
PRO01A0149_001 1.000 1.000 1.000 1.000 1.000
GLN01A0150_001 0.017 0.018 0.017 0.018 0.017
GLN01A0150_002 0.983 0.982 0.983 0.982 0.983
HIS01A0151_001 0.000 0.000 0.000 0.000 0.000
HIS01A0151_002 0.000 0.000 0.000 0.000 0.000
HIS02A0151_003 0.000 0.000 0.000 0.000 0.000
HIS02A0151_004 0.000 0.000 0.000 0.000 0.000
HIS+1A0151_005 0.000 0.000 0.000 0.000 0.000
HIS+1A0151_006 0.999 1.000 1.000 1.000 1.000
VAL01A0152_001 1.000 1.000 1.000 1.000 1.000
LYS01A0153_001 0.003 0.003 0.003 0.003 0.003
LYS+1A0153_002 0.997 0.997 0.997 0.997 0.997
ILE01A0154_001 1.000 1.000 1.000 1.000 1.000
THR01A0155_001 0.038 0.037 0.038 0.038 0.038
THR01A0155_002 0.962 0.963 0.962 0.962 0.962
ASP01A0156_001 0.000 0.000 0.000 0.000 0.000
ASP01A0156_002 0.000 0.000 0.000 0.000 0.000
ASP02A0156_003 0.000 0.000 0.000 0.000 0.000
ASP02A0156_004 0.000 0.000 0.000 0.000 0.000
ASP-1A0156_005 1.000 1.000 1.000 1.000 1.000
PHE01A0157_001 1.000 1.000 1.000 1.000 1.000
ARG01A0159_001 0.000 0.000 0.000 0.000 0.000
ARG02A0159_002 0.000 0.000 0.000 0.000 0.000
ARG03A0159_003 0.114 0.114 0.114 0.111 0.114
ARG+1A0159_004 0.886 0.886 0.886 0.889 0.886
ALA01A0160_001 1.000 1.000 1.000 1.000 1.000
LYS01A0161_001 0.000 0.000 0.000 0.000 0.000
LYS+1A0161_002 1.000 1.000 1.000 1.000 1.000
LEU01A0162_001 1.000 1.000 1.000 1.000 1.000
LEU01A0163_001 1.000 1.000 1.000 1.000 1.000
ALA01A0165_001 1.000 1.000 1.000 1.000 1.000
GLU01A0166_001 0.000 0.000 0.000 0.000 0.000
GLU01A0166_002 0.004 0.005 0.005 0.005 0.005
GLU02A0166_003 0.000 0.000 0.000 0.000 0.000
GLU02A0166_004 0.000 0.000 0.000 0.000 0.000
GLU-1A0166_005 0.995 0.995 0.995 0.995 0.995
GLU01A0167_001 0.000 0.000 0.000 0.000 0.000
GLU01A0167_002 0.000 0.000 0.000 0.000 0.000
GLU02A0167_003 0.000 0.000 0.000 0.000 0.000
GLU02A0167_004 0.587 0.588 0.592 0.588 0.586
GLU-1A0167_005 0.413 0.412 0.408 0.412 0.414
LYS01A0168_001 0.000 0.000 0.000 0.000 0.000
LYS+1A0168_002 1.000 1.000 1.000 1.000 1.000
GLU01A0169_001 0.000 0.000 0.000 0.000 0.000
GLU01A0169_002 0.260 0.259 0.255 0.260 0.259
GLU02A0169_003 0.000 0.000 0.000 0.000 0.000
GLU02A0169_004 0.003 0.003 0.004 0.003 0.003
GLU-1A0169_005 0.736 0.737 0.741 0.737 0.737
TYR01A0170_001 0.980 0.980 0.981 0.980 0.980
TYR-1A0170_002 0.020 0.020 0.019 0.020 0.020
HIS01A0171_001 0.075 0.075 0.075 0.075 0.076
HIS01A0171_002 0.137 0.138 0.137 0.138 0.137
HIS02A0171_003 0.083 0.083 0.082 0.083 0.082
HIS02A0171_004 0.138 0.138 0.139 0.139 0.139
HIS+1A0171_005 0.301 0.300 0.301 0.302 0.303
HIS+1A0171_006 0.264 0.265 0.265 0.264 0.264
ALA01A0172_001 1.000 1.000 1.000 1.000 1.000
GLU01A0173_001 0.000 0.000 0.000 0.000 0.000
GLU01A0173_002 0.000 0.000 0.000 0.000 0.000
GLU02A0173_003 0.000 0.000 0.000 0.000 0.000
GLU02A0173_004 0.000 0.000 0.000 0.000 0.000
GLU-1A0173_005 1.000 1.000 1.000 1.000 1.000
LYS01A0176_001 0.005 0.005 0.005 0.005 0.004
LYS+1A0176_002 0.995 0.995 0.995 0.995 0.996
VAL01A0177_001 1.000 1.000 1.000 1.000 1.000
PRO01A0178_001 1.000 1.000 1.000 1.000 1.000
ILE01A0179_001 1.000 1.000 1.000 1.000 1.000
LYS01A0180_001 0.000 0.000 0.000 0.000 0.000
LYS+1A0180_002 1.000 1.000 1.000 1.000 1.000
TRP01A0181_001 1.000 1.000 1.000 1.000 1.000
MET01A0182_001 1.000 1.000 1.000 1.000 1.000
ALA01A0183_001 1.000 1.000 1.000 1.000 1.000
LEU01A0184_001 1.000 1.000 1.000 1.000 1.000
GLU01A0185_001 0.000 0.000 0.000 0.000 0.000
GLU01A0185_002 0.000 0.000 0.000 0.000 0.000
GLU02A0185_003 0.000 0.000 0.000 0.000 0.000
GLU02A0185_004 0.000 0.000 0.000 0.000 0.000
GLU-1A0185_005 1.000 1.000 1.000 1.000 1.000
SER01A0186_001 0.986 0.987 0.986 0.987 0.986
SER01A0186_002 0.002 0.001 0.002 0.001 0.002
SER01A0186_003 0.012 0.012 0.012 0.012 0.012
ILE01A0187_001 1.000 1.000 1.000 1.000 1.000
LEU01A0188_001 1.000 1.000 1.000 1.000 1.000
HIS01A0189_001 0.125 0.125 0.125 0.123 0.125
HIS01A0189_002 0.132 0.131 0.132 0.133 0.132
HIS02A0189_003 0.257 0.258 0.256 0.257 0.257
HIS02A0189_004 0.127 0.128 0.128 0.127 0.128
HIS+1A0189_005 0.162 0.161 0.162 0.162 0.162
HIS+1A0189_006 0.197 0.197 0.198 0.197 0.196
ARG01A0190_001 0.000 0.000 0.000 0.000 0.000
ARG02A0190_002 0.000 0.000 0.000 0.000 0.000
ARG03A0190_003 0.000 0.000 0.000 0.000 0.000
ARG+1A0190_004 1.000 1.000 1.000 1.000 1.000
ILE01A0191_001 1.000 1.000 1.000 1.000 1.000
TYR01A0192_001 0.529 0.528 0.530 0.527 0.527
TYR01A0192_002 0.471 0.472 0.470 0.473 0.473
TYR-1A0192_003 0.000 0.000 0.000 0.000 0.000
THR01A0193_001 1.000 1.000 1.000 1.000 1.000
HIS01A0194_001 0.029 0.028 0.028 0.029 0.028
HIS01A0194_002 0.000 0.000 0.000 0.000 0.000
HIS02A0194_003 0.010 0.010 0.010 0.010 0.010
HIS02A0194_004 0.257 0.256 0.259 0.258 0.259
HIS+1A0194_005 0.028 0.027 0.026 0.027 0.027
HIS+1A0194_006 0.677 0.679 0.677 0.676 0.677
GLN01A0195_001 0.000 0.000 0.000 0.000 0.000
GLN01A0195_002 1.000 1.000 1.000 1.000 1.000
SER01A0196_001 0.000 0.000 0.000 0.000 0.000
SER01A0196_002 0.988 0.988 0.988 0.988 0.988
SER01A0196_003 0.012 0.012 0.012 0.012 0.012
ASP01A0197_001 0.000 0.000 0.000 0.000 0.000
ASP01A0197_002 0.000 0.000 0.000 0.000 0.000
ASP02A0197_003 0.000 0.000 0.000 0.000 0.000
ASP02A0197_004 0.000 0.000 0.000 0.000 0.000
ASP-1A0197_005 1.000 1.000 1.000 1.000 1.000
VAL01A0198_001 1.000 1.000 1.000 1.000 1.000
TRP01A0199_001 1.000 1.000 1.000 1.000 1.000
SER01A0200_001 0.956 0.956 0.956 0.956 0.956
SER01A0200_002 0.044 0.044 0.044 0.044 0.044
TYR01A0201_001 0.966 0.966 0.966 0.966 0.966
TYR01A0201_002 0.034 0.034 0.034 0.034 0.034
TYR-1A0201_003 0.000 0.000 0.000 0.000 0.000
VAL01A0203_001 1.000 1.000 1.000 1.000 1.000
THR01A0204_001 0.027 0.025 0.025 0.025 0.026
THR01A0204_002 0.957 0.959 0.959 0.959 0.958
THR01A0204_003 0.016 0.016 0.016 0.016 0.016
VAL01A0205_001 1.000 1.000 1.000 1.000 1.000
TRP01A0206_001 1.000 1.000 1.000 1.000 1.000
GLU01A0207_001 0.000 0.000 0.000 0.000 0.000
GLU01A0207_002 0.000 0.000 0.000 0.000 0.000
GLU02A0207_003 0.000 0.000 0.000 0.000 0.000
GLU02A0207_004 0.000 0.000 0.000 0.000 0.000
GLU-1A0207_005 1.000 1.000 1.000 1.000 1.000
LEU01A0208_001 1.000 1.000 1.000 1.000 1.000
MET01A0209_001 1.000 1.000 1.000 1.000 1.000
THR01A0210_001 1.000 1.000 1.000 1.000 1.000
THR01A0210_002 0.000 0.000 0.000 0.000 0.000
PHE01A0211_001 1.000 1.000 1.000 1.000 1.000
SER01A0213_001 0.611 0.609 0.609 0.610 0.610
SER01A0213_002 0.389 0.391 0.391 0.390 0.390
LYS01A0214_001 0.006 0.006 0.006 0.006 0.006
LYS+1A0214_002 0.994 0.994 0.994 0.994 0.994
PRO01A0215_001 1.000 1.000 1.000 1.000 1.000
TYR01A0216_001 1.000 1.000 1.000 1.000 1.000
TYR-1A0216_002 0.000 0.000 0.000 0.000 0.000
ASP01A0217_001 0.000 0.000 0.000 0.000 0.000
ASP01A0217_002 0.000 0.000 0.000 0.000 0.000
ASP02A0217_003 0.000 0.000 0.000 0.000 0.000
ASP02A0217_004 0.000 0.000 0.000 0.000 0.000
ASP-1A0217_005 1.000 1.000 1.000 1.000 1.000
ILE01A0219_001 1.000 1.000 1.000 1.000 1.000
PRO01A0220_001 1.000 1.000 1.000 1.000 1.000
ALA01A0221_001 1.000 1.000 1.000 1.000 1.000
SER01A0222_001 0.026 0.026 0.026 0.026 0.026
SER01A0222_002 0.974 0.974 0.974 0.974 0.974
GLU01A0223_001 0.000 0.000 0.000 0.000 0.000
GLU01A0223_002 0.000 0.000 0.000 0.000 0.000
GLU02A0223_003 0.000 0.000 0.000 0.000 0.000
GLU02A0223_004 0.002 0.000 0.000 0.002 0.000
GLU-1A0223_005 0.998 1.000 1.000 0.998 1.000
ILE01A0224_001 1.000 1.000 1.000 1.000 1.000
SER01A0225_001 0.242 0.241 0.241 0.242 0.241
SER01A0225_002 0.758 0.759 0.759 0.758 0.759
SER01A0226_001 0.679 0.680 0.680 0.679 0.679
SER01A0226_002 0.321 0.320 0.320 0.321 0.321
ILE01A0227_001 1.000 1.000 1.000 1.000 1.000
LEU01A0228_001 1.000 1.000 1.000 1.000 1.000
GLU01A0229_001 0.000 0.000 0.000 0.000 0.000
GLU01A0229_002 0.003 0.003 0.003 0.003 0.003
GLU02A0229_003 0.000 0.000 0.000 0.000 0.000
GLU02A0229_004 0.009 0.008 0.008 0.009 0.008
GLU-1A0229_005 0.988 0.989 0.989 0.988 0.989
LYS01A0230_001 0.000 0.000 0.000 0.000 0.000
LYS+1A0230_002 1.000 1.000 1.000 1.000 1.000
GLU01A0232_001 0.000 0.000 0.000 0.000 0.000
GLU01A0232_002 0.000 0.000 0.000 0.000 0.000
GLU02A0232_003 0.000 0.000 0.000 0.000 0.000
GLU02A0232_004 0.000 0.000 0.000 0.000 0.000
GLU-1A0232_005 1.000 1.000 1.000 1.000 1.000
ARG01A0233_001 0.000 0.000 0.000 0.000 0.000
ARG02A0233_002 0.000 0.000 0.000 0.000 0.000
ARG03A0233_003 0.000 0.000 0.000 0.000 0.000
ARG+1A0233_004 1.000 1.000 1.000 1.000 1.000
LEU01A0234_001 1.000 1.000 1.000 1.000 1.000
PRO01A0235_001 1.000 1.000 1.000 1.000 1.000
GLN01A0236_001 0.006 0.006 0.006 0.005 0.006
GLN01A0236_002 0.994 0.994 0.994 0.995 0.994
PRO01A0237_001 1.000 1.000 1.000 1.000 1.000
PRO01A0238_001 1.000 1.000 1.000 1.000 1.000
ILE01A0239_001 1.000 1.000 1.000 1.000 1.000
CYS01A0240_001 0.561 0.562 0.561 0.559 0.561
CYS01A0240_002 0.324 0.323 0.324 0.326 0.324
CYS01A0240_003 0.115 0.115 0.115 0.115 0.115
CYS-1A0240_004 0.000 0.000 0.000 0.000 0.000
THR01A0241_001 0.214 0.213 0.213 0.212 0.213
THR01A0241_002 0.786 0.787 0.787 0.788 0.787
ILE01A0242_001 1.000 1.000 1.000 1.000 1.000
ASP01A0243_001 0.000 0.000 0.000 0.000 0.000
ASP01A0243_002 0.000 0.000 0.000 0.000 0.000
ASP02A0243_003 0.000 0.000 0.000 0.000 0.000
ASP02A0243_004 0.000 0.000 0.000 0.000 0.000
ASP-1A0243_005 1.000 1.000 1.000 1.000 1.000
VAL01A0244_001 1.000 1.000 1.000 1.000 1.000
TYR01A0245_001 0.997 0.997 0.997 0.997 0.997
TYR01A0245_002 0.003 0.003 0.003 0.003 0.003
TYR-1A0245_003 0.000 0.000 0.000 0.000 0.000
MET01A0246_001 1.000 1.000 1.000 1.000 1.000
ILE01A0247_001 1.000 1.000 1.000 1.000 1.000
MET01A0248_001 1.000 1.000 1.000 1.000 1.000
ARG01A0249_001 0.000 0.000 0.000 0.000 0.000
ARG02A0249_002 0.000 0.000 0.000 0.000 0.000
ARG02A0249_003 0.000 0.000 0.000 0.000 0.000
ARG03A0249_004 0.000 0.000 0.000 0.000 0.000
ARG+1A0249_005 1.000 1.000 1.000 1.000 1.000
LYS01A0250_001 0.000 0.000 0.000 0.000 0.000
LYS+1A0250_002 1.000 1.000 1.000 1.000 1.000
CYS01A0251_001 0.189 0.189 0.190 0.190 0.190
CYS01A0251_002 0.592 0.594 0.593 0.593 0.594
CYS01A0251_003 0.219 0.217 0.218 0.217 0.216
CYS-1A0251_004 0.000 0.000 0.000 0.000 0.000
TRP01A0252_001 1.000 1.000 1.000 1.000 1.000
MET01A0253_001 1.000 1.000 1.000 1.000 1.000
ILE01A0254_001 1.000 1.000 1.000 1.000 1.000
ASP01A0255_001 0.000 0.000 0.000 0.000 0.000
ASP01A0255_002 0.000 0.000 0.000 0.000 0.000
ASP02A0255_003 0.000 0.000 0.000 0.000 0.000
ASP02A0255_004 0.000 0.000 0.000 0.000 0.000
ASP-1A0255_005 1.000 1.000 1.000 1.000 1.000
ALA01A0256_001 1.000 1.000 1.000 1.000 1.000
ASP01A0257_001 0.000 0.000 0.000 0.000 0.000
ASP01A0257_002 0.000 0.000 0.000 0.000 0.000
ASP02A0257_003 0.000 0.000 0.000 0.000 0.000
ASP02A0257_004 0.000 0.000 0.000 0.000 0.000
ASP-1A0257_005 1.000 1.000 1.000 1.000 1.000
SER01A0258_001 0.012 0.013 0.013 0.013 0.013
SER01A0258_002 0.988 0.987 0.987 0.987 0.987
ARG01A0259_001 0.000 0.000 0.000 0.000 0.000
ARG02A0259_002 0.000 0.000 0.000 0.000 0.000
ARG02A0259_003 0.000 0.000 0.000 0.000 0.000
ARG03A0259_004 0.000 0.000 0.000 0.000 0.000
ARG03A0259_005 0.000 0.000 0.000 0.000 0.000
ARG+1A0259_006 1.000 1.000 1.000 1.000 1.000
PRO01A0260_001 1.000 1.000 1.000 1.000 1.000
LYS01A0261_001 0.000 0.000 0.000 0.000 0.000
LYS+1A0261_002 1.000 1.000 1.000 1.000 1.000
PHE01A0262_001 1.000 1.000 1.000 1.000 1.000
ARG01A0263_001 0.000 0.000 0.000 0.000 0.000
ARG02A0263_002 0.000 0.000 0.000 0.000 0.000
ARG03A0263_003 0.000 0.000 0.000 0.000 0.000
ARG+1A0263_004 1.000 1.000 1.000 1.000 1.000
GLU01A0264_001 0.000 0.000 0.000 0.000 0.000
GLU01A0264_002 0.000 0.000 0.000 0.000 0.000
GLU02A0264_003 0.000 0.000 0.000 0.000 0.000
GLU02A0264_004 0.000 0.000 0.000 0.000 0.000
GLU-1A0264_005 1.000 1.000 1.000 1.000 1.000
LEU01A0265_001 1.000 1.000 1.000 1.000 1.000
ILE01A0266_001 1.000 1.000 1.000 1.000 1.000
ILE01A0267_001 1.000 1.000 1.000 1.000 1.000
GLU01A0268_001 0.000 0.000 0.000 0.000 0.000
GLU01A0268_002 0.000 0.000 0.000 0.000 0.000
GLU02A0268_003 0.000 0.000 0.000 0.000 0.000
GLU02A0268_004 0.000 0.000 0.000 0.000 0.000
GLU-1A0268_005 1.000 1.000 1.000 1.000 1.000
PHE01A0269_001 1.000 1.000 1.000 1.000 1.000
SER01A0270_001 0.039 0.039 0.038 0.039 0.038
SER01A0270_002 0.961 0.961 0.962 0.961 0.962
LYS01A0271_001 0.000 0.000 0.000 0.000 0.000
LYS+1A0271_002 1.000 1.000 1.000 1.000 1.000
MET01A0272_001 1.000 1.000 1.000 1.000 1.000
ALA01A0273_001 1.000 1.000 1.000 1.000 1.000
ARG01A0274_001 0.000 0.000 0.000 0.000 0.000
ARG02A0274_002 0.000 0.000 0.000 0.000 0.000
ARG03A0274_003 0.000 0.000 0.000 0.000 0.000
ARG+1A0274_004 1.000 1.000 1.000 1.000 1.000
ASP01A0275_001 0.000 0.000 0.000 0.000 0.000
ASP01A0275_002 0.000 0.000 0.000 0.000 0.000
ASP02A0275_003 0.000 0.000 0.000 0.000 0.000
ASP02A0275_004 0.000 0.000 0.000 0.000 0.000
ASP-1A0275_005 1.000 1.000 1.000 1.000 1.000
PRO01A0276_001 1.000 1.000 1.000 1.000 1.000
GLN01A0277_001 0.026 0.026 0.026 0.026 0.026
GLN01A0277_002 0.974 0.974 0.974 0.974 0.974
ARG01A0278_001 0.000 0.000 0.000 0.000 0.000
ARG02A0278_002 0.000 0.000 0.000 0.000 0.000
ARG03A0278_003 0.000 0.000 0.000 0.000 0.000
ARG03A0278_004 0.000 0.000 0.000 0.000 0.000
ARG+1A0278_005 1.000 1.000 1.000 1.000 1.000
TYR01A0279_001 0.388 0.387 0.387 0.388 0.387
TYR01A0279_002 0.612 0.613 0.613 0.612 0.613
TYR-1A0279_003 0.000 0.000 0.000 0.000 0.000
LEU01A0280_001 1.000 1.000 1.000 1.000 1.000
VAL01A0281_001 1.000 1.000 1.000 1.000 1.000
ILE01A0282_001 1.000 1.000 1.000 1.000 1.000
GLN01A0283_001 0.463 0.463 0.462 0.462 0.463
GLN01A0283_002 0.537 0.537 0.538 0.538 0.537
ASP01A0285_001 0.000 0.000 0.000 0.000 0.000
ASP01A0285_002 0.000 0.000 0.000 0.000 0.000
ASP02A0285_003 0.000 0.000 0.000 0.000 0.000
ASP02A0285_004 0.000 0.000 0.000 0.000 0.000
ASP-1A0285_005 1.000 1.000 1.000 1.000 1.000
GLU01A0286_001 0.000 0.000 0.000 0.000 0.000
GLU01A0286_002 0.000 0.000 0.000 0.000 0.000
GLU02A0286_003 0.000 0.000 0.000 0.000 0.000
GLU02A0286_004 0.000 0.000 0.000 0.000 0.000
GLU-1A0286_005 1.000 1.000 1.000 1.000 1.000
ARG01A0287_001 0.000 0.000 0.000 0.000 0.000
ARG02A0287_002 0.000 0.000 0.000 0.000 0.000
ARG03A0287_003 0.000 0.000 0.000 0.000 0.000
ARG+1A0287_004 1.000 1.000 1.000 1.000 1.000
MET01A0288_001 1.000 1.000 1.000 1.000 1.000
HIS01A0289_001 0.316 0.319 0.315 0.317 0.317
HIS02A0289_002 0.024 0.024 0.024 0.024 0.023
HIS+1A0289_003 0.660 0.657 0.661 0.659 0.659
LEU01A0290_001 1.000 1.000 1.000 1.000 1.000
PRO01A0291_001 1.000 1.000 1.000 1.000 1.000
SER01A0292_001 0.048 0.048 0.049 0.048 0.048
SER01A0292_002 0.000 0.000 0.000 0.000 0.000
SER01A0292_003 0.952 0.952 0.951 0.952 0.952
PRO01A0293_001 1.000 1.000 1.000 1.000 1.000
THR01A0294_001 0.803 0.803 0.803 0.802 0.802
THR01A0294_002 0.197 0.197 0.197 0.198 0.198
ASP01A0295_001 0.000 0.000 0.000 0.000 0.000
ASP01A0295_002 0.000 0.000 0.000 0.000 0.000
ASP02A0295_003 0.000 0.000 0.000 0.000 0.000
ASP02A0295_004 0.000 0.000 0.000 0.000 0.000
ASP-1A0295_005 1.000 1.000 1.000 1.000 1.000
SER01A0296_001 1.000 1.000 1.000 1.000 1.000
ASN01A0297_001 0.900 0.900 0.900 0.898 0.899
ASN01A0297_002 0.100 0.100 0.100 0.102 0.101
PHE01A0298_001 1.000 1.000 1.000 1.000 1.000
TYR01A0299_001 0.999 0.999 0.999 0.999 0.999
TYR-1A0299_002 0.001 0.001 0.001 0.001 0.001
ARG01A0300_001 0.000 0.000 0.000 0.000 0.000
ARG02A0300_002 0.000 0.000 0.000 0.000 0.000
ARG03A0300_003 0.000 0.000 0.000 0.000 0.000
ARG03A0300_004 0.000 0.000 0.000 0.000 0.000
ARG+1A0300_005 1.000 1.000 1.000 1.000 1.000
ALA01A0301_001 1.000 1.000 1.000 1.000 1.000
LEU01A0302_001 1.000 1.000 1.000 1.000 1.000
MET01A0303_001 1.000 1.000 1.000 1.000 1.000
ASP01A0304_001 0.000 0.000 0.000 0.000 0.000
ASP01A0304_002 0.000 0.000 0.000 0.000 0.000
ASP02A0304_003 0.000 0.000 0.000 0.000 0.000
ASP02A0304_004 0.000 0.000 0.000 0.000 0.000
ASP-1A0304_005 1.000 1.000 1.000 1.000 1.000
GLU01A0305_001 0.000 0.000 0.000 0.000 0.000
GLU01A0305_002 0.000 0.000 0.000 0.000 0.000
GLU02A0305_003 0.000 0.000 0.000 0.000 0.000
GLU02A0305_004 0.000 0.000 0.000 0.000 0.000
GLU-1A0305_005 1.000 1.000 1.000 1.000 1.000
GLU01A0306_001 0.000 0.000 0.000 0.000 0.000
GLU01A0306_002 0.000 0.000 0.000 0.000 0.000
GLU02A0306_003 0.000 0.000 0.000 0.000 0.000
GLU02A0306_004 0.000 0.000 0.000 0.000 0.000
GLU-1A0306_005 1.000 1.000 1.000 1.000 1.000
ASP01A0307_001 0.000 0.000 0.000 0.000 0.000
ASP01A0307_002 0.000 0.000 0.000 0.000 0.000
ASP02A0307_003 0.000 0.000 0.000 0.000 0.000
ASP02A0307_004 0.000 0.000 0.000 0.000 0.000
ASP-1A0307_005 1.000 1.000 1.000 1.000 1.000
MET01A0308_001 1.000 1.000 1.000 1.000 1.000
ASP01A0309_001 0.000 0.000 0.000 0.000 0.000
ASP01A0309_002 0.000 0.000 0.000 0.000 0.000
ASP02A0309_003 0.000 0.000 0.000 0.000 0.000
ASP02A0309_004 0.000 0.000 0.000 0.000 0.000
ASP-1A0309_005 1.000 1.000 1.000 1.000 1.000
ASP01A0310_001 0.000 0.000 0.000 0.000 0.000
ASP01A0310_002 0.000 0.000 0.000 0.000 0.000
ASP02A0310_003 0.000 0.000 0.000 0.000 0.000
ASP02A0310_004 0.000 0.000 0.000 0.000 0.000
ASP-1A0310_005 1.000 1.000 1.000 1.000 1.000
VAL01A0311_001 1.000 1.000 1.000 1.000 1.000
VAL01A0312_001 1.000 1.000 1.000 1.000 1.000
ASP01A0313_001 0.000 0.000 0.000 0.000 0.000
ASP01A0313_002 0.000 0.000 0.000 0.000 0.000
ASP02A0313_003 0.000 0.000 0.000 0.000 0.000
ASP02A0313_004 0.000 0.000 0.000 0.000 0.000
ASP-1A0313_005 1.000 1.000 1.000 1.000 1.000
ALA01A0314_001 1.000 1.000 1.000 1.000 1.000
ASP01A0315_001 0.000 0.000 0.000 0.000 0.000
ASP01A0315_002 0.000 0.000 0.000 0.000 0.000
ASP02A0315_003 0.000 0.000 0.000 0.000 0.000
ASP02A0315_004 0.000 0.000 0.000 0.000 0.000
ASP-1A0315_005 1.000 1.000 1.000 1.000 1.000
IRE01B0001_001 0.024 0.024 0.024 0.024 0.024
IRE01B0001_002 0.203 0.204 0.204 0.203 0.205
IRE+1B0001_003 0.059 0.059 0.059 0.059 0.059
IRE+1B0001_004 0.713 0.714 0.713 0.714 0.712
IRE+2B0001_005 0.000 0.000 0.000 0.000 0.000
IRE+2B0001_006 0.000 0.000 0.000 0.000 0.000
IRE+3B0001_007 0.000 0.000 0.000 0.000 0.000
IRE+3B0001_008 0.000 0.000 0.000 0.000 0.000
IRE+3B0001_009 0.000 0.000 0.000 0.000 0.000
IRE+3B0001_010 0.000 0.000 0.000 0.000 0.000
IRE+aB0001_011 0.000 0.000 0.000 0.000 0.000
IREDMB0001_012 0.000 0.000 0.000 0.000 0.000
