 ph              7.4   7.4   7.4   7.4   7.4
SER01A0001_001 0.000 0.000 0.000 0.000 0.000
SER01A0001_002 1.000 1.000 1.000 1.000 1.000
THR01A0002_001 1.000 1.000 1.000 1.000 1.000
ILE01A0003_001 1.000 1.000 1.000 1.000 1.000
MET01A0004_001 1.000 1.000 1.000 1.000 1.000
THR01A0005_001 0.421 0.420 0.419 0.420 0.419
THR01A0005_002 0.579 0.580 0.581 0.580 0.581
ASP01A0006_001 0.000 0.000 0.000 0.000 0.000
ASP01A0006_002 0.002 0.002 0.002 0.002 0.003
ASP02A0006_003 0.000 0.000 0.000 0.000 0.000
ASP02A0006_004 0.002 0.002 0.002 0.002 0.000
ASP-1A0006_005 0.996 0.996 0.996 0.996 0.997
TYR01A0007_001 1.000 1.000 1.000 1.000 1.000
TYR-1A0007_002 0.000 0.000 0.000 0.000 0.000
ASN01A0008_001 0.910 0.910 0.910 0.910 0.910
ASN01A0008_002 0.090 0.090 0.090 0.090 0.090
PRO01A0009_001 1.000 1.000 1.000 1.000 1.000
ASN01A0010_001 0.413 0.415 0.414 0.413 0.415
ASN01A0010_002 0.587 0.585 0.586 0.587 0.585
TYR01A0011_001 1.000 1.000 1.000 1.000 1.000
TYR-1A0011_002 0.000 0.000 0.000 0.000 0.000
CYS01A0012_001 0.381 0.381 0.379 0.380 0.382
CYS01A0012_002 0.243 0.242 0.242 0.242 0.242
CYS01A0012_003 0.361 0.361 0.362 0.362 0.360
CYS-1A0012_004 0.015 0.016 0.016 0.015 0.015
PHE01A0013_001 1.000 1.000 1.000 1.000 1.000
ALA01A0014_001 1.000 1.000 1.000 1.000 1.000
LYS01A0016_001 0.000 0.000 0.000 0.000 0.000
LYS+1A0016_002 1.000 1.000 1.000 1.000 1.000
THR01A0017_001 0.098 0.099 0.099 0.099 0.098
THR01A0017_002 0.902 0.901 0.901 0.901 0.902
SER01A0018_001 0.010 0.010 0.010 0.010 0.010
SER01A0018_002 0.043 0.044 0.043 0.043 0.043
SER01A0018_003 0.947 0.946 0.947 0.947 0.947
SER01A0019_001 0.984 0.984 0.984 0.984 0.984
SER01A0019_002 0.016 0.016 0.016 0.016 0.016
ILE01A0020_001 1.000 1.000 1.000 1.000 1.000
SER01A0021_001 0.043 0.043 0.042 0.043 0.043
SER01A0021_002 0.134 0.132 0.133 0.134 0.132
SER01A0021_003 0.823 0.825 0.825 0.823 0.825
ASP01A0022_001 0.000 0.000 0.000 0.000 0.000
ASP01A0022_002 0.000 0.000 0.000 0.000 0.000
ASP02A0022_003 0.000 0.000 0.000 0.000 0.000
ASP02A0022_004 0.000 0.000 0.000 0.000 0.000
ASP-1A0022_005 1.000 1.000 1.000 1.000 1.000
LEU01A0023_001 1.000 1.000 1.000 1.000 1.000
LYS01A0024_001 0.000 0.000 0.000 0.000 0.000
LYS+1A0024_002 1.000 1.000 1.000 1.000 1.000
GLU01A0025_001 0.000 0.000 0.000 0.000 0.000
GLU01A0025_002 0.000 0.000 0.000 0.000 0.000
GLU02A0025_003 0.000 0.000 0.000 0.000 0.000
GLU02A0025_004 0.000 0.000 0.000 0.000 0.000
GLU-1A0025_005 1.000 1.000 1.000 1.000 1.000
VAL01A0026_001 1.000 1.000 1.000 1.000 1.000
PRO01A0027_001 1.000 1.000 1.000 1.000 1.000
ARG01A0028_001 0.000 0.000 0.000 0.000 0.000
ARG02A0028_002 0.000 0.000 0.000 0.000 0.000
ARG03A0028_003 0.000 0.000 0.000 0.000 0.000
ARG03A0028_004 0.000 0.000 0.000 0.000 0.000
ARG+1A0028_005 1.000 1.000 1.000 1.000 1.000
LYS01A0029_001 0.014 0.014 0.014 0.013 0.014
LYS+1A0029_002 0.986 0.986 0.986 0.987 0.986
ASN01A0030_001 0.977 0.977 0.977 0.977 0.977
ASN01A0030_002 0.023 0.023 0.023 0.023 0.023
ILE01A0031_001 1.000 1.000 1.000 1.000 1.000
THR01A0032_001 0.364 0.366 0.365 0.365 0.366
THR01A0032_002 0.636 0.634 0.635 0.635 0.634
LEU01A0033_001 1.000 1.000 1.000 1.000 1.000
ILE01A0034_001 1.000 1.000 1.000 1.000 1.000
ARG01A0035_001 0.000 0.000 0.000 0.000 0.000
ARG02A0035_002 0.000 0.000 0.000 0.000 0.000
ARG02A0035_003 0.000 0.000 0.000 0.000 0.000
ARG03A0035_004 0.000 0.000 0.000 0.000 0.000
ARG+1A0035_005 1.000 1.000 1.000 1.000 1.000
LEU01A0037_001 1.000 1.000 1.000 1.000 1.000
HIS01A0039_001 0.000 0.000 0.000 0.000 0.000
HIS01A0039_002 0.087 0.088 0.088 0.087 0.087
HIS02A0039_003 0.000 0.000 0.000 0.000 0.000
HIS02A0039_004 0.335 0.334 0.332 0.332 0.333
HIS+1A0039_005 0.000 0.000 0.000 0.000 0.000
HIS+1A0039_006 0.579 0.578 0.580 0.581 0.579
ALA01A0041_001 1.000 1.000 1.000 1.000 1.000
PHE01A0042_001 1.000 1.000 1.000 1.000 1.000
GLU01A0044_001 0.000 0.000 0.000 0.000 0.000
GLU01A0044_002 0.000 0.000 0.000 0.000 0.000
GLU02A0044_003 0.000 0.000 0.000 0.000 0.000
GLU02A0044_004 0.000 0.000 0.000 0.000 0.000
GLU-1A0044_005 1.000 1.000 1.000 1.000 1.000
VAL01A0045_001 1.000 1.000 1.000 1.000 1.000
TYR01A0046_001 0.998 0.998 0.998 0.998 0.998
TYR01A0046_002 0.002 0.002 0.002 0.002 0.002
TYR-1A0046_003 0.000 0.000 0.000 0.000 0.000
GLU01A0047_001 0.000 0.000 0.000 0.000 0.000
GLU01A0047_002 0.000 0.000 0.000 0.000 0.000
GLU02A0047_003 0.000 0.000 0.000 0.000 0.000
GLU02A0047_004 0.000 0.000 0.000 0.000 0.000
GLU-1A0047_005 1.000 1.000 1.000 1.000 1.000
GLN01A0049_001 0.230 0.231 0.231 0.231 0.230
GLN01A0049_002 0.770 0.769 0.769 0.769 0.770
VAL01A0050_001 1.000 1.000 1.000 1.000 1.000
SER01A0051_001 1.000 1.000 1.000 1.000 1.000
MET01A0053_001 1.000 1.000 1.000 1.000 1.000
PRO01A0054_001 1.000 1.000 1.000 1.000 1.000
ASN01A0055_001 0.000 0.000 0.000 0.000 0.000
ASN01A0055_002 1.000 1.000 1.000 1.000 1.000
ASP01A0056_001 0.000 0.000 0.000 0.000 0.000
ASP01A0056_002 0.000 0.000 0.000 0.000 0.000
ASP02A0056_003 0.000 0.000 0.000 0.000 0.000
ASP02A0056_004 0.000 0.000 0.000 0.000 0.000
ASP-1A0056_005 1.000 1.000 1.000 1.000 1.000
PRO01A0057_001 1.000 1.000 1.000 1.000 1.000
SER01A0058_001 1.000 1.000 1.000 1.000 1.000
SER01A0058_002 0.000 0.000 0.000 0.000 0.000
PRO01A0059_001 1.000 1.000 1.000 1.000 1.000
LEU01A0060_001 1.000 1.000 1.000 1.000 1.000
GLN01A0061_001 0.016 0.017 0.017 0.016 0.016
GLN01A0061_002 0.984 0.983 0.983 0.984 0.984
VAL01A0062_001 1.000 1.000 1.000 1.000 1.000
ALA01A0063_001 1.000 1.000 1.000 1.000 1.000
VAL01A0064_001 1.000 1.000 1.000 1.000 1.000
LYS01A0065_001 0.000 0.000 0.000 0.000 0.000
LYS+1A0065_002 1.000 1.000 1.000 1.000 1.000
THR01A0066_001 1.000 1.000 1.000 1.000 1.000
LEU01A0067_001 1.000 1.000 1.000 1.000 1.000
PRO01A0068_001 1.000 1.000 1.000 1.000 1.000
GLU01A0069_001 0.000 0.000 0.000 0.000 0.000
GLU01A0069_002 0.000 0.000 0.000 0.000 0.000
GLU02A0069_003 0.000 0.000 0.000 0.000 0.000
GLU02A0069_004 0.002 0.000 0.001 0.000 0.000
GLU-1A0069_005 0.998 1.000 0.999 1.000 1.000
VAL01A0070_001 1.000 1.000 1.000 1.000 1.000
CYS01A0071_001 0.273 0.273 0.272 0.273 0.274
CYS01A0071_002 0.427 0.426 0.428 0.426 0.426
CYS01A0071_003 0.300 0.300 0.300 0.301 0.300
CYS-1A0071_004 0.000 0.000 0.000 0.000 0.000
SER01A0072_001 0.458 0.457 0.457 0.459 0.458
SER01A0072_002 0.000 0.000 0.000 0.000 0.000
SER01A0072_003 0.542 0.543 0.543 0.541 0.542
GLU01A0073_001 0.000 0.000 0.000 0.000 0.000
GLU01A0073_002 0.000 0.000 0.000 0.000 0.000
GLU02A0073_003 0.000 0.000 0.000 0.000 0.000
GLU02A0073_004 0.000 0.001 0.000 0.002 0.000
GLU-1A0073_005 1.000 0.999 1.000 0.998 1.000
GLN01A0074_001 1.000 1.000 1.000 1.000 1.000
ASP01A0075_001 0.000 0.000 0.000 0.000 0.000
ASP01A0075_002 0.000 0.002 0.002 0.000 0.002
ASP02A0075_003 0.000 0.000 0.000 0.000 0.000
ASP02A0075_004 0.000 0.000 0.000 0.000 0.000
ASP-1A0075_005 1.000 0.998 0.998 1.000 0.998
GLU01A0076_001 0.000 0.000 0.000 0.000 0.000
GLU01A0076_002 0.000 0.000 0.000 0.000 0.000
GLU02A0076_003 0.000 0.000 0.000 0.000 0.000
GLU02A0076_004 0.000 0.000 0.000 0.000 0.000
GLU-1A0076_005 1.000 1.000 1.000 1.000 1.000
LEU01A0077_001 1.000 1.000 1.000 1.000 1.000
ASP01A0078_001 0.000 0.000 0.000 0.000 0.000
ASP01A0078_002 0.000 0.000 0.000 0.000 0.000
ASP02A0078_003 0.000 0.000 0.000 0.000 0.000
ASP02A0078_004 0.018 0.018 0.018 0.018 0.018
ASP-1A0078_005 0.982 0.982 0.982 0.982 0.982
PHE01A0079_001 1.000 1.000 1.000 1.000 1.000
LEU01A0080_001 1.000 1.000 1.000 1.000 1.000
MET01A0081_001 1.000 1.000 1.000 1.000 1.000
GLU01A0082_001 0.000 0.000 0.000 0.000 0.000
GLU01A0082_002 0.000 0.000 0.000 0.000 0.000
GLU02A0082_003 0.000 0.000 0.000 0.000 0.000
GLU02A0082_004 0.000 0.000 0.000 0.000 0.000
GLU-1A0082_005 1.000 1.000 1.000 1.000 1.000
ALA01A0083_001 1.000 1.000 1.000 1.000 1.000
LEU01A0084_001 1.000 1.000 1.000 1.000 1.000
ILE01A0085_001 1.000 1.000 1.000 1.000 1.000
ILE01A0086_001 1.000 1.000 1.000 1.000 1.000
SER01A0087_001 0.161 0.162 0.162 0.161 0.160
SER01A0087_002 0.658 0.657 0.658 0.658 0.660
SER01A0087_003 0.181 0.181 0.181 0.181 0.180
LYS01A0088_001 0.967 0.966 0.966 0.966 0.966
LYS+1A0088_002 0.033 0.034 0.034 0.034 0.034
PHE01A0089_001 1.000 1.000 1.000 1.000 1.000
ASN01A0090_001 1.000 1.000 1.000 1.000 1.000
ASN01A0090_002 0.000 0.000 0.000 0.000 0.000
HIS01A0091_001 1.000 1.000 0.999 1.000 1.000
HIS01A0091_002 0.000 0.000 0.000 0.000 0.000
HIS02A0091_003 0.000 0.000 0.001 0.000 0.000
HIS02A0091_004 0.000 0.000 0.000 0.000 0.000
HIS+1A0091_005 0.000 0.000 0.000 0.000 0.000
HIS+1A0091_006 0.000 0.000 0.000 0.000 0.000
GLN01A0092_001 1.000 1.000 1.000 1.000 1.000
ASN01A0093_001 1.000 1.000 1.000 1.000 1.000
ASN01A0093_002 0.000 0.000 0.000 0.000 0.000
ILE01A0094_001 1.000 1.000 1.000 1.000 1.000
VAL01A0095_001 1.000 1.000 1.000 1.000 1.000
ARG01A0096_001 0.000 0.000 0.000 0.000 0.000
ARG02A0096_002 0.000 0.000 0.000 0.000 0.000
ARG02A0096_003 0.000 0.000 0.000 0.000 0.000
ARG03A0096_004 0.000 0.000 0.000 0.000 0.000
ARG+1A0096_005 1.000 1.000 1.000 1.000 1.000
CYS01A0097_001 0.289 0.287 0.288 0.288 0.290
CYS01A0097_002 0.507 0.508 0.508 0.508 0.508
CYS01A0097_003 0.204 0.205 0.204 0.204 0.203
CYS-1A0097_004 0.000 0.000 0.000 0.000 0.000
ILE01A0098_001 1.000 1.000 1.000 1.000 1.000
VAL01A0100_001 1.000 1.000 1.000 1.000 1.000
SER01A0101_001 0.000 0.000 0.000 0.000 0.000
SER01A0101_002 1.000 1.000 1.000 1.000 1.000
SER01A0101_003 0.000 0.000 0.000 0.000 0.000
LEU01A0102_001 1.000 1.000 1.000 1.000 1.000
GLN01A0103_001 0.802 0.802 0.803 0.803 0.803
GLN01A0103_002 0.198 0.198 0.197 0.197 0.197
SER01A0104_001 1.000 1.000 1.000 1.000 1.000
LEU01A0105_001 1.000 1.000 1.000 1.000 1.000
PRO01A0106_001 1.000 1.000 1.000 1.000 1.000
ARG01A0107_001 0.000 0.000 0.000 0.000 0.000
ARG02A0107_002 0.000 0.000 0.000 0.000 0.000
ARG03A0107_003 0.000 0.000 0.000 0.000 0.000
ARG03A0107_004 0.000 0.000 0.000 0.000 0.000
ARG+1A0107_005 1.000 1.000 1.000 1.000 1.000
PHE01A0108_001 1.000 1.000 1.000 1.000 1.000
ILE01A0109_001 1.000 1.000 1.000 1.000 1.000
LEU01A0110_001 1.000 1.000 1.000 1.000 1.000
LEU01A0111_001 1.000 1.000 1.000 1.000 1.000
GLU01A0112_001 0.000 0.000 0.000 0.000 0.000
GLU01A0112_002 0.000 0.000 0.000 0.000 0.000
GLU02A0112_003 0.000 0.000 0.000 0.000 0.000
GLU02A0112_004 0.000 0.000 0.000 0.000 0.000
GLU-1A0112_005 1.000 1.000 1.000 1.000 1.000
LEU01A0113_001 1.000 1.000 1.000 1.000 1.000
MET01A0114_001 1.000 1.000 1.000 1.000 1.000
ALA01A0115_001 1.000 1.000 1.000 1.000 1.000
ASP01A0118_001 0.000 0.000 0.000 0.000 0.000
ASP01A0118_002 0.000 0.000 0.000 0.000 0.000
ASP02A0118_003 0.000 0.000 0.000 0.000 0.000
ASP02A0118_004 0.000 0.000 0.000 0.000 0.000
ASP-1A0118_005 1.000 1.000 1.000 1.000 1.000
LEU01A0119_001 1.000 1.000 1.000 1.000 1.000
LYS01A0120_001 0.140 0.140 0.141 0.140 0.140
LYS+1A0120_002 0.860 0.860 0.859 0.860 0.860
SER01A0121_001 0.007 0.007 0.007 0.007 0.007
SER01A0121_002 0.491 0.489 0.492 0.491 0.489
SER01A0121_003 0.502 0.504 0.501 0.502 0.504
PHE01A0122_001 1.000 1.000 1.000 1.000 1.000
LEU01A0123_001 1.000 1.000 1.000 1.000 1.000
ARG01A0124_001 0.000 0.000 0.000 0.000 0.000
ARG02A0124_002 0.000 0.000 0.000 0.000 0.000
ARG03A0124_003 0.000 0.000 0.000 0.000 0.000
ARG+1A0124_004 1.000 1.000 1.000 1.000 1.000
GLU01A0125_001 0.000 0.000 0.000 0.000 0.000
GLU01A0125_002 0.000 0.000 0.000 0.000 0.000
GLU02A0125_003 0.000 0.000 0.000 0.000 0.000
GLU02A0125_004 0.000 0.000 0.000 0.000 0.000
GLU-1A0125_005 1.000 1.000 1.000 1.000 1.000
THR01A0126_001 0.166 0.163 0.164 0.165 0.165
THR01A0126_002 0.834 0.837 0.836 0.835 0.835
ARG01A0127_001 0.000 0.000 0.000 0.000 0.000
ARG02A0127_002 0.000 0.000 0.000 0.000 0.000
ARG02A0127_003 0.000 0.000 0.000 0.000 0.000
ARG03A0127_004 0.000 0.000 0.000 0.000 0.000
ARG+1A0127_005 1.000 1.000 1.000 1.000 1.000
PRO01A0128_001 1.000 1.000 1.000 1.000 1.000
ARG01A0129_001 0.000 0.000 0.000 0.000 0.000
ARG02A0129_002 0.000 0.000 0.000 0.000 0.000
ARG02A0129_003 0.000 0.000 0.000 0.000 0.000
ARG03A0129_004 0.000 0.000 0.000 0.000 0.000
ARG+1A0129_005 1.000 1.000 1.000 1.000 1.000
PRO01A0130_001 1.000 1.000 1.000 1.000 1.000
SER01A0131_001 1.000 1.000 1.000 1.000 1.000
GLN01A0132_001 0.553 0.552 0.552 0.552 0.551
GLN01A0132_002 0.447 0.448 0.448 0.448 0.449
PRO01A0133_001 1.000 1.000 1.000 1.000 1.000
SER01A0134_001 1.000 1.000 1.000 1.000 1.000
SER01A0135_001 1.000 1.000 1.000 1.000 1.000
LEU01A0136_001 1.000 1.000 1.000 1.000 1.000
ALA01A0137_001 1.000 1.000 1.000 1.000 1.000
MET01A0138_001 1.000 1.000 1.000 1.000 1.000
LEU01A0139_001 1.000 1.000 1.000 1.000 1.000
ASP01A0140_001 0.000 0.000 0.000 0.000 0.000
ASP01A0140_002 0.000 0.000 0.000 0.000 0.000
ASP02A0140_003 0.000 0.000 0.000 0.000 0.000
ASP02A0140_004 0.000 0.000 0.000 0.000 0.000
ASP-1A0140_005 1.000 1.000 1.000 1.000 1.000
LEU01A0141_001 1.000 1.000 1.000 1.000 1.000
LEU01A0142_001 1.000 1.000 1.000 1.000 1.000
HIS01A0143_001 0.088 0.089 0.089 0.088 0.089
HIS01A0143_002 0.327 0.327 0.327 0.327 0.325
HIS02A0143_003 0.242 0.241 0.241 0.242 0.242
HIS02A0143_004 0.271 0.272 0.271 0.271 0.273
HIS+1A0143_005 0.045 0.044 0.045 0.044 0.044
HIS+1A0143_006 0.027 0.027 0.027 0.027 0.027
VAL01A0144_001 1.000 1.000 1.000 1.000 1.000
ALA01A0145_001 1.000 1.000 1.000 1.000 1.000
ARG01A0146_001 0.000 0.000 0.000 0.000 0.000
ARG02A0146_002 0.000 0.000 0.000 0.000 0.000
ARG02A0146_003 0.000 0.000 0.000 0.000 0.000
ARG03A0146_004 0.000 0.000 0.000 0.000 0.000
ARG03A0146_005 0.000 0.000 0.000 0.000 0.000
ARG+1A0146_006 1.000 1.000 1.000 1.000 1.000
ASP01A0147_001 0.000 0.000 0.000 0.000 0.000
ASP01A0147_002 0.000 0.000 0.000 0.000 0.000
ASP02A0147_003 0.000 0.000 0.000 0.000 0.000
ASP02A0147_004 0.003 0.003 0.003 0.003 0.003
ASP-1A0147_005 0.997 0.997 0.997 0.997 0.997
ILE01A0148_001 1.000 1.000 1.000 1.000 1.000
ALA01A0149_001 1.000 1.000 1.000 1.000 1.000
CYS01A0150_001 0.109 0.109 0.109 0.109 0.109
CYS01A0150_002 0.453 0.451 0.452 0.452 0.453
CYS01A0150_003 0.438 0.440 0.439 0.439 0.438
CYS-1A0150_004 0.000 0.000 0.000 0.000 0.000
CYS01A0152_001 0.555 0.555 0.553 0.555 0.553
CYS01A0152_002 0.242 0.244 0.244 0.243 0.244
CYS01A0152_003 0.204 0.201 0.202 0.202 0.203
CYS-1A0152_004 0.000 0.000 0.000 0.000 0.000
GLN01A0153_001 0.314 0.313 0.313 0.313 0.315
GLN01A0153_002 0.686 0.687 0.687 0.687 0.685
TYR01A0154_001 1.000 1.000 1.000 1.000 1.000
TYR-1A0154_002 0.000 0.000 0.000 0.000 0.000
LEU01A0155_001 1.000 1.000 1.000 1.000 1.000
GLU01A0156_001 0.000 0.000 0.000 0.000 0.000
GLU01A0156_002 0.000 0.000 0.000 0.000 0.000
GLU02A0156_003 0.000 0.000 0.000 0.000 0.000
GLU02A0156_004 0.000 0.000 0.000 0.000 0.000
GLU-1A0156_005 1.000 1.000 1.000 1.000 1.000
GLU01A0157_001 0.000 0.000 0.000 0.000 0.000
GLU01A0157_002 0.001 0.001 0.000 0.000 0.001
GLU02A0157_003 0.000 0.000 0.000 0.000 0.000
GLU02A0157_004 0.004 0.004 0.006 0.007 0.004
GLU-1A0157_005 0.995 0.995 0.993 0.993 0.995
ASN01A0158_001 0.977 0.978 0.978 0.978 0.978
ASN01A0158_002 0.023 0.022 0.022 0.022 0.022
HIS01A0159_001 0.035 0.036 0.036 0.036 0.036
HIS01A0159_002 0.141 0.142 0.142 0.143 0.142
HIS02A0159_003 0.074 0.073 0.074 0.074 0.073
HIS02A0159_004 0.128 0.128 0.129 0.129 0.129
HIS+1A0159_005 0.281 0.283 0.280 0.281 0.282
HIS+1A0159_006 0.340 0.338 0.339 0.337 0.338
PHE01A0160_001 1.000 1.000 1.000 1.000 1.000
ILE01A0161_001 1.000 1.000 1.000 1.000 1.000
HIS01A0162_001 1.000 1.000 1.000 1.000 1.000
HIS02A0162_002 0.000 0.000 0.000 0.000 0.000
HIS+1A0162_003 0.000 0.000 0.000 0.000 0.000
ARG01A0163_001 0.000 0.000 0.000 0.000 0.000
ARG02A0163_002 0.000 0.000 0.000 0.000 0.000
ARG03A0163_003 0.000 0.000 0.000 0.000 0.000
ARG+1A0163_004 1.000 1.000 1.000 1.000 1.000
ASP01A0164_001 0.000 0.000 0.000 0.000 0.000
ASP01A0164_002 0.000 0.000 0.000 0.000 0.000
ASP02A0164_003 0.000 0.000 0.000 0.000 0.000
ASP02A0164_004 0.000 0.000 0.000 0.000 0.000
ASP-1A0164_005 1.000 1.000 1.000 1.000 1.000
ILE01A0165_001 1.000 1.000 1.000 1.000 1.000
ALA01A0166_001 1.000 1.000 1.000 1.000 1.000
ALA01A0167_001 1.000 1.000 1.000 1.000 1.000
ARG01A0168_001 0.000 0.000 0.000 0.000 0.000
ARG02A0168_002 0.000 0.000 0.000 0.000 0.000
ARG02A0168_003 0.000 0.000 0.000 0.000 0.000
ARG03A0168_004 0.000 0.000 0.000 0.000 0.000
ARG03A0168_005 0.000 0.000 0.000 0.000 0.000
ARG+1A0168_006 1.000 1.000 1.000 1.000 1.000
ASN01A0169_001 1.000 1.000 1.000 1.000 1.000
ASN01A0169_002 0.000 0.000 0.000 0.000 0.000
CYS01A0170_001 0.231 0.232 0.233 0.232 0.233
CYS01A0170_002 0.562 0.560 0.560 0.561 0.560
CYS01A0170_003 0.208 0.208 0.208 0.208 0.207
CYS-1A0170_004 0.000 0.000 0.000 0.000 0.000
LEU01A0171_001 1.000 1.000 1.000 1.000 1.000
LEU01A0172_001 1.000 1.000 1.000 1.000 1.000
THR01A0173_001 0.002 0.002 0.002 0.002 0.002
THR01A0173_002 0.998 0.998 0.998 0.998 0.998
CYS01A0174_001 0.032 0.032 0.031 0.032 0.032
CYS01A0174_002 0.166 0.167 0.168 0.167 0.166
CYS01A0174_003 0.764 0.762 0.762 0.763 0.764
CYS-1A0174_004 0.038 0.039 0.039 0.038 0.038
PRO01A0175_001 1.000 1.000 1.000 1.000 1.000
PRO01A0177_001 1.000 1.000 1.000 1.000 1.000
ARG01A0179_001 0.000 0.000 0.000 0.000 0.000
ARG02A0179_002 0.000 0.000 0.000 0.000 0.000
ARG02A0179_003 0.000 0.000 0.000 0.000 0.000
ARG03A0179_004 0.000 0.000 0.000 0.000 0.000
ARG03A0179_005 0.000 0.000 0.000 0.000 0.000
ARG+1A0179_006 1.000 1.000 1.000 1.000 1.000
VAL01A0180_001 1.000 1.000 1.000 1.000 1.000
ALA01A0181_001 1.000 1.000 1.000 1.000 1.000
LYS01A0182_001 0.000 0.000 0.000 0.000 0.000
LYS+1A0182_002 1.000 1.000 1.000 1.000 1.000
ILE01A0183_001 1.000 1.000 1.000 1.000 1.000
ASP01A0185_001 0.000 0.000 0.000 0.000 0.000
ASP01A0185_002 0.000 0.000 0.000 0.000 0.000
ASP02A0185_003 0.000 0.000 0.000 0.000 0.000
ASP02A0185_004 0.000 0.000 0.000 0.000 0.000
ASP-1A0185_005 1.000 1.000 1.000 1.000 1.000
PHE01A0186_001 1.000 1.000 1.000 1.000 1.000
MET01A0188_001 1.000 1.000 1.000 1.000 1.000
ALA01A0189_001 1.000 1.000 1.000 1.000 1.000
ARG01A0190_001 0.000 0.000 0.000 0.000 0.000
ARG02A0190_002 0.000 0.000 0.000 0.000 0.000
ARG03A0190_003 0.000 0.000 0.000 0.000 0.000
ARG03A0190_004 0.000 0.000 0.000 0.000 0.000
ARG+1A0190_005 1.000 1.000 1.000 1.000 1.000
ASP01A0191_001 0.000 0.000 0.000 0.000 0.000
ASP01A0191_002 0.000 0.000 0.000 0.000 0.000
ASP02A0191_003 0.000 0.000 0.000 0.000 0.000
ASP02A0191_004 0.001 0.000 0.000 0.000 0.002
ASP-1A0191_005 0.999 1.000 1.000 1.000 0.998
ILE01A0192_001 1.000 1.000 1.000 1.000 1.000
TYR01A0193_001 0.998 0.998 0.998 0.999 0.998
TYR-1A0193_002 0.002 0.002 0.002 0.001 0.002
ARG01A0194_001 0.000 0.000 0.000 0.000 0.000
ARG02A0194_002 0.000 0.000 0.000 0.000 0.000
ARG02A0194_003 0.000 0.000 0.000 0.000 0.000
ARG03A0194_004 0.000 0.000 0.000 0.000 0.000
ARG03A0194_005 0.000 0.000 0.000 0.000 0.000
ARG+1A0194_006 1.000 1.000 1.000 1.000 1.000
ALA01A0195_001 1.000 1.000 1.000 1.000 1.000
SER01A0196_001 1.000 1.000 1.000 1.000 1.000
TYR01A0197_001 0.453 0.455 0.454 0.454 0.455
TYR01A0197_002 0.545 0.543 0.544 0.544 0.543
TYR-1A0197_003 0.002 0.002 0.002 0.002 0.002
TYR01A0198_001 0.486 0.487 0.488 0.487 0.487
TYR01A0198_002 0.472 0.471 0.470 0.471 0.470
TYR-1A0198_003 0.042 0.042 0.042 0.042 0.042
ARG01A0199_001 0.004 0.004 0.004 0.004 0.004
ARG02A0199_002 0.439 0.440 0.439 0.438 0.438
ARG03A0199_003 0.002 0.002 0.002 0.002 0.002
ARG+1A0199_004 0.555 0.554 0.555 0.556 0.556
LYS01A0200_001 0.011 0.011 0.011 0.011 0.011
LYS+1A0200_002 0.989 0.989 0.989 0.989 0.989
CYS01A0203_001 0.009 0.009 0.009 0.009 0.009
CYS01A0203_002 0.447 0.450 0.447 0.448 0.446
CYS01A0203_003 0.454 0.453 0.454 0.454 0.455
CYS-1A0203_004 0.089 0.088 0.090 0.089 0.090
ALA01A0204_001 1.000 1.000 1.000 1.000 1.000
MET01A0205_001 1.000 1.000 1.000 1.000 1.000
LEU01A0206_001 1.000 1.000 1.000 1.000 1.000
PRO01A0207_001 1.000 1.000 1.000 1.000 1.000
VAL01A0208_001 1.000 1.000 1.000 1.000 1.000
LYS01A0209_001 0.000 0.000 0.000 0.000 0.000
LYS+1A0209_002 1.000 1.000 1.000 1.000 1.000
TRP01A0210_001 1.000 1.000 1.000 1.000 1.000
MET01A0211_001 1.000 1.000 1.000 1.000 1.000
PRO01A0212_001 1.000 1.000 1.000 1.000 1.000
PRO01A0213_001 1.000 1.000 1.000 1.000 1.000
GLU01A0214_001 0.000 0.000 0.000 0.000 0.000
GLU01A0214_002 0.000 0.000 0.000 0.000 0.000
GLU02A0214_003 0.000 0.000 0.000 0.000 0.000
GLU02A0214_004 0.000 0.000 0.000 0.000 0.000
GLU-1A0214_005 1.000 1.000 1.000 1.000 1.000
ALA01A0215_001 1.000 1.000 1.000 1.000 1.000
PHE01A0216_001 1.000 1.000 1.000 1.000 1.000
MET01A0217_001 1.000 1.000 1.000 1.000 1.000
GLU01A0218_001 0.000 0.000 0.000 0.000 0.000
GLU01A0218_002 0.000 0.000 0.000 0.000 0.000
GLU02A0218_003 0.000 0.000 0.000 0.000 0.000
GLU02A0218_004 0.000 0.000 0.000 0.000 0.000
GLU-1A0218_005 1.000 1.000 1.000 1.000 1.000
ILE01A0220_001 1.000 1.000 1.000 1.000 1.000
PHE01A0221_001 1.000 1.000 1.000 1.000 1.000
THR01A0222_001 0.070 0.069 0.069 0.069 0.070
THR01A0222_002 0.930 0.931 0.931 0.931 0.930
SER01A0223_001 0.901 0.902 0.902 0.900 0.900
SER01A0223_002 0.099 0.098 0.098 0.100 0.100
LYS01A0224_001 0.000 0.000 0.000 0.000 0.000
LYS+1A0224_002 1.000 1.000 1.000 1.000 1.000
THR01A0225_001 0.457 0.458 0.458 0.457 0.459
THR01A0225_002 0.483 0.482 0.482 0.483 0.481
THR01A0225_003 0.060 0.060 0.061 0.060 0.061
ASP01A0226_001 0.000 0.000 0.000 0.000 0.000
ASP01A0226_002 0.000 0.000 0.000 0.000 0.000
ASP02A0226_003 0.000 0.000 0.000 0.000 0.000
ASP02A0226_004 0.000 0.000 0.000 0.000 0.000
ASP-1A0226_005 1.000 1.000 1.000 1.000 1.000
THR01A0227_001 0.168 0.169 0.168 0.169 0.168
THR01A0227_002 0.086 0.087 0.086 0.086 0.086
THR01A0227_003 0.746 0.744 0.746 0.745 0.746
TRP01A0228_001 1.000 1.000 1.000 1.000 1.000
SER01A0229_001 0.967 0.967 0.966 0.967 0.966
SER01A0229_002 0.033 0.033 0.034 0.033 0.034
PHE01A0230_001 1.000 1.000 1.000 1.000 1.000
VAL01A0232_001 1.000 1.000 1.000 1.000 1.000
LEU01A0233_001 1.000 1.000 1.000 1.000 1.000
LEU01A0234_001 1.000 1.000 1.000 1.000 1.000
TRP01A0235_001 1.000 1.000 1.000 1.000 1.000
GLU01A0236_001 0.000 0.000 0.000 0.000 0.000
GLU01A0236_002 0.000 0.000 0.000 0.000 0.000
GLU02A0236_003 0.000 0.000 0.000 0.000 0.000
GLU02A0236_004 0.000 0.000 0.000 0.000 0.000
GLU-1A0236_005 1.000 1.000 1.000 1.000 1.000
ILE01A0237_001 1.000 1.000 1.000 1.000 1.000
PHE01A0238_001 1.000 1.000 1.000 1.000 1.000
SER01A0239_001 1.000 1.000 1.000 1.000 1.000
SER01A0239_002 0.000 0.000 0.000 0.000 0.000
LEU01A0240_001 1.000 1.000 1.000 1.000 1.000
TYR01A0242_001 0.888 0.887 0.888 0.888 0.889
TYR-1A0242_002 0.112 0.113 0.112 0.112 0.111
MET01A0243_001 1.000 1.000 1.000 1.000 1.000
PRO01A0244_001 1.000 1.000 1.000 1.000 1.000
TYR01A0245_001 1.000 1.000 1.000 1.000 1.000
TYR-1A0245_002 0.000 0.000 0.000 0.000 0.000
PRO01A0246_001 1.000 1.000 1.000 1.000 1.000
SER01A0247_001 0.810 0.810 0.810 0.810 0.810
SER01A0247_002 0.190 0.190 0.190 0.190 0.190
LYS01A0248_001 0.007 0.007 0.007 0.007 0.007
LYS+1A0248_002 0.993 0.993 0.993 0.993 0.993
SER01A0249_001 0.999 0.999 0.998 0.999 0.998
SER01A0249_002 0.001 0.001 0.002 0.001 0.002
ASN01A0250_001 0.995 0.995 0.995 0.995 0.994
ASN01A0250_002 0.005 0.005 0.005 0.005 0.006
GLN01A0251_001 0.992 0.991 0.991 0.991 0.991
GLN01A0251_002 0.008 0.009 0.009 0.009 0.009
GLU01A0252_001 0.000 0.000 0.000 0.000 0.000
GLU01A0252_002 0.000 0.000 0.000 0.000 0.000
GLU02A0252_003 0.000 0.000 0.000 0.000 0.000
GLU02A0252_004 0.000 0.000 0.000 0.000 0.000
GLU-1A0252_005 1.000 1.000 1.000 1.000 1.000
VAL01A0253_001 1.000 1.000 1.000 1.000 1.000
LEU01A0254_001 1.000 1.000 1.000 1.000 1.000
GLU01A0255_001 0.000 0.000 0.000 0.000 0.000
GLU01A0255_002 0.000 0.000 0.000 0.000 0.000
GLU02A0255_003 0.000 0.000 0.000 0.000 0.000
GLU02A0255_004 0.000 0.000 0.000 0.000 0.000
GLU-1A0255_005 1.000 1.000 1.000 1.000 1.000
PHE01A0256_001 1.000 1.000 1.000 1.000 1.000
VAL01A0257_001 1.000 1.000 1.000 1.000 1.000
THR01A0258_001 0.053 0.053 0.053 0.053 0.054
THR01A0258_002 0.947 0.947 0.947 0.947 0.946
SER01A0259_001 0.222 0.222 0.222 0.222 0.222
SER01A0259_002 0.778 0.778 0.778 0.778 0.778
ARG01A0262_001 0.000 0.000 0.000 0.000 0.000
ARG02A0262_002 0.000 0.000 0.000 0.000 0.000
ARG02A0262_003 0.000 0.000 0.000 0.000 0.000
ARG03A0262_004 0.000 0.000 0.000 0.000 0.000
ARG+1A0262_005 1.000 1.000 1.000 1.000 1.000
MET01A0263_001 1.000 1.000 1.000 1.000 1.000
ASP01A0264_001 0.000 0.000 0.000 0.000 0.000
ASP01A0264_002 0.000 0.000 0.000 0.000 0.000
ASP02A0264_003 0.000 0.000 0.000 0.000 0.000
ASP02A0264_004 0.000 0.000 0.000 0.000 0.000
ASP-1A0264_005 1.000 1.000 1.000 1.000 1.000
PRO01A0265_001 1.000 1.000 1.000 1.000 1.000
PRO01A0266_001 1.000 1.000 1.000 1.000 1.000
LYS01A0267_001 0.002 0.002 0.002 0.002 0.002
LYS+1A0267_002 0.998 0.998 0.998 0.998 0.998
ASN01A0268_001 0.970 0.969 0.970 0.969 0.969
ASN01A0268_002 0.030 0.031 0.030 0.031 0.031
CYS01A0269_001 0.370 0.371 0.370 0.372 0.370
CYS01A0269_002 0.388 0.388 0.387 0.387 0.389
CYS01A0269_003 0.242 0.241 0.243 0.241 0.241
CYS-1A0269_004 0.000 0.000 0.000 0.000 0.000
PRO01A0270_001 1.000 1.000 1.000 1.000 1.000
PRO01A0272_001 1.000 1.000 1.000 1.000 1.000
VAL01A0273_001 1.000 1.000 1.000 1.000 1.000
TYR01A0274_001 0.990 0.989 0.990 0.990 0.990
TYR01A0274_002 0.010 0.011 0.010 0.010 0.010
TYR-1A0274_003 0.000 0.000 0.000 0.000 0.000
ARG01A0275_001 0.000 0.000 0.000 0.000 0.000
ARG02A0275_002 0.000 0.000 0.000 0.000 0.000
ARG03A0275_003 0.000 0.000 0.000 0.000 0.000
ARG+1A0275_004 1.000 1.000 1.000 1.000 1.000
ILE01A0276_001 1.000 1.000 1.000 1.000 1.000
MET01A0277_001 1.000 1.000 1.000 1.000 1.000
THR01A0278_001 0.011 0.011 0.011 0.012 0.011
THR01A0278_002 0.989 0.989 0.989 0.988 0.989
GLN01A0279_001 0.297 0.297 0.298 0.299 0.298
GLN01A0279_002 0.703 0.702 0.702 0.701 0.702
CYS01A0280_001 0.374 0.375 0.375 0.376 0.375
CYS01A0280_002 0.318 0.318 0.318 0.316 0.319
CYS01A0280_003 0.307 0.307 0.307 0.308 0.307
CYS-1A0280_004 0.000 0.000 0.000 0.000 0.000
TRP01A0281_001 1.000 1.000 1.000 1.000 1.000
GLN01A0282_001 0.492 0.493 0.492 0.492 0.492
GLN01A0282_002 0.508 0.507 0.508 0.508 0.508
HIS01A0283_001 0.324 0.324 0.323 0.324 0.323
HIS01A0283_002 0.349 0.348 0.351 0.350 0.351
HIS02A0283_003 0.129 0.128 0.128 0.127 0.128
HIS02A0283_004 0.177 0.178 0.177 0.177 0.178
HIS+1A0283_005 0.007 0.007 0.007 0.007 0.007
HIS+1A0283_006 0.014 0.014 0.014 0.014 0.014
GLN01A0284_001 0.756 0.757 0.756 0.757 0.756
GLN01A0284_002 0.244 0.243 0.244 0.243 0.244
PRO01A0285_001 1.000 1.000 1.000 1.000 1.000
GLU01A0286_001 0.000 0.000 0.000 0.000 0.000
GLU01A0286_002 0.000 0.000 0.000 0.000 0.000
GLU02A0286_003 0.000 0.000 0.000 0.000 0.000
GLU02A0286_004 0.000 0.000 0.000 0.000 0.000
GLU-1A0286_005 1.000 1.000 1.000 1.000 1.000
ASP01A0287_001 0.000 0.000 0.000 0.000 0.000
ASP01A0287_002 0.000 0.000 0.000 0.000 0.000
ASP02A0287_003 0.000 0.000 0.000 0.000 0.000
ASP02A0287_004 0.000 0.000 0.000 0.000 0.000
ASP-1A0287_005 1.000 1.000 1.000 1.000 1.000
ARG01A0288_001 0.000 0.000 0.000 0.000 0.000
ARG02A0288_002 0.000 0.000 0.000 0.000 0.000
ARG02A0288_003 0.000 0.000 0.000 0.000 0.000
ARG03A0288_004 0.000 0.000 0.000 0.000 0.000
ARG03A0288_005 0.000 0.000 0.000 0.000 0.000
ARG+1A0288_006 1.000 1.000 1.000 1.000 1.000
PRO01A0289_001 1.000 1.000 1.000 1.000 1.000
ASN01A0290_001 1.000 1.000 1.000 1.000 1.000
ASN01A0290_002 0.000 0.000 0.000 0.000 0.000
PHE01A0291_001 1.000 1.000 1.000 1.000 1.000
ALA01A0292_001 1.000 1.000 1.000 1.000 1.000
ILE01A0293_001 1.000 1.000 1.000 1.000 1.000
ILE01A0294_001 1.000 1.000 1.000 1.000 1.000
LEU01A0295_001 1.000 1.000 1.000 1.000 1.000
GLU01A0296_001 0.000 0.000 0.000 0.000 0.000
GLU01A0296_002 0.000 0.000 0.000 0.001 0.000
GLU02A0296_003 0.000 0.000 0.000 0.000 0.000
GLU02A0296_004 0.000 0.000 0.002 0.001 0.002
GLU-1A0296_005 1.000 1.000 0.997 0.999 0.997
ARG01A0297_001 0.000 0.000 0.000 0.000 0.000
ARG02A0297_002 0.000 0.000 0.000 0.000 0.000
ARG03A0297_003 0.000 0.000 0.000 0.000 0.000
ARG+1A0297_004 1.000 1.000 1.000 1.000 1.000
ILE01A0298_001 1.000 1.000 1.000 1.000 1.000
GLU01A0299_001 0.000 0.000 0.000 0.000 0.000
GLU01A0299_002 0.007 0.007 0.007 0.007 0.007
GLU02A0299_003 0.000 0.000 0.000 0.000 0.000
GLU02A0299_004 0.009 0.009 0.010 0.009 0.009
GLU-1A0299_005 0.984 0.984 0.983 0.984 0.984
TYR01A0300_001 0.996 0.996 0.996 0.996 0.996
TYR-1A0300_002 0.004 0.004 0.004 0.004 0.004
CYS01A0301_001 0.117 0.115 0.116 0.117 0.116
CYS01A0301_002 0.729 0.731 0.729 0.729 0.730
CYS01A0301_003 0.154 0.154 0.154 0.154 0.154
CYS-1A0301_004 0.000 0.000 0.000 0.000 0.000
THR01A0302_001 0.044 0.044 0.044 0.044 0.044
THR01A0302_002 0.956 0.956 0.956 0.956 0.956
GLN01A0303_001 0.463 0.465 0.466 0.465 0.466
GLN01A0303_002 0.537 0.535 0.534 0.535 0.534
ASP01A0304_001 0.000 0.000 0.000 0.000 0.000
ASP01A0304_002 0.000 0.000 0.000 0.000 0.000
ASP02A0304_003 0.000 0.000 0.000 0.000 0.000
ASP02A0304_004 0.000 0.000 0.000 0.000 0.000
ASP-1A0304_005 1.000 1.000 1.000 1.000 1.000
PRO01A0305_001 1.000 1.000 1.000 1.000 1.000
ASP01A0306_001 0.000 0.000 0.000 0.000 0.000
ASP01A0306_002 0.000 0.000 0.000 0.000 0.000
ASP02A0306_003 0.000 0.000 0.000 0.000 0.000
ASP02A0306_004 0.000 0.000 0.000 0.000 0.000
ASP-1A0306_005 1.000 1.000 1.000 1.000 1.000
VAL01A0307_001 1.000 1.000 1.000 1.000 1.000
ILE01A0308_001 1.000 1.000 1.000 1.000 1.000
ASN01A0309_001 0.891 0.892 0.892 0.891 0.891
ASN01A0309_002 0.109 0.108 0.108 0.109 0.109
THR01A0310_001 0.126 0.127 0.126 0.126 0.126
THR01A0310_002 0.580 0.579 0.579 0.579 0.579
THR01A0310_003 0.295 0.293 0.295 0.295 0.295
ALA01A0311_001 1.000 1.000 1.000 1.000 1.000
LEU01A0312_001 1.000 1.000 1.000 1.000 1.000
PRO01A0313_001 1.000 1.000 1.000 1.000 1.000
ILE01A0314_001 1.000 1.000 1.000 1.000 1.000
GLU01A0315_001 0.000 0.000 0.000 0.000 0.000
GLU01A0315_002 0.000 0.000 0.000 0.000 0.000
GLU02A0315_003 0.000 0.000 0.000 0.000 0.000
GLU02A0315_004 0.000 0.000 0.000 0.000 0.000
GLU-1A0315_005 1.000 1.000 1.000 1.000 1.000
TYR01A0316_001 0.481 0.482 0.483 0.482 0.483
TYR01A0316_002 0.509 0.508 0.507 0.508 0.508
TYR-1A0316_003 0.009 0.009 0.010 0.010 0.009
EMH+1B0001_001 0.611 0.610 0.609 0.610 0.609
EMH01B0001_002 0.389 0.390 0.391 0.390 0.391
EMHDMB0001_003 0.000 0.000 0.000 0.000 0.000
