 ph              7.4   7.4   7.4   7.4   7.4
SER01A0002_001 0.379 0.381 0.379 0.378 0.380
SER01A0002_002 0.621 0.619 0.621 0.622 0.620
PRO01A0003_001 1.000 1.000 1.000 1.000 1.000
ASN01A0004_001 0.029 0.029 0.029 0.029 0.028
ASN01A0004_002 0.971 0.971 0.971 0.971 0.972
TYR01A0005_001 1.000 1.000 1.000 1.000 1.000
TYR-1A0005_002 0.000 0.000 0.000 0.000 0.000
ASP01A0006_001 0.000 0.000 0.000 0.000 0.000
ASP01A0006_002 0.000 0.000 0.000 0.000 0.000
ASP02A0006_003 0.000 0.000 0.000 0.000 0.000
ASP02A0006_004 0.000 0.000 0.000 0.000 0.000
ASP-1A0006_005 1.000 1.000 1.000 1.000 1.000
LYS01A0007_001 0.000 0.000 0.001 0.001 0.000
LYS+1A0007_002 1.000 1.000 0.999 0.999 1.000
TRP01A0008_001 1.000 1.000 1.000 1.000 1.000
GLU01A0009_001 0.000 0.000 0.000 0.000 0.000
GLU01A0009_002 0.000 0.000 0.000 0.000 0.000
GLU02A0009_003 0.000 0.000 0.000 0.000 0.000
GLU02A0009_004 0.000 0.000 0.000 0.000 0.000
GLU-1A0009_005 1.000 1.000 1.000 1.000 1.000
MET01A0010_001 1.000 1.000 1.000 1.000 1.000
GLU01A0011_001 0.000 0.000 0.000 0.000 0.000
GLU01A0011_002 0.000 0.000 0.000 0.000 0.000
GLU02A0011_003 0.000 0.000 0.000 0.000 0.000
GLU02A0011_004 0.000 0.000 0.000 0.000 0.000
GLU-1A0011_005 1.000 1.000 1.000 1.000 1.000
ARG01A0012_001 0.000 0.000 0.000 0.000 0.000
ARG02A0012_002 0.000 0.000 0.000 0.000 0.000
ARG02A0012_003 0.000 0.000 0.000 0.000 0.000
ARG03A0012_004 0.000 0.000 0.000 0.000 0.000
ARG+1A0012_005 1.000 1.000 1.000 1.000 1.000
THR01A0013_001 1.000 1.000 1.000 1.000 1.000
ASP01A0014_001 0.000 0.000 0.000 0.000 0.000
ASP01A0014_002 0.000 0.000 0.000 0.000 0.002
ASP02A0014_003 0.000 0.000 0.000 0.000 0.000
ASP02A0014_004 0.002 0.000 0.000 0.000 0.000
ASP-1A0014_005 0.998 1.000 1.000 1.000 0.998
ILE01A0015_001 1.000 1.000 1.000 1.000 1.000
THR01A0016_001 0.005 0.005 0.006 0.005 0.005
THR01A0016_002 0.995 0.995 0.994 0.995 0.995
MET01A0017_001 1.000 1.000 1.000 1.000 1.000
LYS01A0018_001 0.000 0.000 0.000 0.000 0.000
LYS+1A0018_002 1.000 1.000 1.000 1.000 1.000
HIS01A0019_001 0.258 0.258 0.259 0.256 0.258
HIS01A0019_002 0.402 0.399 0.399 0.402 0.399
HIS02A0019_003 0.041 0.041 0.041 0.041 0.041
HIS02A0019_004 0.061 0.061 0.062 0.061 0.062
HIS+1A0019_005 0.148 0.149 0.148 0.149 0.149
HIS+1A0019_006 0.089 0.091 0.090 0.091 0.091
LYS01A0020_001 0.000 0.000 0.000 0.000 0.000
LYS+1A0020_002 1.000 1.000 1.000 1.000 1.000
LEU01A0021_001 1.000 1.000 1.000 1.000 1.000
GLN01A0025_001 0.884 0.885 0.885 0.885 0.883
GLN01A0025_002 0.116 0.115 0.115 0.115 0.117
TYR01A0026_001 0.985 0.985 0.985 0.985 0.985
TYR01A0026_002 0.015 0.015 0.015 0.015 0.015
TYR-1A0026_003 0.000 0.000 0.000 0.000 0.000
GLU01A0028_001 0.000 0.000 0.000 0.000 0.000
GLU01A0028_002 0.000 0.000 0.000 0.000 0.000
GLU02A0028_003 0.000 0.000 0.000 0.000 0.000
GLU02A0028_004 0.000 0.000 0.000 0.000 0.000
GLU-1A0028_005 1.000 1.000 1.000 1.000 1.000
VAL01A0029_001 1.000 1.000 1.000 1.000 1.000
TYR01A0030_001 0.943 0.942 0.942 0.941 0.942
TYR01A0030_002 0.057 0.058 0.058 0.059 0.058
TYR-1A0030_003 0.000 0.000 0.000 0.000 0.000
GLU01A0031_001 0.000 0.000 0.000 0.000 0.000
GLU01A0031_002 0.009 0.009 0.009 0.009 0.009
GLU02A0031_003 0.000 0.000 0.000 0.000 0.000
GLU02A0031_004 0.002 0.002 0.003 0.003 0.003
GLU-1A0031_005 0.988 0.989 0.988 0.988 0.988
VAL01A0033_001 1.000 1.000 1.000 1.000 1.000
TRP01A0034_001 1.000 1.000 1.000 1.000 1.000
LYS01A0035_001 0.000 0.000 0.000 0.000 0.000
LYS+1A0035_002 1.000 1.000 1.000 1.000 1.000
LYS01A0036_001 0.000 0.000 0.000 0.000 0.000
LYS+1A0036_002 1.000 1.000 1.000 1.000 1.000
TYR01A0037_001 0.234 0.235 0.234 0.234 0.235
TYR01A0037_002 0.757 0.756 0.757 0.757 0.755
TYR-1A0037_003 0.009 0.009 0.009 0.009 0.009
SER01A0038_001 0.338 0.335 0.337 0.336 0.337
SER01A0038_002 0.662 0.665 0.663 0.664 0.663
LEU01A0039_001 1.000 1.000 1.000 1.000 1.000
THR01A0040_001 0.281 0.283 0.282 0.283 0.283
THR01A0040_002 0.719 0.717 0.718 0.717 0.717
VAL01A0041_001 1.000 1.000 1.000 1.000 1.000
ALA01A0042_001 1.000 1.000 1.000 1.000 1.000
VAL01A0043_001 1.000 1.000 1.000 1.000 1.000
LYS01A0044_001 0.000 0.000 0.000 0.000 0.000
LYS+1A0044_002 1.000 1.000 1.000 1.000 1.000
THR01A0045_001 1.000 1.000 1.000 1.000 1.000
LEU01A0046_001 1.000 1.000 1.000 1.000 1.000
LYS01A0047_001 0.968 0.969 0.969 0.969 0.968
LYS+1A0047_002 0.032 0.031 0.031 0.031 0.032
GLU01A0048_001 0.000 0.000 0.000 0.000 0.000
GLU01A0048_002 0.000 0.000 0.000 0.000 0.000
GLU02A0048_003 0.000 0.000 0.000 0.000 0.000
GLU02A0048_004 0.000 0.000 0.000 0.000 0.000
GLU-1A0048_005 1.000 1.000 1.000 1.000 1.000
ASP01A0049_001 0.000 0.000 0.000 0.000 0.000
ASP01A0049_002 0.000 0.000 0.000 0.001 0.000
ASP02A0049_003 0.000 0.000 0.000 0.000 0.000
ASP02A0049_004 0.000 0.000 0.000 0.000 0.000
ASP-1A0049_005 1.000 1.000 1.000 0.999 1.000
THR01A0050_001 0.532 0.535 0.533 0.534 0.533
THR01A0050_002 0.468 0.465 0.467 0.466 0.467
MET01A0051_001 1.000 1.000 1.000 1.000 1.000
GLU01A0052_001 0.000 0.000 0.000 0.000 0.000
GLU01A0052_002 0.000 0.000 0.000 0.000 0.000
GLU02A0052_003 0.000 0.000 0.000 0.000 0.000
GLU02A0052_004 0.007 0.007 0.007 0.007 0.007
GLU-1A0052_005 0.993 0.993 0.993 0.993 0.993
VAL01A0053_001 1.000 1.000 1.000 1.000 1.000
GLU01A0054_001 0.000 0.000 0.000 0.000 0.000
GLU01A0054_002 0.000 0.000 0.000 0.000 0.000
GLU02A0054_003 0.000 0.000 0.000 0.000 0.000
GLU02A0054_004 0.000 0.000 0.000 0.000 0.000
GLU-1A0054_005 1.000 1.000 1.000 1.000 1.000
GLU01A0055_001 0.000 0.000 0.000 0.000 0.000
GLU01A0055_002 0.000 0.000 0.000 0.000 0.000
GLU02A0055_003 0.000 0.000 0.000 0.000 0.000
GLU02A0055_004 0.000 0.000 0.000 0.000 0.000
GLU-1A0055_005 1.000 1.000 1.000 1.000 1.000
PHE01A0056_001 1.000 1.000 1.000 1.000 1.000
LEU01A0057_001 1.000 1.000 1.000 1.000 1.000
LYS01A0058_001 0.004 0.004 0.004 0.004 0.004
LYS+1A0058_002 0.996 0.996 0.996 0.996 0.996
GLU01A0059_001 0.000 0.000 0.000 0.000 0.000
GLU01A0059_002 0.000 0.000 0.000 0.000 0.000
GLU02A0059_003 0.000 0.000 0.000 0.000 0.000
GLU02A0059_004 0.000 0.000 0.000 0.000 0.000
GLU-1A0059_005 1.000 1.000 1.000 1.000 1.000
ALA01A0060_001 1.000 1.000 1.000 1.000 1.000
ALA01A0061_001 1.000 1.000 1.000 1.000 1.000
VAL01A0062_001 1.000 1.000 1.000 1.000 1.000
MET01A0063_001 1.000 1.000 1.000 1.000 1.000
LYS01A0064_001 0.000 0.000 0.000 0.000 0.000
LYS+1A0064_002 1.000 1.000 1.000 1.000 1.000
GLU01A0065_001 0.000 0.000 0.000 0.000 0.000
GLU01A0065_002 0.000 0.000 0.000 0.000 0.000
GLU02A0065_003 0.000 0.000 0.000 0.000 0.000
GLU02A0065_004 0.000 0.000 0.000 0.000 0.000
GLU-1A0065_005 1.000 1.000 1.000 1.000 1.000
ILE01A0066_001 1.000 1.000 1.000 1.000 1.000
LYS01A0067_001 0.000 0.000 0.000 0.000 0.000
LYS+1A0067_002 1.000 1.000 1.000 1.000 1.000
HIS01A0068_001 1.000 1.000 1.000 1.000 1.000
HIS02A0068_002 0.000 0.000 0.000 0.000 0.000
HIS+1A0068_003 0.000 0.000 0.000 0.000 0.000
PRO01A0069_001 1.000 1.000 1.000 1.000 1.000
ASN01A0070_001 1.000 1.000 1.000 1.000 1.000
ASN01A0070_002 0.000 0.000 0.000 0.000 0.000
LEU01A0071_001 1.000 1.000 1.000 1.000 1.000
VAL01A0072_001 1.000 1.000 1.000 1.000 1.000
GLN01A0073_001 0.044 0.043 0.042 0.043 0.043
GLN01A0073_002 0.956 0.957 0.958 0.957 0.957
LEU01A0074_001 1.000 1.000 1.000 1.000 1.000
LEU01A0075_001 1.000 1.000 1.000 1.000 1.000
VAL01A0077_001 1.000 1.000 1.000 1.000 1.000
CYS01A0078_001 0.739 0.740 0.741 0.740 0.741
CYS01A0078_002 0.140 0.138 0.140 0.140 0.139
CYS01A0078_003 0.121 0.122 0.119 0.120 0.120
CYS-1A0078_004 0.000 0.000 0.000 0.000 0.000
THR01A0079_001 0.995 0.995 0.995 0.995 0.995
THR01A0079_002 0.005 0.005 0.005 0.005 0.005
ARG01A0080_001 0.000 0.000 0.000 0.000 0.000
ARG02A0080_002 0.000 0.000 0.000 0.000 0.000
ARG03A0080_003 0.000 0.000 0.000 0.000 0.000
ARG+1A0080_004 1.000 1.000 1.000 1.000 1.000
GLU01A0081_001 0.000 0.000 0.000 0.000 0.000
GLU01A0081_002 0.000 0.000 0.000 0.000 0.000
GLU02A0081_003 0.000 0.000 0.000 0.000 0.000
GLU02A0081_004 0.000 0.000 0.000 0.000 0.000
GLU-1A0081_005 1.000 1.000 1.000 1.000 1.000
PRO01A0082_001 1.000 1.000 1.000 1.000 1.000
PRO01A0083_001 1.000 1.000 1.000 1.000 1.000
PHE01A0084_001 1.000 1.000 1.000 1.000 1.000
TYR01A0085_001 1.000 1.000 1.000 1.000 1.000
TYR-1A0085_002 0.000 0.000 0.000 0.000 0.000
ILE01A0086_001 1.000 1.000 1.000 1.000 1.000
ILE01A0087_001 1.000 1.000 1.000 1.000 1.000
THR01A0088_001 0.024 0.024 0.024 0.024 0.025
THR01A0088_002 0.976 0.976 0.976 0.976 0.975
GLU01A0089_001 0.000 0.000 0.000 0.000 0.000
GLU01A0089_002 0.000 0.000 0.000 0.000 0.000
GLU02A0089_003 0.000 0.000 0.000 0.000 0.000
GLU02A0089_004 0.000 0.000 0.000 0.000 0.000
GLU-1A0089_005 1.000 1.000 1.000 1.000 1.000
PHE01A0090_001 1.000 1.000 1.000 1.000 1.000
MET01A0091_001 1.000 1.000 1.000 1.000 1.000
THR01A0092_001 0.255 0.255 0.255 0.255 0.254
THR01A0092_002 0.192 0.191 0.191 0.192 0.191
THR01A0092_003 0.553 0.553 0.554 0.554 0.554
TYR01A0093_001 0.678 0.676 0.676 0.678 0.677
TYR01A0093_002 0.322 0.324 0.324 0.322 0.323
TYR-1A0093_003 0.000 0.000 0.000 0.000 0.000
ASN01A0095_001 0.976 0.976 0.976 0.975 0.975
ASN01A0095_002 0.024 0.024 0.024 0.025 0.025
LEU01A0096_001 1.000 1.000 1.000 1.000 1.000
LEU01A0097_001 1.000 1.000 1.000 1.000 1.000
ASP01A0098_001 0.000 0.000 0.000 0.000 0.000
ASP01A0098_002 0.000 0.000 0.000 0.000 0.000
ASP02A0098_003 0.000 0.000 0.000 0.000 0.000
ASP02A0098_004 0.000 0.000 0.000 0.000 0.000
ASP-1A0098_005 1.000 1.000 1.000 1.000 1.000
TYR01A0099_001 0.265 0.263 0.263 0.265 0.266
TYR01A0099_002 0.735 0.737 0.737 0.735 0.734
TYR-1A0099_003 0.000 0.000 0.000 0.000 0.000
LEU01A0100_001 1.000 1.000 1.000 1.000 1.000
ARG01A0101_001 0.000 0.000 0.000 0.000 0.000
ARG02A0101_002 0.000 0.000 0.000 0.000 0.000
ARG03A0101_003 0.000 0.000 0.000 0.000 0.000
ARG03A0101_004 0.000 0.000 0.000 0.000 0.000
ARG+1A0101_005 1.000 1.000 1.000 1.000 1.000
GLU01A0102_001 0.000 0.000 0.000 0.000 0.000
GLU01A0102_002 0.002 0.002 0.002 0.002 0.002
GLU02A0102_003 0.000 0.000 0.000 0.000 0.000
GLU02A0102_004 0.006 0.005 0.006 0.005 0.005
GLU-1A0102_005 0.992 0.992 0.992 0.993 0.992
CYS01A0103_001 0.739 0.741 0.741 0.739 0.739
CYS01A0103_002 0.084 0.084 0.083 0.084 0.084
CYS01A0103_003 0.177 0.176 0.176 0.177 0.177
CYS-1A0103_004 0.000 0.000 0.000 0.000 0.000
ASN01A0104_001 1.000 1.000 1.000 1.000 1.000
ARG01A0105_001 0.000 0.000 0.000 0.000 0.000
ARG02A0105_002 0.000 0.000 0.000 0.000 0.000
ARG03A0105_003 0.000 0.000 0.000 0.000 0.000
ARG+1A0105_004 1.000 1.000 1.000 1.000 1.000
GLN01A0106_001 0.154 0.155 0.155 0.155 0.155
GLN01A0106_002 0.846 0.845 0.845 0.845 0.845
GLU01A0107_001 0.000 0.000 0.000 0.000 0.000
GLU01A0107_002 0.010 0.010 0.009 0.010 0.010
GLU02A0107_003 0.000 0.000 0.000 0.000 0.000
GLU02A0107_004 0.003 0.003 0.003 0.003 0.003
GLU-1A0107_005 0.987 0.986 0.987 0.987 0.986
VAL01A0108_001 1.000 1.000 1.000 1.000 1.000
SER01A0109_001 0.036 0.035 0.036 0.036 0.036
SER01A0109_002 0.964 0.965 0.964 0.964 0.964
ALA01A0110_001 1.000 1.000 1.000 1.000 1.000
VAL01A0111_001 1.000 1.000 1.000 1.000 1.000
VAL01A0112_001 1.000 1.000 1.000 1.000 1.000
LEU01A0113_001 1.000 1.000 1.000 1.000 1.000
LEU01A0114_001 1.000 1.000 1.000 1.000 1.000
TYR01A0115_001 1.000 1.000 1.000 1.000 1.000
TYR-1A0115_002 0.000 0.000 0.000 0.000 0.000
MET01A0116_001 1.000 1.000 1.000 1.000 1.000
ALA01A0117_001 1.000 1.000 1.000 1.000 1.000
THR01A0118_001 0.012 0.012 0.012 0.012 0.012
THR01A0118_002 0.487 0.487 0.488 0.487 0.489
THR01A0118_003 0.500 0.501 0.500 0.501 0.499
GLN01A0119_001 1.000 1.000 1.000 1.000 1.000
GLN01A0119_002 0.000 0.000 0.000 0.000 0.000
ILE01A0120_001 1.000 1.000 1.000 1.000 1.000
SER01A0121_001 0.993 0.994 0.993 0.993 0.993
SER01A0121_002 0.007 0.006 0.007 0.007 0.007
SER01A0122_001 0.009 0.009 0.009 0.009 0.009
SER01A0122_002 0.991 0.991 0.991 0.991 0.991
ALA01A0123_001 1.000 1.000 1.000 1.000 1.000
MET01A0124_001 1.000 1.000 1.000 1.000 1.000
GLU01A0125_001 0.000 0.000 0.000 0.000 0.000
GLU01A0125_002 0.009 0.009 0.009 0.009 0.009
GLU02A0125_003 0.000 0.000 0.000 0.000 0.000
GLU02A0125_004 0.005 0.005 0.005 0.006 0.005
GLU-1A0125_005 0.985 0.986 0.986 0.985 0.985
TYR01A0126_001 1.000 1.000 1.000 1.000 1.000
TYR-1A0126_002 0.000 0.000 0.000 0.000 0.000
LEU01A0127_001 1.000 1.000 1.000 1.000 1.000
GLU01A0128_001 0.000 0.000 0.000 0.000 0.000
GLU01A0128_002 0.000 0.000 0.000 0.000 0.000
GLU02A0128_003 0.000 0.000 0.000 0.000 0.000
GLU02A0128_004 0.000 0.000 0.000 0.000 0.000
GLU-1A0128_005 1.000 1.000 1.000 1.000 1.000
LYS01A0129_001 0.000 0.000 0.000 0.000 0.000
LYS+1A0129_002 1.000 1.000 1.000 1.000 1.000
LYS01A0130_001 1.000 1.000 1.000 1.000 1.000
LYS+1A0130_002 0.000 0.000 0.000 0.000 0.000
ASN01A0131_001 0.603 0.603 0.605 0.602 0.602
ASN01A0131_002 0.397 0.397 0.395 0.398 0.398
PHE01A0132_001 1.000 1.000 1.000 1.000 1.000
ILE01A0133_001 1.000 1.000 1.000 1.000 1.000
HIS01A0134_001 1.000 1.000 1.000 1.000 1.000
HIS02A0134_002 0.000 0.000 0.000 0.000 0.000
HIS+1A0134_003 0.000 0.000 0.000 0.000 0.000
ARG01A0135_001 0.000 0.000 0.000 0.000 0.000
ARG02A0135_002 0.000 0.000 0.000 0.000 0.000
ARG03A0135_003 0.000 0.000 0.000 0.000 0.000
ARG+1A0135_004 1.000 1.000 1.000 1.000 1.000
ASP01A0136_001 0.000 0.000 0.000 0.000 0.000
ASP01A0136_002 0.000 0.000 0.000 0.000 0.000
ASP02A0136_003 0.000 0.000 0.000 0.000 0.000
ASP02A0136_004 0.000 0.000 0.000 0.000 0.000
ASP-1A0136_005 1.000 1.000 1.000 1.000 1.000
LEU01A0137_001 1.000 1.000 1.000 1.000 1.000
ALA01A0138_001 1.000 1.000 1.000 1.000 1.000
ALA01A0139_001 1.000 1.000 1.000 1.000 1.000
ARG01A0140_001 0.000 0.000 0.000 0.000 0.000
ARG02A0140_002 0.000 0.000 0.000 0.000 0.000
ARG03A0140_003 0.000 0.000 0.000 0.000 0.000
ARG03A0140_004 0.000 0.000 0.000 0.000 0.000
ARG+1A0140_005 1.000 1.000 1.000 1.000 1.000
ASN01A0141_001 1.000 1.000 1.000 1.000 1.000
ASN01A0141_002 0.000 0.000 0.000 0.000 0.000
CYS01A0142_001 0.214 0.214 0.214 0.215 0.214
CYS01A0142_002 0.588 0.591 0.590 0.588 0.589
CYS01A0142_003 0.198 0.195 0.196 0.197 0.196
CYS-1A0142_004 0.000 0.000 0.000 0.000 0.000
LEU01A0143_001 1.000 1.000 1.000 1.000 1.000
VAL01A0144_001 1.000 1.000 1.000 1.000 1.000
GLU01A0146_001 0.000 0.000 0.000 0.000 0.000
GLU01A0146_002 0.000 0.000 0.000 0.000 0.000
GLU02A0146_003 0.000 0.000 0.000 0.000 0.000
GLU02A0146_004 0.002 0.000 0.000 0.000 0.002
GLU-1A0146_005 0.998 1.000 1.000 1.000 0.998
ASN01A0147_001 0.641 0.640 0.639 0.640 0.639
ASN01A0147_002 0.359 0.360 0.361 0.360 0.361
HIS01A0148_001 0.000 0.000 0.000 0.000 0.000
HIS01A0148_002 0.746 0.748 0.748 0.747 0.745
HIS02A0148_003 0.000 0.000 0.000 0.000 0.000
HIS02A0148_004 0.181 0.179 0.180 0.181 0.181
HIS+1A0148_005 0.000 0.000 0.000 0.000 0.000
HIS+1A0148_006 0.074 0.073 0.072 0.072 0.073
LEU01A0149_001 1.000 1.000 1.000 1.000 1.000
VAL01A0150_001 1.000 1.000 1.000 1.000 1.000
LYS01A0151_001 0.000 0.000 0.000 0.000 0.000
LYS+1A0151_002 1.000 1.000 1.000 1.000 1.000
VAL01A0152_001 1.000 1.000 1.000 1.000 1.000
ALA01A0153_001 1.000 1.000 1.000 1.000 1.000
ASP01A0154_001 0.000 0.000 0.000 0.000 0.000
ASP01A0154_002 0.002 0.000 0.000 0.000 0.000
ASP02A0154_003 0.000 0.000 0.000 0.000 0.000
ASP02A0154_004 0.000 0.000 0.000 0.000 0.000
ASP-1A0154_005 0.998 1.000 1.000 1.000 1.000
PHE01A0155_001 1.000 1.000 1.000 1.000 1.000
LEU01A0157_001 1.000 1.000 1.000 1.000 1.000
SER01A0158_001 0.032 0.033 0.033 0.032 0.032
SER01A0158_002 0.007 0.008 0.007 0.007 0.007
SER01A0158_003 0.961 0.960 0.959 0.961 0.961
ARG01A0159_001 0.000 0.000 0.000 0.000 0.000
ARG02A0159_002 0.000 0.000 0.000 0.000 0.000
ARG03A0159_003 0.000 0.000 0.000 0.000 0.000
ARG03A0159_004 0.000 0.000 0.000 0.000 0.000
ARG+1A0159_005 1.000 1.000 1.000 1.000 1.000
LEU01A0160_001 1.000 1.000 1.000 1.000 1.000
MET01A0161_001 1.000 1.000 1.000 1.000 1.000
THR01A0162_001 0.954 0.954 0.955 0.954 0.954
THR01A0162_002 0.046 0.046 0.045 0.046 0.046
ASP01A0164_001 0.000 0.000 0.000 0.000 0.000
ASP01A0164_002 0.000 0.000 0.000 0.000 0.000
ASP02A0164_003 0.000 0.000 0.000 0.000 0.000
ASP02A0164_004 0.000 0.000 0.000 0.000 0.000
ASP-1A0164_005 1.000 1.000 1.000 1.000 1.000
THR01A0165_001 0.810 0.810 0.810 0.809 0.809
THR01A0165_002 0.190 0.190 0.190 0.191 0.191
TYR01A0166_001 0.000 0.000 0.000 0.000 0.000
TYR01A0166_002 1.000 1.000 1.000 1.000 1.000
TYR-1A0166_003 0.000 0.000 0.000 0.000 0.000
THR01A0167_001 1.000 1.000 1.000 1.000 1.000
ALA01A0168_001 1.000 1.000 1.000 1.000 1.000
HIS01A0169_001 0.997 0.997 0.997 0.997 0.997
HIS02A0169_002 0.003 0.003 0.003 0.003 0.003
HIS+1A0169_003 0.000 0.000 0.000 0.000 0.000
ALA01A0170_001 1.000 1.000 1.000 1.000 1.000
ALA01A0172_001 1.000 1.000 1.000 1.000 1.000
LYS01A0173_001 0.028 0.028 0.028 0.028 0.028
LYS+1A0173_002 0.972 0.972 0.972 0.972 0.972
PHE01A0174_001 1.000 1.000 1.000 1.000 1.000
PRO01A0175_001 1.000 1.000 1.000 1.000 1.000
ILE01A0176_001 1.000 1.000 1.000 1.000 1.000
LYS01A0177_001 0.003 0.003 0.003 0.002 0.003
LYS+1A0177_002 0.997 0.997 0.997 0.998 0.997
TRP01A0178_001 1.000 1.000 1.000 1.000 1.000
THR01A0179_001 0.296 0.296 0.296 0.297 0.296
THR01A0179_002 0.704 0.704 0.704 0.703 0.704
ALA01A0180_001 1.000 1.000 1.000 1.000 1.000
PRO01A0181_001 1.000 1.000 1.000 1.000 1.000
GLU01A0182_001 0.000 0.000 0.000 0.000 0.000
GLU01A0182_002 0.000 0.000 0.000 0.000 0.000
GLU02A0182_003 0.000 0.000 0.000 0.000 0.000
GLU02A0182_004 0.000 0.000 0.000 0.000 0.000
GLU-1A0182_005 1.000 1.000 1.000 1.000 1.000
SER01A0183_001 0.861 0.861 0.861 0.861 0.860
SER01A0183_002 0.035 0.035 0.035 0.036 0.035
SER01A0183_003 0.104 0.104 0.104 0.104 0.105
LEU01A0184_001 1.000 1.000 1.000 1.000 1.000
ALA01A0185_001 1.000 1.000 1.000 1.000 1.000
TYR01A0186_001 1.000 1.000 1.000 1.000 1.000
TYR-1A0186_002 0.000 0.000 0.000 0.000 0.000
ASN01A0187_001 0.156 0.155 0.156 0.156 0.155
ASN01A0187_002 0.844 0.845 0.844 0.844 0.845
LYS01A0188_001 0.000 0.000 0.000 0.000 0.000
LYS+1A0188_002 1.000 1.000 1.000 1.000 1.000
PHE01A0189_001 1.000 1.000 1.000 1.000 1.000
SER01A0190_001 1.000 1.000 1.000 1.000 1.000
ILE01A0191_001 1.000 1.000 1.000 1.000 1.000
LYS01A0192_001 0.000 0.000 0.000 0.000 0.000
LYS+1A0192_002 1.000 1.000 1.000 1.000 1.000
SER01A0193_001 0.000 0.000 0.000 0.000 0.000
SER01A0193_002 1.000 1.000 1.000 1.000 1.000
ASP01A0194_001 0.000 0.000 0.000 0.000 0.000
ASP01A0194_002 0.000 0.000 0.000 0.000 0.000
ASP02A0194_003 0.000 0.000 0.000 0.000 0.000
ASP02A0194_004 0.000 0.000 0.000 0.000 0.000
ASP-1A0194_005 1.000 1.000 1.000 1.000 1.000
VAL01A0195_001 1.000 1.000 1.000 1.000 1.000
TRP01A0196_001 1.000 1.000 1.000 1.000 1.000
ALA01A0197_001 1.000 1.000 1.000 1.000 1.000
PHE01A0198_001 1.000 1.000 1.000 1.000 1.000
VAL01A0200_001 1.000 1.000 1.000 1.000 1.000
LEU01A0201_001 1.000 1.000 1.000 1.000 1.000
LEU01A0202_001 1.000 1.000 1.000 1.000 1.000
TRP01A0203_001 1.000 1.000 1.000 1.000 1.000
GLU01A0204_001 0.000 0.000 0.000 0.000 0.000
GLU01A0204_002 0.000 0.000 0.000 0.000 0.000
GLU02A0204_003 0.000 0.000 0.000 0.000 0.000
GLU02A0204_004 0.000 0.000 0.000 0.000 0.000
GLU-1A0204_005 1.000 1.000 1.000 1.000 1.000
ILE01A0205_001 1.000 1.000 1.000 1.000 1.000
ALA01A0206_001 1.000 1.000 1.000 1.000 1.000
THR01A0207_001 0.578 0.579 0.578 0.579 0.578
THR01A0207_002 0.000 0.000 0.000 0.000 0.000
THR01A0207_003 0.422 0.421 0.422 0.421 0.422
TYR01A0208_001 0.989 0.989 0.989 0.989 0.989
TYR01A0208_002 0.011 0.011 0.011 0.011 0.011
TYR-1A0208_003 0.000 0.000 0.000 0.000 0.000
MET01A0210_001 1.000 1.000 1.000 1.000 1.000
SER01A0211_001 1.000 1.000 1.000 1.000 1.000
PRO01A0212_001 1.000 1.000 1.000 1.000 1.000
TYR01A0213_001 1.000 1.000 1.000 1.000 1.000
TYR-1A0213_002 0.000 0.000 0.000 0.000 0.000
PRO01A0214_001 1.000 1.000 1.000 1.000 1.000
ILE01A0216_001 1.000 1.000 1.000 1.000 1.000
ASP01A0217_001 0.000 0.000 0.000 0.000 0.000
ASP01A0217_002 0.004 0.004 0.004 0.003 0.004
ASP02A0217_003 0.000 0.000 0.000 0.000 0.000
ASP02A0217_004 0.000 0.000 0.000 0.000 0.000
ASP-1A0217_005 0.996 0.996 0.996 0.997 0.996
LEU01A0218_001 1.000 1.000 1.000 1.000 1.000
SER01A0219_001 0.246 0.244 0.245 0.247 0.246
SER01A0219_002 0.754 0.756 0.755 0.753 0.754
GLN01A0220_001 0.156 0.156 0.156 0.157 0.158
GLN01A0220_002 0.844 0.844 0.844 0.843 0.842
VAL01A0221_001 1.000 1.000 1.000 1.000 1.000
TYR01A0222_001 0.315 0.318 0.317 0.315 0.318
TYR01A0222_002 0.685 0.682 0.683 0.685 0.682
TYR-1A0222_003 0.000 0.000 0.000 0.000 0.000
GLU01A0223_001 0.000 0.000 0.000 0.000 0.000
GLU01A0223_002 0.000 0.000 0.002 0.000 0.002
GLU02A0223_003 0.000 0.000 0.000 0.000 0.000
GLU02A0223_004 0.002 0.000 0.000 0.000 0.000
GLU-1A0223_005 0.998 1.000 0.998 1.000 0.998
LEU01A0224_001 1.000 1.000 1.000 1.000 1.000
LEU01A0225_001 1.000 1.000 1.000 1.000 1.000
GLU01A0226_001 0.000 0.000 0.000 0.000 0.000
GLU01A0226_002 0.002 0.000 0.002 0.000 0.002
GLU02A0226_003 0.000 0.000 0.000 0.000 0.000
GLU02A0226_004 0.003 0.006 0.003 0.005 0.003
GLU-1A0226_005 0.996 0.994 0.995 0.995 0.995
LYS01A0227_001 0.000 0.000 0.000 0.000 0.000
LYS+1A0227_002 1.000 1.000 1.000 1.000 1.000
ASP01A0228_001 0.000 0.000 0.000 0.000 0.000
ASP01A0228_002 0.000 0.000 0.000 0.000 0.000
ASP02A0228_003 0.000 0.000 0.000 0.000 0.000
ASP02A0228_004 0.000 0.000 0.000 0.000 0.000
ASP-1A0228_005 1.000 1.000 1.000 1.000 1.000
TYR01A0229_001 1.000 1.000 1.000 1.000 1.000
TYR-1A0229_002 0.000 0.000 0.000 0.000 0.000
ARG01A0230_001 0.000 0.000 0.000 0.000 0.000
ARG02A0230_002 0.000 0.000 0.000 0.000 0.000
ARG03A0230_003 0.000 0.000 0.000 0.000 0.000
ARG03A0230_004 0.000 0.000 0.000 0.000 0.000
ARG+1A0230_005 1.000 1.000 1.000 1.000 1.000
MET01A0231_001 1.000 1.000 1.000 1.000 1.000
GLU01A0232_001 0.000 0.000 0.000 0.000 0.000
GLU01A0232_002 0.000 0.000 0.000 0.000 0.000
GLU02A0232_003 0.000 0.000 0.000 0.000 0.000
GLU02A0232_004 0.004 0.004 0.004 0.004 0.004
GLU-1A0232_005 0.996 0.996 0.996 0.996 0.996
ARG01A0233_001 0.000 0.000 0.000 0.000 0.000
ARG02A0233_002 0.000 0.000 0.000 0.000 0.000
ARG03A0233_003 0.000 0.000 0.000 0.000 0.000
ARG+1A0233_004 1.000 1.000 1.000 1.000 1.000
PRO01A0234_001 1.000 1.000 1.000 1.000 1.000
GLU01A0235_001 0.000 0.000 0.000 0.000 0.000
GLU01A0235_002 0.000 0.000 0.000 0.000 0.000
GLU02A0235_003 0.000 0.000 0.000 0.000 0.000
GLU02A0235_004 0.000 0.000 0.000 0.000 0.000
GLU-1A0235_005 1.000 1.000 1.000 1.000 1.000
CYS01A0237_001 0.409 0.409 0.409 0.409 0.409
CYS01A0237_002 0.434 0.435 0.434 0.436 0.434
CYS01A0237_003 0.158 0.156 0.156 0.156 0.156
CYS-1A0237_004 0.000 0.000 0.000 0.000 0.000
PRO01A0238_001 1.000 1.000 1.000 1.000 1.000
GLU01A0239_001 0.000 0.000 0.000 0.000 0.000
GLU01A0239_002 0.000 0.000 0.000 0.000 0.000
GLU02A0239_003 0.000 0.000 0.000 0.000 0.000
GLU02A0239_004 0.000 0.000 0.000 0.000 0.000
GLU-1A0239_005 1.000 1.000 1.000 1.000 1.000
LYS01A0240_001 0.000 0.000 0.000 0.000 0.000
LYS+1A0240_002 1.000 1.000 1.000 1.000 1.000
VAL01A0241_001 1.000 1.000 1.000 1.000 1.000
TYR01A0242_001 1.000 1.000 1.000 1.000 1.000
TYR01A0242_002 0.000 0.000 0.000 0.000 0.000
TYR-1A0242_003 0.000 0.000 0.000 0.000 0.000
GLU01A0243_001 0.000 0.000 0.000 0.000 0.000
GLU01A0243_002 0.005 0.005 0.005 0.005 0.005
GLU02A0243_003 0.000 0.000 0.000 0.000 0.000
GLU02A0243_004 0.000 0.000 0.000 0.000 0.000
GLU-1A0243_005 0.995 0.995 0.995 0.995 0.995
LEU01A0244_001 1.000 1.000 1.000 1.000 1.000
MET01A0245_001 1.000 1.000 1.000 1.000 1.000
ARG01A0246_001 0.000 0.000 0.000 0.000 0.000
ARG02A0246_002 0.000 0.000 0.000 0.000 0.000
ARG02A0246_003 0.000 0.000 0.000 0.000 0.000
ARG03A0246_004 0.000 0.000 0.000 0.000 0.000
ARG+1A0246_005 1.000 1.000 1.000 1.000 1.000
ALA01A0247_001 1.000 1.000 1.000 1.000 1.000
CYS01A0248_001 0.305 0.305 0.305 0.305 0.304
CYS01A0248_002 0.418 0.418 0.417 0.418 0.418
CYS01A0248_003 0.278 0.277 0.278 0.277 0.277
CYS-1A0248_004 0.000 0.000 0.000 0.000 0.000
TRP01A0249_001 1.000 1.000 1.000 1.000 1.000
GLN01A0250_001 0.842 0.841 0.842 0.841 0.840
GLN01A0250_002 0.158 0.159 0.158 0.159 0.160
TRP01A0251_001 1.000 1.000 1.000 1.000 1.000
ASN01A0252_001 1.000 1.000 1.000 1.000 1.000
ASN01A0252_002 0.000 0.000 0.000 0.000 0.000
PRO01A0253_001 1.000 1.000 1.000 1.000 1.000
SER01A0254_001 0.778 0.776 0.777 0.777 0.776
SER01A0254_002 0.222 0.224 0.223 0.223 0.224
ASP01A0255_001 0.000 0.000 0.000 0.000 0.000
ASP01A0255_002 0.000 0.000 0.000 0.000 0.000
ASP02A0255_003 0.000 0.000 0.000 0.000 0.000
ASP02A0255_004 0.000 0.000 0.000 0.000 0.000
ASP-1A0255_005 1.000 1.000 1.000 1.000 1.000
ARG01A0256_001 0.000 0.000 0.000 0.000 0.000
ARG02A0256_002 0.000 0.000 0.000 0.000 0.000
ARG02A0256_003 0.000 0.000 0.000 0.000 0.000
ARG03A0256_004 0.000 0.000 0.000 0.000 0.000
ARG03A0256_005 0.000 0.000 0.000 0.000 0.000
ARG+1A0256_006 1.000 1.000 1.000 1.000 1.000
PRO01A0257_001 1.000 1.000 1.000 1.000 1.000
SER01A0258_001 0.028 0.028 0.028 0.028 0.028
SER01A0258_002 0.000 0.000 0.000 0.000 0.000
SER01A0258_003 0.972 0.972 0.972 0.972 0.972
PHE01A0259_001 1.000 1.000 1.000 1.000 1.000
ALA01A0260_001 1.000 1.000 1.000 1.000 1.000
GLU01A0261_001 0.000 0.000 0.000 0.000 0.000
GLU01A0261_002 0.000 0.000 0.000 0.000 0.000
GLU02A0261_003 0.000 0.000 0.000 0.000 0.000
GLU02A0261_004 0.000 0.000 0.000 0.000 0.000
GLU-1A0261_005 1.000 1.000 1.000 1.000 1.000
ILE01A0262_001 1.000 1.000 1.000 1.000 1.000
HIS01A0263_001 0.005 0.004 0.005 0.005 0.005
HIS01A0263_002 0.001 0.001 0.000 0.000 0.000
HIS02A0263_003 0.416 0.418 0.422 0.419 0.422
HIS02A0263_004 0.000 0.000 0.000 0.000 0.000
HIS+1A0263_005 0.548 0.548 0.543 0.547 0.543
HIS+1A0263_006 0.029 0.029 0.029 0.029 0.030
GLN01A0264_001 0.250 0.251 0.250 0.249 0.250
GLN01A0264_002 0.750 0.749 0.750 0.751 0.750
ALA01A0265_001 1.000 1.000 1.000 1.000 1.000
PHE01A0266_001 1.000 1.000 1.000 1.000 1.000
GLU01A0267_001 0.000 0.000 0.000 0.000 0.000
GLU01A0267_002 0.005 0.005 0.008 0.005 0.007
GLU02A0267_003 0.000 0.000 0.000 0.000 0.000
GLU02A0267_004 0.001 0.001 0.000 0.001 0.000
GLU-1A0267_005 0.994 0.994 0.992 0.994 0.993
THR01A0268_001 0.181 0.180 0.179 0.180 0.180
THR01A0268_002 0.358 0.358 0.360 0.358 0.359
THR01A0268_003 0.461 0.462 0.461 0.462 0.461
MET01A0269_001 1.000 1.000 1.000 1.000 1.000
PHE01A0270_001 1.000 1.000 1.000 1.000 1.000
GLN01A0271_001 0.993 0.993 0.993 0.992 0.993
GLN01A0271_002 0.007 0.007 0.007 0.008 0.007
GLU01A0272_001 0.000 0.000 0.000 0.000 0.000
GLU01A0272_002 0.000 0.000 0.000 0.000 0.000
GLU02A0272_003 0.000 0.000 0.000 0.000 0.000
GLU02A0272_004 0.000 0.000 0.000 0.000 0.000
GLU-1A0272_005 1.000 1.000 1.000 1.000 1.000
SER01A0273_001 0.350 0.350 0.350 0.351 0.350
SER01A0273_002 0.650 0.650 0.650 0.649 0.650
SER01A0274_001 0.257 0.257 0.257 0.257 0.257
SER01A0274_002 0.743 0.743 0.743 0.743 0.743
ILE01A0275_001 1.000 1.000 1.000 1.000 1.000
SER01A0276_001 0.381 0.384 0.383 0.384 0.383
SER01A0276_002 0.619 0.616 0.617 0.616 0.617
ASP01A0277_001 0.000 0.000 0.000 0.000 0.000
ASP01A0277_002 0.002 0.002 0.002 0.002 0.002
ASP02A0277_003 0.000 0.000 0.000 0.000 0.000
ASP02A0277_004 0.003 0.003 0.003 0.004 0.004
ASP-1A0277_005 0.994 0.994 0.994 0.994 0.994
GLU01A0278_001 0.000 0.000 0.000 0.000 0.000
GLU01A0278_002 0.002 0.000 0.000 0.002 0.000
GLU02A0278_003 0.000 0.000 0.000 0.000 0.000
GLU02A0278_004 0.000 0.000 0.000 0.000 0.000
GLU-1A0278_005 0.998 1.000 1.000 0.998 1.000
VAL01A0279_001 1.000 1.000 1.000 1.000 1.000
GLU01A0280_001 0.000 0.000 0.000 0.000 0.000
GLU01A0280_002 0.004 0.006 0.003 0.003 0.003
GLU02A0280_003 0.000 0.000 0.000 0.000 0.000
GLU02A0280_004 0.002 0.000 0.002 0.001 0.002
GLU-1A0280_005 0.995 0.993 0.995 0.995 0.995
LYS01A0281_001 0.000 0.000 0.000 0.000 0.000
LYS+1A0281_002 1.000 1.000 1.000 1.000 1.000
GLU01A0282_001 0.000 0.000 0.000 0.000 0.000
GLU01A0282_002 0.000 0.000 0.000 0.000 0.002
GLU02A0282_003 0.000 0.000 0.000 0.000 0.000
GLU02A0282_004 0.000 0.000 0.000 0.000 0.000
GLU-1A0282_005 1.000 1.000 1.000 1.000 0.998
LEU01A0283_001 1.000 1.000 1.000 1.000 1.000
0LI+1B0001_001 0.998 0.998 0.998 0.998 0.998
0LI+2B0001_002 0.000 0.000 0.000 0.000 0.000
0LI01B0001_003 0.002 0.002 0.002 0.002 0.002
0LIDMB0001_004 0.000 0.000 0.000 0.000 0.000
