 ph              7.4   7.4   7.4   7.4   7.4
TYR01A0001_001 0.792 0.793 0.794 0.794 0.794
TYR01A0001_002 0.208 0.207 0.206 0.206 0.206
TYR-1A0001_003 0.000 0.000 0.000 0.000 0.000
ASP01A0002_001 0.000 0.000 0.000 0.000 0.000
ASP01A0002_002 0.000 0.000 0.000 0.000 0.000
ASP02A0002_003 0.000 0.000 0.000 0.000 0.000
ASP02A0002_004 0.000 0.000 0.000 0.000 0.000
ASP-1A0002_005 1.000 1.000 1.000 1.000 1.000
LYS01A0003_001 0.003 0.003 0.003 0.003 0.004
LYS+1A0003_002 0.997 0.997 0.997 0.997 0.996
TRP01A0004_001 1.000 1.000 1.000 1.000 1.000
GLU01A0005_001 0.000 0.000 0.000 0.000 0.000
GLU01A0005_002 0.000 0.000 0.000 0.000 0.000
GLU02A0005_003 0.000 0.000 0.000 0.000 0.000
GLU02A0005_004 0.000 0.000 0.000 0.000 0.000
GLU-1A0005_005 1.000 1.000 1.000 1.000 1.000
MET01A0006_001 1.000 1.000 1.000 1.000 1.000
GLU01A0007_001 0.000 0.000 0.000 0.000 0.000
GLU01A0007_002 0.000 0.000 0.000 0.000 0.000
GLU02A0007_003 0.000 0.000 0.000 0.000 0.000
GLU02A0007_004 0.000 0.000 0.000 0.000 0.000
GLU-1A0007_005 1.000 1.000 1.000 1.000 1.000
ARG01A0008_001 0.000 0.000 0.000 0.000 0.000
ARG02A0008_002 0.000 0.000 0.000 0.000 0.000
ARG02A0008_003 0.000 0.000 0.000 0.000 0.000
ARG03A0008_004 0.000 0.000 0.000 0.000 0.000
ARG+1A0008_005 1.000 1.000 1.000 1.000 1.000
THR01A0009_001 1.000 1.000 1.000 1.000 1.000
ASP01A0010_001 0.000 0.000 0.000 0.000 0.000
ASP01A0010_002 0.000 0.000 0.000 0.000 0.000
ASP02A0010_003 0.000 0.000 0.000 0.000 0.000
ASP02A0010_004 0.000 0.000 0.000 0.000 0.000
ASP-1A0010_005 1.000 1.000 1.000 1.000 1.000
ILE01A0011_001 1.000 1.000 1.000 1.000 1.000
THR01A0012_001 1.000 1.000 1.000 1.000 1.000
MET01A0013_001 1.000 1.000 1.000 1.000 1.000
LYS01A0014_001 0.000 0.000 0.000 0.000 0.000
LYS+1A0014_002 1.000 1.000 1.000 1.000 1.000
HIS01A0015_001 0.042 0.043 0.043 0.042 0.043
HIS01A0015_002 0.027 0.028 0.028 0.028 0.028
HIS02A0015_003 0.790 0.787 0.789 0.791 0.786
HIS02A0015_004 0.002 0.003 0.003 0.002 0.003
HIS+1A0015_005 0.136 0.136 0.135 0.134 0.138
HIS+1A0015_006 0.003 0.003 0.003 0.003 0.003
LYS01A0016_001 0.000 0.000 0.000 0.000 0.000
LYS+1A0016_002 1.000 1.000 1.000 1.000 1.000
LEU01A0017_001 1.000 1.000 1.000 1.000 1.000
GLN01A0021_001 0.033 0.033 0.033 0.033 0.033
GLN01A0021_002 0.967 0.967 0.967 0.967 0.967
TYR01A0022_001 1.000 1.000 1.000 1.000 1.000
TYR-1A0022_002 0.000 0.000 0.000 0.000 0.000
GLU01A0024_001 0.000 0.000 0.000 0.000 0.000
GLU01A0024_002 0.000 0.000 0.000 0.000 0.000
GLU02A0024_003 0.000 0.000 0.000 0.000 0.000
GLU02A0024_004 0.000 0.000 0.000 0.000 0.000
GLU-1A0024_005 1.000 1.000 1.000 1.000 1.000
VAL01A0025_001 1.000 1.000 1.000 1.000 1.000
TYR01A0026_001 0.964 0.964 0.965 0.964 0.965
TYR01A0026_002 0.036 0.036 0.035 0.036 0.035
TYR-1A0026_003 0.000 0.000 0.000 0.000 0.000
GLU01A0027_001 0.000 0.000 0.000 0.000 0.000
GLU01A0027_002 0.000 0.000 0.000 0.000 0.000
GLU02A0027_003 0.000 0.000 0.000 0.000 0.000
GLU02A0027_004 0.000 0.000 0.000 0.000 0.000
GLU-1A0027_005 1.000 1.000 1.000 1.000 1.000
VAL01A0029_001 1.000 1.000 1.000 1.000 1.000
TRP01A0030_001 1.000 1.000 1.000 1.000 1.000
LYS01A0031_001 0.000 0.000 0.000 0.000 0.000
LYS+1A0031_002 1.000 1.000 1.000 1.000 1.000
LYS01A0032_001 0.000 0.000 0.000 0.000 0.000
LYS+1A0032_002 1.000 1.000 1.000 1.000 1.000
TYR01A0033_001 0.987 0.986 0.987 0.987 0.987
TYR-1A0033_002 0.013 0.014 0.013 0.013 0.013
SER01A0034_001 1.000 1.000 1.000 1.000 1.000
LEU01A0035_001 1.000 1.000 1.000 1.000 1.000
THR01A0036_001 1.000 1.000 1.000 1.000 1.000
VAL01A0037_001 1.000 1.000 1.000 1.000 1.000
ALA01A0038_001 1.000 1.000 1.000 1.000 1.000
VAL01A0039_001 1.000 1.000 1.000 1.000 1.000
LYS01A0040_001 0.000 0.000 0.000 0.000 0.000
LYS+1A0040_002 1.000 1.000 1.000 1.000 1.000
THR01A0041_001 1.000 1.000 1.000 1.000 1.000
LEU01A0042_001 1.000 1.000 1.000 1.000 1.000
LYS01A0043_001 0.008 0.008 0.008 0.008 0.008
LYS+1A0043_002 0.992 0.992 0.992 0.992 0.992
GLU01A0044_001 0.000 0.000 0.000 0.000 0.000
GLU01A0044_002 0.000 0.000 0.000 0.000 0.000
GLU02A0044_003 0.000 0.000 0.000 0.000 0.000
GLU02A0044_004 0.012 0.012 0.012 0.012 0.012
GLU-1A0044_005 0.988 0.988 0.988 0.988 0.988
ASP01A0045_001 0.000 0.000 0.000 0.000 0.000
ASP01A0045_002 0.000 0.000 0.000 0.000 0.000
ASP02A0045_003 0.000 0.000 0.000 0.000 0.000
ASP02A0045_004 0.006 0.006 0.006 0.006 0.006
ASP-1A0045_005 0.994 0.994 0.994 0.994 0.994
THR01A0046_001 1.000 1.000 1.000 1.000 1.000
MET01A0047_001 1.000 1.000 1.000 1.000 1.000
GLU01A0048_001 0.000 0.000 0.000 0.000 0.000
GLU01A0048_002 0.000 0.000 0.000 0.000 0.000
GLU02A0048_003 0.000 0.000 0.000 0.000 0.000
GLU02A0048_004 0.000 0.000 0.000 0.000 0.000
GLU-1A0048_005 1.000 1.000 1.000 1.000 1.000
VAL01A0049_001 1.000 1.000 1.000 1.000 1.000
GLU01A0050_001 0.000 0.000 0.000 0.000 0.000
GLU01A0050_002 0.000 0.000 0.000 0.000 0.000
GLU02A0050_003 0.000 0.000 0.000 0.000 0.000
GLU02A0050_004 0.000 0.000 0.000 0.000 0.000
GLU-1A0050_005 1.000 1.000 1.000 1.000 1.000
GLU01A0051_001 0.000 0.000 0.000 0.000 0.000
GLU01A0051_002 0.000 0.000 0.000 0.000 0.000
GLU02A0051_003 0.000 0.000 0.000 0.000 0.000
GLU02A0051_004 0.000 0.000 0.000 0.000 0.000
GLU-1A0051_005 1.000 1.000 1.000 1.000 1.000
PHE01A0052_001 1.000 1.000 1.000 1.000 1.000
LEU01A0053_001 1.000 1.000 1.000 1.000 1.000
LYS01A0054_001 0.000 0.000 0.000 0.000 0.000
LYS+1A0054_002 1.000 1.000 1.000 1.000 1.000
GLU01A0055_001 0.000 0.000 0.000 0.000 0.000
GLU01A0055_002 0.000 0.000 0.000 0.000 0.000
GLU02A0055_003 0.000 0.000 0.000 0.000 0.000
GLU02A0055_004 0.000 0.000 0.000 0.000 0.000
GLU-1A0055_005 1.000 1.000 1.000 1.000 1.000
ALA01A0056_001 1.000 1.000 1.000 1.000 1.000
ALA01A0057_001 1.000 1.000 1.000 1.000 1.000
VAL01A0058_001 1.000 1.000 1.000 1.000 1.000
MET01A0059_001 1.000 1.000 1.000 1.000 1.000
LYS01A0060_001 0.000 0.000 0.000 0.000 0.000
LYS+1A0060_002 1.000 1.000 1.000 1.000 1.000
GLU01A0061_001 0.000 0.000 0.000 0.000 0.000
GLU01A0061_002 0.000 0.000 0.000 0.000 0.000
GLU02A0061_003 0.000 0.000 0.000 0.000 0.000
GLU02A0061_004 0.000 0.000 0.000 0.000 0.000
GLU-1A0061_005 1.000 1.000 1.000 1.000 1.000
ILE01A0062_001 1.000 1.000 1.000 1.000 1.000
LYS01A0063_001 0.001 0.000 0.001 0.001 0.001
LYS+1A0063_002 0.999 1.000 0.999 0.999 0.999
HIS01A0064_001 1.000 1.000 1.000 1.000 1.000
HIS02A0064_002 0.000 0.000 0.000 0.000 0.000
HIS+1A0064_003 0.000 0.000 0.000 0.000 0.000
PRO01A0065_001 1.000 1.000 1.000 1.000 1.000
ASN01A0066_001 0.998 0.998 0.998 0.998 0.998
ASN01A0066_002 0.002 0.002 0.002 0.002 0.002
LEU01A0067_001 1.000 1.000 1.000 1.000 1.000
VAL01A0068_001 1.000 1.000 1.000 1.000 1.000
GLN01A0069_001 0.840 0.841 0.841 0.841 0.841
GLN01A0069_002 0.160 0.159 0.159 0.159 0.159
LEU01A0070_001 1.000 1.000 1.000 1.000 1.000
LEU01A0071_001 1.000 1.000 1.000 1.000 1.000
VAL01A0073_001 1.000 1.000 1.000 1.000 1.000
CYS01A0074_001 0.905 0.904 0.903 0.906 0.903
CYS01A0074_002 0.060 0.061 0.061 0.060 0.061
CYS01A0074_003 0.035 0.035 0.036 0.034 0.035
CYS-1A0074_004 0.000 0.000 0.000 0.000 0.000
THR01A0075_001 0.997 0.997 0.997 0.997 0.997
THR01A0075_002 0.003 0.003 0.003 0.003 0.003
ARG01A0076_001 0.000 0.000 0.000 0.000 0.000
ARG02A0076_002 0.000 0.000 0.000 0.000 0.000
ARG02A0076_003 1.000 1.000 1.000 1.000 1.000
ARG03A0076_004 0.000 0.000 0.000 0.000 0.000
ARG+1A0076_005 0.000 0.000 0.000 0.000 0.000
GLU01A0077_001 0.000 0.000 0.000 0.000 0.000
GLU01A0077_002 0.000 0.000 0.000 0.000 0.000
GLU02A0077_003 0.000 0.000 0.000 0.000 0.000
GLU02A0077_004 0.000 0.000 0.000 0.000 0.000
GLU-1A0077_005 1.000 1.000 1.000 1.000 1.000
PRO01A0078_001 1.000 1.000 1.000 1.000 1.000
PRO01A0079_001 1.000 1.000 1.000 1.000 1.000
PHE01A0080_001 1.000 1.000 1.000 1.000 1.000
TYR01A0081_001 0.390 0.392 0.392 0.393 0.392
TYR01A0081_002 0.610 0.608 0.608 0.607 0.607
TYR-1A0081_003 0.000 0.000 0.000 0.000 0.000
ILE01A0082_001 1.000 1.000 1.000 1.000 1.000
ILE01A0083_001 1.000 1.000 1.000 1.000 1.000
THR01A0084_001 0.000 0.000 0.000 0.000 0.000
THR01A0084_002 0.810 0.811 0.810 0.811 0.811
THR01A0084_003 0.190 0.189 0.190 0.189 0.189
GLU01A0085_001 0.000 0.000 0.000 0.000 0.000
GLU01A0085_002 0.000 0.000 0.000 0.000 0.000
GLU02A0085_003 0.000 0.000 0.000 0.000 0.000
GLU02A0085_004 0.000 0.000 0.000 0.000 0.000
GLU-1A0085_005 1.000 1.000 1.000 1.000 1.000
PHE01A0086_001 1.000 1.000 1.000 1.000 1.000
MET01A0087_001 1.000 1.000 1.000 1.000 1.000
THR01A0088_001 1.000 1.000 1.000 1.000 1.000
TYR01A0089_001 0.988 0.988 0.988 0.988 0.988
TYR01A0089_002 0.012 0.012 0.012 0.012 0.012
TYR-1A0089_003 0.000 0.000 0.000 0.000 0.000
ASN01A0091_001 1.000 1.000 1.000 1.000 1.000
ASN01A0091_002 0.000 0.000 0.000 0.000 0.000
LEU01A0092_001 1.000 1.000 1.000 1.000 1.000
LEU01A0093_001 1.000 1.000 1.000 1.000 1.000
ASP01A0094_001 0.000 0.000 0.000 0.000 0.000
ASP01A0094_002 0.000 0.000 0.000 0.000 0.000
ASP02A0094_003 0.000 0.000 0.000 0.000 0.000
ASP02A0094_004 0.000 0.000 0.000 0.000 0.000
ASP-1A0094_005 1.000 1.000 1.000 1.000 1.000
TYR01A0095_001 0.787 0.788 0.787 0.788 0.786
TYR01A0095_002 0.213 0.212 0.213 0.212 0.214
TYR-1A0095_003 0.000 0.000 0.000 0.000 0.000
LEU01A0096_001 1.000 1.000 1.000 1.000 1.000
ARG01A0097_001 0.000 0.000 0.000 0.000 0.000
ARG02A0097_002 0.000 0.000 0.000 0.000 0.000
ARG03A0097_003 0.000 0.000 0.000 0.000 0.000
ARG+1A0097_004 1.000 1.000 1.000 1.000 1.000
GLU01A0098_001 0.000 0.000 0.000 0.000 0.000
GLU01A0098_002 0.006 0.005 0.005 0.005 0.005
GLU02A0098_003 0.000 0.000 0.000 0.000 0.000
GLU02A0098_004 0.004 0.003 0.003 0.003 0.004
GLU-1A0098_005 0.991 0.991 0.991 0.991 0.991
CYS01A0099_001 0.715 0.716 0.716 0.717 0.716
CYS01A0099_002 0.116 0.116 0.116 0.115 0.116
CYS01A0099_003 0.169 0.168 0.168 0.168 0.168
CYS-1A0099_004 0.000 0.000 0.000 0.000 0.000
ASN01A0100_001 1.000 1.000 1.000 1.000 1.000
ARG01A0101_001 0.000 0.000 0.000 0.000 0.000
ARG02A0101_002 0.000 0.000 0.000 0.000 0.000
ARG03A0101_003 0.000 0.000 0.000 0.000 0.000
ARG+1A0101_004 1.000 1.000 1.000 1.000 1.000
GLN01A0102_001 0.664 0.665 0.665 0.666 0.665
GLN01A0102_002 0.336 0.335 0.335 0.334 0.335
GLU01A0103_001 0.000 0.000 0.000 0.000 0.000
GLU01A0103_002 0.000 0.000 0.000 0.000 0.000
GLU02A0103_003 0.000 0.000 0.000 0.000 0.000
GLU02A0103_004 0.000 0.000 0.000 0.000 0.002
GLU-1A0103_005 1.000 1.000 1.000 1.000 0.998
VAL01A0104_001 1.000 1.000 1.000 1.000 1.000
ASN01A0105_001 1.000 1.000 1.000 1.000 1.000
ALA01A0106_001 1.000 1.000 1.000 1.000 1.000
VAL01A0107_001 1.000 1.000 1.000 1.000 1.000
VAL01A0108_001 1.000 1.000 1.000 1.000 1.000
LEU01A0109_001 1.000 1.000 1.000 1.000 1.000
LEU01A0110_001 1.000 1.000 1.000 1.000 1.000
TYR01A0111_001 1.000 1.000 1.000 1.000 1.000
TYR-1A0111_002 0.000 0.000 0.000 0.000 0.000
MET01A0112_001 1.000 1.000 1.000 1.000 1.000
ALA01A0113_001 1.000 1.000 1.000 1.000 1.000
THR01A0114_001 0.007 0.007 0.007 0.007 0.007
THR01A0114_002 0.856 0.856 0.855 0.855 0.856
THR01A0114_003 0.137 0.137 0.138 0.138 0.137
GLN01A0115_001 1.000 1.000 1.000 1.000 1.000
GLN01A0115_002 0.000 0.000 0.000 0.000 0.000
ILE01A0116_001 1.000 1.000 1.000 1.000 1.000
SER01A0117_001 0.988 0.988 0.988 0.987 0.988
SER01A0117_002 0.012 0.012 0.012 0.013 0.012
SER01A0118_001 0.006 0.006 0.006 0.006 0.006
SER01A0118_002 0.247 0.250 0.248 0.247 0.247
SER01A0118_003 0.748 0.745 0.746 0.748 0.747
ALA01A0119_001 1.000 1.000 1.000 1.000 1.000
MET01A0120_001 1.000 1.000 1.000 1.000 1.000
GLU01A0121_001 0.000 0.000 0.000 0.000 0.000
GLU01A0121_002 0.003 0.003 0.003 0.003 0.003
GLU02A0121_003 0.000 0.000 0.000 0.000 0.000
GLU02A0121_004 0.002 0.002 0.002 0.002 0.002
GLU-1A0121_005 0.995 0.995 0.995 0.995 0.995
TYR01A0122_001 0.999 0.999 1.000 0.999 1.000
TYR-1A0122_002 0.001 0.001 0.000 0.001 0.000
LEU01A0123_001 1.000 1.000 1.000 1.000 1.000
GLU01A0124_001 0.000 0.000 0.000 0.000 0.000
GLU01A0124_002 0.000 0.000 0.000 0.000 0.000
GLU02A0124_003 0.000 0.000 0.000 0.000 0.000
GLU02A0124_004 0.000 0.000 0.000 0.000 0.000
GLU-1A0124_005 1.000 1.000 1.000 1.000 1.000
LYS01A0125_001 0.002 0.002 0.002 0.002 0.002
LYS+1A0125_002 0.998 0.998 0.998 0.998 0.998
LYS01A0126_001 0.007 0.007 0.007 0.007 0.006
LYS+1A0126_002 0.993 0.993 0.993 0.993 0.994
ASN01A0127_001 0.507 0.506 0.506 0.507 0.507
ASN01A0127_002 0.493 0.494 0.494 0.493 0.493
PHE01A0128_001 1.000 1.000 1.000 1.000 1.000
ILE01A0129_001 1.000 1.000 1.000 1.000 1.000
HIS01A0130_001 1.000 1.000 1.000 1.000 1.000
HIS02A0130_002 0.000 0.000 0.000 0.000 0.000
HIS+1A0130_003 0.000 0.000 0.000 0.000 0.000
ARG01A0131_001 0.000 0.000 0.000 0.000 0.000
ARG02A0131_002 0.000 0.000 0.000 0.000 0.000
ARG03A0131_003 0.000 0.000 0.000 0.000 0.000
ARG+1A0131_004 1.000 1.000 1.000 1.000 1.000
ASP01A0132_001 0.000 0.000 0.000 0.000 0.000
ASP01A0132_002 0.000 0.000 0.000 0.000 0.000
ASP02A0132_003 0.000 0.000 0.000 0.000 0.000
ASP02A0132_004 0.000 0.000 0.000 0.000 0.000
ASP-1A0132_005 1.000 1.000 1.000 1.000 1.000
LEU01A0133_001 1.000 1.000 1.000 1.000 1.000
ALA01A0134_001 1.000 1.000 1.000 1.000 1.000
ALA01A0135_001 1.000 1.000 1.000 1.000 1.000
ARG01A0136_001 0.000 0.000 0.000 0.000 0.000
ARG02A0136_002 0.000 0.000 0.000 0.000 0.000
ARG03A0136_003 0.000 0.000 0.000 0.000 0.000
ARG03A0136_004 0.000 0.000 0.000 0.000 0.000
ARG+1A0136_005 1.000 1.000 1.000 1.000 1.000
ASN01A0137_001 1.000 1.000 1.000 1.000 1.000
ASN01A0137_002 0.000 0.000 0.000 0.000 0.000
CYS01A0138_001 0.188 0.186 0.187 0.187 0.189
CYS01A0138_002 0.625 0.629 0.628 0.629 0.625
CYS01A0138_003 0.187 0.185 0.185 0.184 0.186
CYS-1A0138_004 0.000 0.000 0.000 0.000 0.000
LEU01A0139_001 1.000 1.000 1.000 1.000 1.000
VAL01A0140_001 1.000 1.000 1.000 1.000 1.000
GLU01A0142_001 0.000 0.000 0.000 0.000 0.000
GLU01A0142_002 0.000 0.000 0.000 0.000 0.000
GLU02A0142_003 0.000 0.000 0.000 0.000 0.000
GLU02A0142_004 0.000 0.000 0.000 0.000 0.000
GLU-1A0142_005 1.000 1.000 1.000 1.000 1.000
ASN01A0143_001 1.000 1.000 1.000 1.000 1.000
HIS01A0144_001 0.043 0.043 0.043 0.043 0.044
HIS01A0144_002 0.147 0.147 0.147 0.148 0.148
HIS02A0144_003 0.174 0.175 0.176 0.175 0.175
HIS02A0144_004 0.100 0.099 0.099 0.100 0.099
HIS+1A0144_005 0.228 0.228 0.226 0.227 0.227
HIS+1A0144_006 0.308 0.308 0.308 0.308 0.307
LEU01A0145_001 1.000 1.000 1.000 1.000 1.000
VAL01A0146_001 1.000 1.000 1.000 1.000 1.000
LYS01A0147_001 0.000 0.000 0.000 0.000 0.000
LYS+1A0147_002 1.000 1.000 1.000 1.000 1.000
VAL01A0148_001 1.000 1.000 1.000 1.000 1.000
ALA01A0149_001 1.000 1.000 1.000 1.000 1.000
ASP01A0150_001 0.000 0.000 0.000 0.000 0.000
ASP01A0150_002 0.000 0.000 0.000 0.000 0.000
ASP02A0150_003 0.000 0.000 0.000 0.000 0.000
ASP02A0150_004 0.000 0.000 0.000 0.000 0.000
ASP-1A0150_005 1.000 1.000 1.000 1.000 1.000
PHE01A0151_001 1.000 1.000 1.000 1.000 1.000
LEU01A0153_001 1.000 1.000 1.000 1.000 1.000
SER01A0154_001 0.616 0.616 0.614 0.615 0.615
SER01A0154_002 0.384 0.384 0.386 0.385 0.385
ARG01A0155_001 0.000 0.000 0.000 0.000 0.000
ARG02A0155_002 0.000 0.000 0.000 0.000 0.000
ARG02A0155_003 0.000 0.000 0.000 0.000 0.000
ARG03A0155_004 0.000 0.000 0.000 0.000 0.000
ARG+1A0155_005 1.000 1.000 1.000 1.000 1.000
LEU01A0156_001 1.000 1.000 1.000 1.000 1.000
MET01A0157_001 1.000 1.000 1.000 1.000 1.000
THR01A0158_001 0.201 0.200 0.201 0.199 0.201
THR01A0158_002 0.799 0.800 0.799 0.801 0.799
ASP01A0160_001 0.000 0.000 0.000 0.000 0.000
ASP01A0160_002 0.000 0.000 0.000 0.000 0.000
ASP02A0160_003 0.000 0.000 0.000 0.000 0.000
ASP02A0160_004 0.000 0.000 0.000 0.000 0.000
ASP-1A0160_005 1.000 1.000 1.000 1.000 1.000
THR01A0161_001 1.000 1.000 1.000 1.000 1.000
TYR01A0162_001 1.000 1.000 1.000 1.000 1.000
TYR01A0162_002 0.000 0.000 0.000 0.000 0.000
TYR-1A0162_003 0.000 0.000 0.000 0.000 0.000
THR01A0163_001 1.000 1.000 1.000 1.000 1.000
ALA01A0164_001 1.000 1.000 1.000 1.000 1.000
HIS01A0165_001 0.000 0.000 0.000 0.000 0.000
HIS01A0165_002 0.754 0.752 0.754 0.755 0.751
HIS02A0165_003 0.000 0.000 0.000 0.000 0.000
HIS02A0165_004 0.053 0.053 0.053 0.053 0.053
HIS+1A0165_005 0.000 0.000 0.000 0.000 0.000
HIS+1A0165_006 0.193 0.194 0.193 0.192 0.195
ALA01A0166_001 1.000 1.000 1.000 1.000 1.000
ALA01A0168_001 1.000 1.000 1.000 1.000 1.000
LYS01A0169_001 0.010 0.010 0.011 0.010 0.010
LYS+1A0169_002 0.990 0.990 0.989 0.990 0.990
PHE01A0170_001 1.000 1.000 1.000 1.000 1.000
PRO01A0171_001 1.000 1.000 1.000 1.000 1.000
ILE01A0172_001 1.000 1.000 1.000 1.000 1.000
LYS01A0173_001 0.001 0.001 0.001 0.000 0.001
LYS+1A0173_002 0.999 0.999 0.999 1.000 0.999
TRP01A0174_001 1.000 1.000 1.000 1.000 1.000
THR01A0175_001 0.365 0.364 0.364 0.365 0.365
THR01A0175_002 0.635 0.636 0.636 0.635 0.635
ALA01A0176_001 1.000 1.000 1.000 1.000 1.000
PRO01A0177_001 1.000 1.000 1.000 1.000 1.000
GLU01A0178_001 0.000 0.000 0.000 0.000 0.000
GLU01A0178_002 0.000 0.000 0.000 0.000 0.000
GLU02A0178_003 0.000 0.000 0.000 0.000 0.000
GLU02A0178_004 0.000 0.000 0.000 0.000 0.000
GLU-1A0178_005 1.000 1.000 1.000 1.000 1.000
SER01A0179_001 0.906 0.905 0.905 0.906 0.905
SER01A0179_002 0.009 0.008 0.009 0.009 0.009
SER01A0179_003 0.086 0.086 0.086 0.085 0.087
LEU01A0180_001 1.000 1.000 1.000 1.000 1.000
ALA01A0181_001 1.000 1.000 1.000 1.000 1.000
TYR01A0182_001 0.486 0.487 0.487 0.486 0.487
TYR01A0182_002 0.511 0.510 0.510 0.511 0.510
TYR-1A0182_003 0.003 0.003 0.003 0.003 0.003
ASN01A0183_001 0.361 0.359 0.360 0.359 0.360
ASN01A0183_002 0.639 0.641 0.640 0.641 0.640
LYS01A0184_001 0.015 0.016 0.016 0.016 0.015
LYS+1A0184_002 0.985 0.984 0.984 0.984 0.985
PHE01A0185_001 1.000 1.000 1.000 1.000 1.000
SER01A0186_001 0.998 0.998 0.998 0.998 0.998
SER01A0186_002 0.002 0.002 0.002 0.002 0.002
ILE01A0187_001 1.000 1.000 1.000 1.000 1.000
LYS01A0188_001 0.000 0.000 0.000 0.000 0.000
LYS+1A0188_002 1.000 1.000 1.000 1.000 1.000
SER01A0189_001 0.000 0.000 0.000 0.000 0.000
SER01A0189_002 0.991 0.992 0.991 0.992 0.991
SER01A0189_003 0.009 0.008 0.009 0.008 0.009
ASP01A0190_001 0.000 0.000 0.000 0.000 0.000
ASP01A0190_002 0.000 0.000 0.000 0.000 0.000
ASP02A0190_003 0.000 0.000 0.000 0.000 0.000
ASP02A0190_004 0.000 0.000 0.000 0.000 0.000
ASP-1A0190_005 1.000 1.000 1.000 1.000 1.000
VAL01A0191_001 1.000 1.000 1.000 1.000 1.000
TRP01A0192_001 1.000 1.000 1.000 1.000 1.000
ALA01A0193_001 1.000 1.000 1.000 1.000 1.000
PHE01A0194_001 1.000 1.000 1.000 1.000 1.000
VAL01A0196_001 1.000 1.000 1.000 1.000 1.000
LEU01A0197_001 1.000 1.000 1.000 1.000 1.000
LEU01A0198_001 1.000 1.000 1.000 1.000 1.000
TRP01A0199_001 1.000 1.000 1.000 1.000 1.000
GLU01A0200_001 0.000 0.000 0.000 0.000 0.000
GLU01A0200_002 0.000 0.000 0.000 0.000 0.000
GLU02A0200_003 0.000 0.000 0.000 0.000 0.000
GLU02A0200_004 0.000 0.000 0.000 0.000 0.000
GLU-1A0200_005 1.000 1.000 1.000 1.000 1.000
ILE01A0201_001 1.000 1.000 1.000 1.000 1.000
ALA01A0202_001 1.000 1.000 1.000 1.000 1.000
THR01A0203_001 1.000 1.000 1.000 1.000 1.000
THR01A0203_002 0.000 0.000 0.000 0.000 0.000
TYR01A0204_001 0.998 0.998 0.998 0.998 0.998
TYR01A0204_002 0.002 0.002 0.002 0.002 0.002
TYR-1A0204_003 0.000 0.000 0.000 0.000 0.000
MET01A0206_001 1.000 1.000 1.000 1.000 1.000
SER01A0207_001 0.195 0.196 0.196 0.194 0.195
SER01A0207_002 0.805 0.804 0.804 0.806 0.805
PRO01A0208_001 1.000 1.000 1.000 1.000 1.000
TYR01A0209_001 1.000 1.000 1.000 1.000 1.000
TYR-1A0209_002 0.000 0.000 0.000 0.000 0.000
PRO01A0210_001 1.000 1.000 1.000 1.000 1.000
ILE01A0212_001 1.000 1.000 1.000 1.000 1.000
ASP01A0213_001 0.000 0.000 0.000 0.000 0.000
ASP01A0213_002 0.000 0.000 0.000 0.000 0.000
ASP02A0213_003 0.000 0.000 0.000 0.000 0.000
ASP02A0213_004 0.000 0.000 0.000 0.000 0.000
ASP-1A0213_005 1.000 1.000 1.000 1.000 1.000
LEU01A0214_001 1.000 1.000 1.000 1.000 1.000
SER01A0215_001 0.168 0.169 0.167 0.169 0.169
SER01A0215_002 0.832 0.831 0.833 0.831 0.831
GLN01A0216_001 0.051 0.052 0.051 0.052 0.052
GLN01A0216_002 0.949 0.948 0.949 0.948 0.948
VAL01A0217_001 1.000 1.000 1.000 1.000 1.000
TYR01A0218_001 0.241 0.242 0.243 0.242 0.242
TYR01A0218_002 0.759 0.758 0.757 0.758 0.758
TYR-1A0218_003 0.000 0.000 0.000 0.000 0.000
GLU01A0219_001 0.000 0.000 0.000 0.000 0.000
GLU01A0219_002 0.000 0.000 0.000 0.000 0.000
GLU02A0219_003 0.000 0.000 0.000 0.000 0.000
GLU02A0219_004 0.000 0.000 0.000 0.000 0.000
GLU-1A0219_005 1.000 1.000 1.000 1.000 1.000
LEU01A0220_001 1.000 1.000 1.000 1.000 1.000
LEU01A0221_001 1.000 1.000 1.000 1.000 1.000
GLU01A0222_001 0.000 0.000 0.000 0.000 0.000
GLU01A0222_002 0.000 0.000 0.001 0.001 0.001
GLU02A0222_003 0.000 0.000 0.000 0.000 0.000
GLU02A0222_004 0.003 0.003 0.002 0.002 0.002
GLU-1A0222_005 0.997 0.997 0.997 0.997 0.997
LYS01A0223_001 0.000 0.000 0.000 0.000 0.000
LYS+1A0223_002 1.000 1.000 1.000 1.000 1.000
ASP01A0224_001 0.000 0.000 0.000 0.000 0.000
ASP01A0224_002 0.000 0.000 0.000 0.000 0.000
ASP02A0224_003 0.000 0.000 0.000 0.000 0.000
ASP02A0224_004 0.000 0.000 0.000 0.000 0.000
ASP-1A0224_005 1.000 1.000 1.000 1.000 1.000
TYR01A0225_001 1.000 1.000 1.000 1.000 1.000
TYR-1A0225_002 0.000 0.000 0.000 0.000 0.000
ARG01A0226_001 0.000 0.000 0.000 0.000 0.000
ARG02A0226_002 0.000 0.000 0.000 0.000 0.000
ARG02A0226_003 0.000 0.000 0.000 0.000 0.000
ARG03A0226_004 0.000 0.000 0.000 0.000 0.000
ARG+1A0226_005 1.000 1.000 1.000 1.000 1.000
MET01A0227_001 1.000 1.000 1.000 1.000 1.000
GLU01A0228_001 0.000 0.000 0.000 0.000 0.000
GLU01A0228_002 0.000 0.000 0.000 0.000 0.000
GLU02A0228_003 0.000 0.000 0.000 0.000 0.000
GLU02A0228_004 0.000 0.000 0.000 0.000 0.000
GLU-1A0228_005 1.000 1.000 1.000 1.000 1.000
ARG01A0229_001 0.000 0.000 0.000 0.000 0.000
ARG02A0229_002 0.000 0.000 0.000 0.000 0.000
ARG03A0229_003 0.000 0.000 0.000 0.000 0.000
ARG+1A0229_004 1.000 1.000 1.000 1.000 1.000
PRO01A0230_001 1.000 1.000 1.000 1.000 1.000
GLU01A0231_001 0.000 0.000 0.000 0.000 0.000
GLU01A0231_002 0.000 0.000 0.000 0.000 0.000
GLU02A0231_003 0.000 0.000 0.000 0.000 0.000
GLU02A0231_004 0.000 0.000 0.000 0.000 0.000
GLU-1A0231_005 1.000 1.000 1.000 1.000 1.000
CYS01A0233_001 0.282 0.282 0.284 0.283 0.284
CYS01A0233_002 0.520 0.519 0.518 0.518 0.519
CYS01A0233_003 0.197 0.199 0.198 0.199 0.198
CYS-1A0233_004 0.000 0.000 0.000 0.000 0.000
PRO01A0234_001 1.000 1.000 1.000 1.000 1.000
GLU01A0235_001 0.000 0.000 0.000 0.000 0.000
GLU01A0235_002 0.000 0.000 0.000 0.000 0.000
GLU02A0235_003 0.000 0.000 0.000 0.000 0.000
GLU02A0235_004 0.000 0.000 0.000 0.000 0.000
GLU-1A0235_005 1.000 1.000 1.000 1.000 1.000
LYS01A0236_001 0.000 0.000 0.000 0.000 0.000
LYS+1A0236_002 1.000 1.000 1.000 1.000 1.000
VAL01A0237_001 1.000 1.000 1.000 1.000 1.000
TYR01A0238_001 0.997 0.997 0.997 0.998 0.997
TYR01A0238_002 0.003 0.003 0.003 0.002 0.003
TYR-1A0238_003 0.000 0.000 0.000 0.000 0.000
GLU01A0239_001 0.000 0.000 0.000 0.000 0.000
GLU01A0239_002 0.000 0.000 0.000 0.000 0.000
GLU02A0239_003 0.000 0.000 0.000 0.000 0.000
GLU02A0239_004 0.000 0.000 0.000 0.002 0.000
GLU-1A0239_005 1.000 1.000 1.000 0.998 1.000
LEU01A0240_001 1.000 1.000 1.000 1.000 1.000
MET01A0241_001 1.000 1.000 1.000 1.000 1.000
ARG01A0242_001 0.000 0.000 0.000 0.000 0.000
ARG02A0242_002 0.000 0.000 0.000 0.000 0.000
ARG02A0242_003 0.000 0.000 0.000 0.000 0.000
ARG03A0242_004 0.000 0.000 0.000 0.000 0.000
ARG+1A0242_005 1.000 1.000 1.000 1.000 1.000
ALA01A0243_001 1.000 1.000 1.000 1.000 1.000
CYS01A0244_001 0.252 0.251 0.251 0.251 0.251
CYS01A0244_002 0.486 0.488 0.490 0.488 0.488
CYS01A0244_003 0.262 0.261 0.260 0.261 0.260
CYS-1A0244_004 0.000 0.000 0.000 0.000 0.000
TRP01A0245_001 1.000 1.000 1.000 1.000 1.000
GLN01A0246_001 0.671 0.670 0.671 0.670 0.671
GLN01A0246_002 0.329 0.330 0.329 0.330 0.329
TRP01A0247_001 1.000 1.000 1.000 1.000 1.000
ASN01A0248_001 1.000 1.000 1.000 1.000 1.000
ASN01A0248_002 0.000 0.000 0.000 0.000 0.000
PRO01A0249_001 1.000 1.000 1.000 1.000 1.000
SER01A0250_001 0.108 0.108 0.108 0.108 0.107
SER01A0250_002 0.137 0.138 0.137 0.137 0.137
SER01A0250_003 0.755 0.754 0.755 0.755 0.755
ASP01A0251_001 0.000 0.000 0.000 0.000 0.000
ASP01A0251_002 0.000 0.000 0.000 0.000 0.000
ASP02A0251_003 0.000 0.000 0.000 0.000 0.000
ASP02A0251_004 0.000 0.000 0.000 0.000 0.000
ASP-1A0251_005 1.000 1.000 1.000 1.000 1.000
ARG01A0252_001 0.000 0.000 0.000 0.000 0.000
ARG02A0252_002 0.000 0.000 0.000 0.000 0.000
ARG02A0252_003 0.000 0.000 0.000 0.000 0.000
ARG03A0252_004 0.000 0.000 0.000 0.000 0.000
ARG03A0252_005 0.000 0.000 0.000 0.000 0.000
ARG+1A0252_006 1.000 1.000 1.000 1.000 1.000
PRO01A0253_001 1.000 1.000 1.000 1.000 1.000
SER01A0254_001 0.997 0.997 0.997 0.997 0.997
SER01A0254_002 0.003 0.003 0.003 0.003 0.003
PHE01A0255_001 1.000 1.000 1.000 1.000 1.000
ALA01A0256_001 1.000 1.000 1.000 1.000 1.000
GLU01A0257_001 0.000 0.000 0.000 0.000 0.000
GLU01A0257_002 0.000 0.000 0.000 0.000 0.000
GLU02A0257_003 0.000 0.000 0.000 0.000 0.000
GLU02A0257_004 0.000 0.000 0.000 0.000 0.000
GLU-1A0257_005 1.000 1.000 1.000 1.000 1.000
ILE01A0258_001 1.000 1.000 1.000 1.000 1.000
HIS01A0259_001 0.002 0.002 0.002 0.002 0.002
HIS01A0259_002 0.010 0.011 0.011 0.011 0.011
HIS02A0259_003 0.011 0.010 0.011 0.011 0.011
HIS02A0259_004 0.052 0.049 0.049 0.049 0.050
HIS+1A0259_005 0.244 0.243 0.246 0.245 0.243
HIS+1A0259_006 0.681 0.684 0.681 0.682 0.683
GLN01A0260_001 0.184 0.182 0.183 0.183 0.182
GLN01A0260_002 0.816 0.818 0.817 0.817 0.818
ALA01A0261_001 1.000 1.000 1.000 1.000 1.000
PHE01A0262_001 1.000 1.000 1.000 1.000 1.000
GLU01A0263_001 0.000 0.000 0.000 0.000 0.000
GLU01A0263_002 0.002 0.000 0.000 0.002 0.002
GLU02A0263_003 0.000 0.000 0.000 0.000 0.000
GLU02A0263_004 0.000 0.000 0.000 0.000 0.000
GLU-1A0263_005 0.998 1.000 1.000 0.998 0.998
THR01A0264_001 0.252 0.252 0.252 0.252 0.252
THR01A0264_002 0.748 0.748 0.748 0.748 0.748
MET01A0265_001 1.000 1.000 1.000 1.000 1.000
PHE01A0266_001 1.000 1.000 1.000 1.000 1.000
GLN01A0267_001 0.871 0.871 0.870 0.870 0.872
GLN01A0267_002 0.129 0.129 0.130 0.130 0.128
GLU01A0268_001 0.000 0.000 0.000 0.000 0.000
GLU01A0268_002 0.002 0.000 0.002 0.000 0.000
GLU02A0268_003 0.000 0.000 0.000 0.000 0.000
GLU02A0268_004 0.000 0.000 0.000 0.000 0.000
GLU-1A0268_005 0.998 1.000 0.998 1.000 1.000
SER01A0269_001 1.000 1.000 1.000 1.000 1.000
STI+1B0003_001 0.928 0.928 0.928 0.928 0.928
STI+2B0003_002 0.000 0.000 0.000 0.000 0.000
STI01B0003_003 0.072 0.072 0.072 0.072 0.072
STI+aB0003_004 0.000 0.000 0.000 0.000 0.000
STI+bB0003_005 0.000 0.000 0.000 0.000 0.000
STIDMB0003_006 0.000 0.000 0.000 0.000 0.000
