 ph              7.4   7.4   7.4   7.4   7.4
ARG01A0001_001 0.000 0.000 0.000 0.000 0.000
ARG02A0001_002 0.000 0.000 0.000 0.000 0.000
ARG03A0001_003 0.000 0.000 0.000 0.000 0.000
ARG+1A0001_004 1.000 1.000 1.000 1.000 1.000
VAL01A0002_001 1.000 1.000 1.000 1.000 1.000
ASP01A0003_001 0.000 0.000 0.000 0.000 0.000
ASP01A0003_002 0.000 0.000 0.000 0.000 0.000
ASP02A0003_003 0.000 0.000 0.000 0.000 0.000
ASP02A0003_004 0.000 0.000 0.000 0.000 0.000
ASP-1A0003_005 1.000 1.000 1.000 1.000 1.000
PHE01A0004_001 1.000 1.000 1.000 1.000 1.000
PRO01A0005_001 1.000 1.000 1.000 1.000 1.000
ARG01A0006_001 0.000 0.000 0.000 0.000 0.000
ARG02A0006_002 0.000 0.000 0.000 0.000 0.000
ARG02A0006_003 0.000 0.000 0.000 0.000 0.000
ARG03A0006_004 0.000 0.000 0.000 0.000 0.000
ARG03A0006_005 0.000 0.000 0.000 0.000 0.000
ARG+1A0006_006 1.000 1.000 1.000 1.000 1.000
SER01A0007_001 1.000 1.000 1.000 1.000 1.000
ARG01A0008_001 0.000 0.000 0.000 0.000 0.000
ARG02A0008_002 0.000 0.000 0.000 0.000 0.000
ARG02A0008_003 0.000 0.000 0.000 0.000 0.000
ARG03A0008_004 0.000 0.000 0.000 0.000 0.000
ARG03A0008_005 0.000 0.000 0.000 0.000 0.000
ARG+1A0008_006 1.000 1.000 1.000 1.000 1.000
LEU01A0009_001 1.000 1.000 1.000 1.000 1.000
ARG01A0010_001 0.000 0.000 0.000 0.000 0.000
ARG02A0010_002 0.000 0.000 0.000 0.000 0.000
ARG03A0010_003 0.000 0.000 0.000 0.000 0.000
ARG03A0010_004 0.000 0.000 0.000 0.000 0.000
ARG+1A0010_005 1.000 1.000 1.000 1.000 1.000
PHE01A0011_001 1.000 1.000 1.000 1.000 1.000
LYS01A0012_001 0.000 0.000 0.000 0.000 0.000
LYS+1A0012_002 1.000 1.000 1.000 1.000 1.000
GLU01A0013_001 0.000 0.000 0.000 0.000 0.000
GLU01A0013_002 0.000 0.000 0.000 0.000 0.000
GLU02A0013_003 0.000 0.000 0.000 0.000 0.000
GLU02A0013_004 0.001 0.000 0.000 0.000 0.000
GLU-1A0013_005 0.999 1.000 1.000 1.000 1.000
LYS01A0014_001 0.004 0.004 0.003 0.004 0.000
LYS+1A0014_002 0.996 0.996 0.997 0.996 1.000
LEU01A0015_001 1.000 1.000 1.000 1.000 1.000
GLU01A0017_001 0.000 0.000 0.000 0.000 0.000
GLU01A0017_002 0.000 0.000 0.000 0.000 0.000
GLU02A0017_003 0.000 0.000 0.000 0.000 0.000
GLU02A0017_004 0.001 0.000 0.000 0.000 0.000
GLU-1A0017_005 0.999 1.000 1.000 1.000 1.000
GLN01A0019_001 0.988 0.989 0.990 0.990 0.989
GLN01A0019_002 0.012 0.011 0.010 0.010 0.011
PHE01A0020_001 1.000 1.000 1.000 1.000 1.000
GLU01A0022_001 0.000 0.000 0.000 0.000 0.000
GLU01A0022_002 0.000 0.002 0.003 0.003 0.003
GLU02A0022_003 0.000 0.001 0.000 0.002 0.000
GLU02A0022_004 0.041 0.026 0.033 0.024 0.029
GLU-1A0022_005 0.959 0.971 0.964 0.972 0.968
VAL01A0023_001 1.000 1.000 1.000 1.000 1.000
HIS01A0024_001 0.383 0.392 0.392 0.394 0.387
HIS02A0024_002 0.581 0.573 0.571 0.572 0.578
HIS+1A0024_003 0.036 0.035 0.038 0.035 0.035
LEU01A0025_001 1.000 1.000 1.000 1.000 1.000
CYS01A0026_001 0.327 0.318 0.322 0.317 0.321
CYS01A0026_002 0.209 0.208 0.203 0.207 0.207
CYS01A0026_003 0.464 0.474 0.475 0.476 0.473
CYS-1A0026_004 0.000 0.000 0.000 0.000 0.000
GLU01A0027_001 0.000 0.000 0.000 0.000 0.000
GLU01A0027_002 0.000 0.000 0.000 0.000 0.000
GLU02A0027_003 0.000 0.000 0.000 0.000 0.000
GLU02A0027_004 0.000 0.000 0.001 0.000 0.000
GLU-1A0027_005 1.000 1.000 0.999 1.000 1.000
VAL01A0028_001 1.000 1.000 1.000 1.000 1.000
ASP01A0029_001 0.000 0.000 0.000 0.000 0.000
ASP01A0029_002 0.000 0.000 0.000 0.000 0.000
ASP02A0029_003 0.000 0.000 0.000 0.000 0.000
ASP02A0029_004 0.000 0.000 0.000 0.000 0.000
ASP-1A0029_005 1.000 1.000 1.000 1.000 1.000
SER01A0030_001 0.262 0.259 0.256 0.268 0.260
SER01A0030_002 0.738 0.741 0.744 0.732 0.740
PRO01A0031_001 1.000 1.000 1.000 1.000 1.000
GLN01A0032_001 1.000 1.000 1.000 1.000 1.000
ASP01A0033_001 0.000 0.000 0.000 0.000 0.000
ASP01A0033_002 0.000 0.000 0.000 0.001 0.001
ASP02A0033_003 0.000 0.000 0.000 0.000 0.000
ASP02A0033_004 0.000 0.000 0.000 0.001 0.001
ASP-1A0033_005 1.000 1.000 1.000 0.998 0.997
LEU01A0034_001 1.000 1.000 1.000 1.000 1.000
VAL01A0035_001 1.000 1.000 1.000 1.000 1.000
SER01A0036_001 0.267 0.268 0.268 0.266 0.267
SER01A0036_002 0.000 0.000 0.000 0.000 0.000
SER01A0036_003 0.733 0.731 0.732 0.734 0.733
LEU01A0037_001 1.000 1.000 1.000 1.000 1.000
ASP01A0038_001 0.000 0.000 0.000 0.000 0.000
ASP01A0038_002 0.000 0.000 0.000 0.000 0.000
ASP02A0038_003 0.000 0.000 0.000 0.000 0.000
ASP02A0038_004 0.000 0.002 0.002 0.000 0.002
ASP-1A0038_005 1.000 0.998 0.998 1.000 0.998
PHE01A0039_001 1.000 1.000 1.000 1.000 1.000
PRO01A0040_001 1.000 1.000 1.000 1.000 1.000
LEU01A0041_001 1.000 1.000 1.000 1.000 1.000
ASN01A0042_001 0.318 0.310 0.315 0.318 0.314
ASN01A0042_002 0.682 0.690 0.685 0.682 0.686
VAL01A0043_001 1.000 1.000 1.000 1.000 1.000
ARG01A0044_001 0.000 0.000 0.000 0.000 0.000
ARG02A0044_002 0.000 0.000 0.000 0.000 0.000
ARG03A0044_003 0.000 0.000 0.000 0.000 0.000
ARG03A0044_004 0.000 0.000 0.000 0.000 0.000
ARG+1A0044_005 1.000 1.000 1.000 1.000 1.000
LYS01A0045_001 0.006 0.006 0.005 0.005 0.006
LYS+1A0045_002 0.994 0.994 0.995 0.995 0.994
HIS01A0047_001 0.490 0.495 0.492 0.500 0.497
HIS02A0047_002 0.391 0.389 0.393 0.387 0.384
HIS+1A0047_003 0.119 0.116 0.115 0.113 0.119
PRO01A0048_001 1.000 1.000 1.000 1.000 1.000
LEU01A0049_001 1.000 1.000 1.000 1.000 1.000
LEU01A0050_001 1.000 1.000 1.000 1.000 1.000
VAL01A0051_001 1.000 1.000 1.000 1.000 1.000
ALA01A0052_001 1.000 1.000 1.000 1.000 1.000
VAL01A0053_001 1.000 1.000 1.000 1.000 1.000
LYS01A0054_001 0.000 0.000 0.000 0.000 0.000
LYS+1A0054_002 1.000 1.000 1.000 1.000 1.000
ILE01A0055_001 1.000 1.000 1.000 1.000 1.000
LEU01A0056_001 1.000 1.000 1.000 1.000 1.000
ARG01A0057_001 0.000 0.000 0.000 0.000 0.000
ARG02A0057_002 0.000 0.000 0.000 0.000 0.000
ARG02A0057_003 0.000 0.000 0.000 0.000 0.000
ARG03A0057_004 1.000 1.000 1.000 1.000 1.000
ARG03A0057_005 0.000 0.000 0.000 0.000 0.000
ARG+1A0057_006 0.000 0.000 0.000 0.000 0.000
PRO01A0058_001 1.000 1.000 1.000 1.000 1.000
ASP01A0059_001 0.000 0.000 0.000 0.000 0.000
ASP01A0059_002 0.000 0.000 0.000 0.000 0.000
ASP02A0059_003 0.000 0.000 0.000 0.000 0.000
ASP02A0059_004 0.000 0.000 0.000 0.000 0.000
ASP-1A0059_005 1.000 1.000 1.000 1.000 1.000
ALA01A0060_001 1.000 1.000 1.000 1.000 1.000
THR01A0061_001 0.337 0.336 0.336 0.335 0.343
THR01A0061_002 0.663 0.664 0.664 0.665 0.657
LYS01A0062_001 0.013 0.016 0.012 0.013 0.014
LYS+1A0062_002 0.987 0.984 0.988 0.987 0.986
ASN01A0063_001 1.000 1.000 1.000 1.000 1.000
ALA01A0064_001 1.000 1.000 1.000 1.000 1.000
ARG01A0065_001 0.000 0.000 0.000 0.000 0.000
ARG02A0065_002 0.000 0.000 0.000 0.000 0.000
ARG02A0065_003 0.000 0.000 0.000 0.000 0.000
ARG03A0065_004 0.020 0.021 0.021 0.023 0.021
ARG03A0065_005 0.000 0.000 0.000 0.000 0.000
ARG+1A0065_006 0.980 0.979 0.979 0.977 0.979
ASN01A0066_001 0.937 0.939 0.937 0.938 0.936
ASN01A0066_002 0.063 0.061 0.063 0.062 0.064
ASP01A0067_001 0.000 0.000 0.000 0.000 0.000
ASP01A0067_002 0.000 0.000 0.000 0.000 0.000
ASP02A0067_003 0.000 0.000 0.000 0.000 0.000
ASP02A0067_004 0.000 0.000 0.000 0.000 0.000
ASP-1A0067_005 1.000 1.000 1.000 1.000 1.000
PHE01A0068_001 1.000 1.000 1.000 1.000 1.000
LEU01A0069_001 1.000 1.000 1.000 1.000 1.000
LYS01A0070_001 0.001 0.001 0.002 0.002 0.000
LYS+1A0070_002 0.999 0.999 0.998 0.998 1.000
GLU01A0071_001 0.000 0.000 0.000 0.000 0.000
GLU01A0071_002 0.000 0.000 0.000 0.000 0.000
GLU02A0071_003 0.000 0.000 0.000 0.000 0.000
GLU02A0071_004 0.000 0.000 0.000 0.000 0.000
GLU-1A0071_005 1.000 1.000 1.000 1.000 1.000
VAL01A0072_001 1.000 1.000 1.000 1.000 1.000
LYS01A0073_001 0.003 0.004 0.003 0.000 0.000
LYS+1A0073_002 0.997 0.996 0.997 1.000 1.000
ILE01A0074_001 1.000 1.000 1.000 1.000 1.000
MET01A0075_001 1.000 1.000 1.000 1.000 1.000
SER01A0076_001 0.941 0.939 0.940 0.942 0.939
SER01A0076_002 0.059 0.061 0.060 0.058 0.061
ARG01A0077_001 0.000 0.000 0.000 0.000 0.000
ARG02A0077_002 0.000 0.000 0.000 0.000 0.000
ARG03A0077_003 0.000 0.000 0.000 0.000 0.000
ARG+1A0077_004 1.000 1.000 1.000 1.000 1.000
LEU01A0078_001 1.000 1.000 1.000 1.000 1.000
LYS01A0079_001 0.000 0.000 0.000 0.000 0.000
LYS+1A0079_002 1.000 1.000 1.000 1.000 1.000
ASP01A0080_001 0.000 0.000 0.000 0.000 0.000
ASP01A0080_002 0.000 0.000 0.000 0.000 0.000
ASP02A0080_003 0.000 0.000 0.000 0.000 0.000
ASP02A0080_004 0.000 0.000 0.000 0.000 0.000
ASP-1A0080_005 1.000 1.000 1.000 1.000 1.000
PRO01A0081_001 1.000 1.000 1.000 1.000 1.000
ASN01A0082_001 0.968 0.969 0.973 0.971 0.968
ASN01A0082_002 0.032 0.031 0.027 0.029 0.032
ILE01A0083_001 1.000 1.000 1.000 1.000 1.000
ILE01A0084_001 1.000 1.000 1.000 1.000 1.000
ARG01A0085_001 0.000 0.000 0.000 0.000 0.000
ARG02A0085_002 0.000 0.000 0.000 0.000 0.000
ARG03A0085_003 0.000 0.000 0.000 0.000 0.000
ARG+1A0085_004 1.000 1.000 1.000 1.000 1.000
LEU01A0086_001 1.000 1.000 1.000 1.000 1.000
LEU01A0087_001 1.000 1.000 1.000 1.000 1.000
VAL01A0089_001 1.000 1.000 1.000 1.000 1.000
CYS01A0090_001 0.811 0.822 0.823 0.819 0.827
CYS01A0090_002 0.094 0.090 0.087 0.088 0.086
CYS01A0090_003 0.095 0.088 0.090 0.093 0.088
CYS-1A0090_004 0.000 0.000 0.000 0.000 0.000
VAL01A0091_001 1.000 1.000 1.000 1.000 1.000
GLN01A0092_001 0.659 0.659 0.653 0.655 0.656
GLN01A0092_002 0.341 0.341 0.347 0.345 0.344
ASP01A0093_001 0.000 0.000 0.000 0.000 0.000
ASP01A0093_002 0.000 0.000 0.000 0.000 0.000
ASP02A0093_003 0.000 0.000 0.000 0.000 0.000
ASP02A0093_004 0.000 0.000 0.000 0.000 0.000
ASP-1A0093_005 1.000 1.000 1.000 1.000 1.000
ASP01A0094_001 0.000 0.000 0.000 0.000 0.000
ASP01A0094_002 0.000 0.000 0.000 0.000 0.000
ASP02A0094_003 0.000 0.000 0.000 0.000 0.000
ASP02A0094_004 0.000 0.000 0.000 0.000 0.000
ASP-1A0094_005 1.000 0.999 1.000 1.000 1.000
PRO01A0095_001 1.000 1.000 1.000 1.000 1.000
LEU01A0096_001 1.000 1.000 1.000 1.000 1.000
CYS01A0097_001 0.113 0.110 0.107 0.110 0.107
CYS01A0097_002 0.740 0.744 0.748 0.746 0.751
CYS01A0097_003 0.147 0.146 0.145 0.144 0.141
CYS-1A0097_004 0.000 0.000 0.000 0.000 0.000
MET01A0098_001 1.000 1.000 1.000 1.000 1.000
ILE01A0099_001 1.000 1.000 1.000 1.000 1.000
THR01A0100_001 0.066 0.062 0.064 0.065 0.065
THR01A0100_002 0.469 0.465 0.474 0.462 0.468
THR01A0100_003 0.465 0.473 0.461 0.473 0.467
ASP01A0101_001 0.000 0.000 0.000 0.000 0.000
ASP01A0101_002 0.000 0.000 0.000 0.000 0.000
ASP02A0101_003 0.000 0.000 0.002 0.001 0.000
ASP02A0101_004 0.005 0.004 0.003 0.003 0.005
ASP-1A0101_005 0.995 0.996 0.996 0.996 0.995
TYR01A0102_001 0.452 0.451 0.451 0.447 0.452
TYR01A0102_002 0.548 0.549 0.549 0.553 0.548
TYR-1A0102_003 0.000 0.000 0.000 0.000 0.000
MET01A0103_001 1.000 1.000 1.000 1.000 1.000
GLU01A0104_001 0.000 0.000 0.000 0.000 0.000
GLU01A0104_002 0.000 0.000 0.000 0.000 0.000
GLU02A0104_003 0.000 0.000 0.000 0.000 0.000
GLU02A0104_004 0.000 0.000 0.000 0.000 0.000
GLU-1A0104_005 1.000 1.000 1.000 1.000 0.999
ASN01A0105_001 0.664 0.667 0.665 0.668 0.671
ASN01A0105_002 0.336 0.333 0.335 0.332 0.329
ASP01A0107_001 0.000 0.000 0.000 0.000 0.000
ASP01A0107_002 0.000 0.000 0.000 0.000 0.000
ASP02A0107_003 0.000 0.000 0.000 0.000 0.000
ASP02A0107_004 0.000 0.000 0.000 0.000 0.000
ASP-1A0107_005 1.000 1.000 1.000 1.000 1.000
LEU01A0108_001 1.000 1.000 1.000 1.000 1.000
ASN01A0109_001 0.671 0.672 0.671 0.667 0.677
ASN01A0109_002 0.329 0.328 0.329 0.333 0.323
GLN01A0110_001 0.897 0.896 0.900 0.896 0.895
GLN01A0110_002 0.103 0.104 0.100 0.104 0.105
PHE01A0111_001 1.000 1.000 1.000 1.000 1.000
LEU01A0112_001 1.000 1.000 1.000 1.000 1.000
SER01A0113_001 0.113 0.113 0.118 0.117 0.119
SER01A0113_002 0.659 0.664 0.661 0.661 0.657
SER01A0113_003 0.228 0.223 0.221 0.222 0.224
ALA01A0114_001 1.000 1.000 1.000 1.000 1.000
HIS01A0115_001 0.003 0.003 0.004 0.003 0.004
HIS02A0115_002 0.927 0.932 0.927 0.926 0.929
HIS+1A0115_003 0.071 0.064 0.069 0.071 0.067
GLN01A0116_001 0.086 0.087 0.083 0.085 0.084
GLN01A0116_002 0.914 0.913 0.917 0.915 0.916
LEU01A0117_001 1.000 1.000 1.000 1.000 1.000
GLU01A0118_001 0.000 0.000 0.000 0.000 0.000
GLU01A0118_002 0.001 0.001 0.001 0.000 0.000
GLU02A0118_003 0.000 0.000 0.000 0.000 0.000
GLU02A0118_004 0.001 0.000 0.001 0.000 0.000
GLU-1A0118_005 0.998 0.999 0.998 1.000 1.000
ASP01A0119_001 0.000 0.000 0.000 0.000 0.000
ASP01A0119_002 0.000 0.000 0.000 0.000 0.000
ASP02A0119_003 0.000 0.000 0.000 0.000 0.000
ASP02A0119_004 0.000 0.000 0.000 0.000 0.000
ASP-1A0119_005 1.000 1.000 1.000 1.000 1.000
LYS01A0120_001 1.000 1.000 1.000 1.000 1.000
LYS+1A0120_002 0.000 0.000 0.000 0.000 0.000
ALA01A0121_001 1.000 1.000 1.000 1.000 1.000
ALA01A0122_001 1.000 1.000 1.000 1.000 1.000
GLU01A0123_001 0.000 0.000 0.000 0.000 0.000
GLU01A0123_002 0.000 0.000 0.000 0.000 0.000
GLU02A0123_003 0.000 0.000 0.000 0.000 0.000
GLU02A0123_004 0.000 0.000 0.000 0.000 0.000
GLU-1A0123_005 1.000 1.000 1.000 1.000 1.000
ALA01A0125_001 1.000 1.000 1.000 1.000 1.000
PRO01A0126_001 1.000 1.000 1.000 1.000 1.000
ASP01A0128_001 0.000 0.000 0.000 0.000 0.000
ASP01A0128_002 0.000 0.000 0.001 0.000 0.001
ASP02A0128_003 0.000 0.000 0.000 0.000 0.000
ASP02A0128_004 0.000 0.000 0.001 0.000 0.000
ASP-1A0128_005 1.000 1.000 0.998 1.000 0.999
GLN01A0130_001 0.000 0.000 0.000 0.000 0.000
GLN01A0130_002 1.000 1.000 1.000 1.000 1.000
ALA01A0131_001 1.000 1.000 1.000 1.000 1.000
ALA01A0132_001 1.000 1.000 1.000 1.000 1.000
GLN01A0133_001 0.776 0.783 0.783 0.782 0.782
GLN01A0133_002 0.224 0.217 0.217 0.218 0.218
PRO01A0135_001 1.000 1.000 1.000 1.000 1.000
THR01A0136_001 0.149 0.151 0.153 0.151 0.148
THR01A0136_002 0.851 0.849 0.847 0.849 0.852
ILE01A0137_001 1.000 1.000 1.000 1.000 1.000
SER01A0138_001 1.000 1.000 1.000 1.000 1.000
SER01A0138_002 0.000 0.000 0.000 0.000 0.000
TYR01A0139_001 0.284 0.278 0.285 0.286 0.290
TYR01A0139_002 0.716 0.722 0.715 0.714 0.710
TYR-1A0139_003 0.000 0.000 0.000 0.000 0.000
PRO01A0140_001 1.000 1.000 1.000 1.000 1.000
MET01A0141_001 1.000 1.000 1.000 1.000 1.000
LEU01A0142_001 1.000 1.000 1.000 1.000 1.000
LEU01A0143_001 1.000 1.000 1.000 1.000 1.000
HIS01A0144_001 0.220 0.221 0.217 0.222 0.218
HIS01A0144_002 0.092 0.093 0.099 0.093 0.093
HIS02A0144_003 0.368 0.369 0.365 0.361 0.361
HIS02A0144_004 0.225 0.222 0.223 0.229 0.223
HIS+1A0144_005 0.078 0.078 0.077 0.078 0.087
HIS+1A0144_006 0.016 0.017 0.020 0.017 0.018
VAL01A0145_001 1.000 1.000 1.000 1.000 1.000
ALA01A0146_001 1.000 1.000 1.000 1.000 1.000
ALA01A0147_001 1.000 1.000 1.000 1.000 1.000
GLN01A0148_001 1.000 1.000 1.000 1.000 1.000
GLN01A0148_002 0.000 0.000 0.000 0.000 0.000
ILE01A0149_001 1.000 1.000 1.000 1.000 1.000
ALA01A0150_001 1.000 1.000 1.000 1.000 1.000
SER01A0151_001 0.080 0.081 0.078 0.077 0.081
SER01A0151_002 0.036 0.039 0.036 0.035 0.033
SER01A0151_003 0.884 0.880 0.886 0.888 0.886
MET01A0153_001 1.000 1.000 1.000 1.000 1.000
ARG01A0154_001 0.000 0.000 0.000 0.000 0.000
ARG02A0154_002 0.000 0.000 0.000 0.000 0.000
ARG03A0154_003 0.000 0.000 0.000 0.000 0.000
ARG+1A0154_004 1.000 1.000 1.000 1.000 1.000
TYR01A0155_001 1.000 1.000 1.000 1.000 1.000
TYR-1A0155_002 0.000 0.000 0.000 0.000 0.000
LEU01A0156_001 1.000 1.000 1.000 1.000 1.000
ALA01A0157_001 1.000 1.000 1.000 1.000 1.000
THR01A0158_001 1.000 1.000 1.000 1.000 1.000
LEU01A0159_001 1.000 1.000 1.000 1.000 1.000
ASN01A0160_001 0.363 0.355 0.368 0.362 0.356
ASN01A0160_002 0.637 0.645 0.632 0.638 0.644
PHE01A0161_001 1.000 1.000 1.000 1.000 1.000
VAL01A0162_001 1.000 1.000 1.000 1.000 1.000
HIS01A0163_001 1.000 1.000 1.000 1.000 1.000
HIS02A0163_002 0.000 0.000 0.000 0.000 0.000
HIS+1A0163_003 0.000 0.000 0.000 0.000 0.000
ARG01A0164_001 0.000 0.000 0.000 0.000 0.000
ARG02A0164_002 0.000 0.000 0.000 0.000 0.000
ARG03A0164_003 0.000 0.000 0.000 0.000 0.000
ARG+1A0164_004 1.000 1.000 1.000 1.000 1.000
ASP01A0165_001 0.000 0.000 0.000 0.000 0.000
ASP01A0165_002 0.000 0.000 0.000 0.000 0.000
ASP02A0165_003 0.000 0.000 0.000 0.000 0.000
ASP02A0165_004 0.000 0.000 0.000 0.000 0.000
ASP-1A0165_005 1.000 1.000 1.000 1.000 1.000
LEU01A0166_001 1.000 1.000 1.000 1.000 1.000
ALA01A0167_001 1.000 1.000 1.000 1.000 1.000
THR01A0168_001 0.694 0.700 0.699 0.695 0.699
THR01A0168_002 0.011 0.009 0.011 0.011 0.012
THR01A0168_003 0.295 0.291 0.290 0.294 0.289
ARG01A0169_001 0.000 0.000 0.000 0.000 0.000
ARG02A0169_002 0.000 0.000 0.000 0.000 0.000
ARG02A0169_003 0.000 0.000 0.000 0.000 0.000
ARG03A0169_004 0.000 0.000 0.000 0.000 0.000
ARG03A0169_005 0.000 0.000 0.000 0.000 0.000
ARG+1A0169_006 1.000 1.000 1.000 1.000 1.000
ASN01A0170_001 1.000 1.000 1.000 1.000 1.000
ASN01A0170_002 0.000 0.000 0.000 0.000 0.000
CYS01A0171_001 0.141 0.144 0.142 0.140 0.145
CYS01A0171_002 0.651 0.644 0.645 0.650 0.637
CYS01A0171_003 0.208 0.213 0.213 0.209 0.218
CYS-1A0171_004 0.000 0.000 0.000 0.000 0.000
LEU01A0172_001 1.000 1.000 1.000 1.000 1.000
VAL01A0173_001 1.000 1.000 1.000 1.000 1.000
GLU01A0175_001 0.000 0.000 0.000 0.000 0.000
GLU01A0175_002 0.001 0.000 0.000 0.002 0.002
GLU02A0175_003 0.000 0.000 0.000 0.000 0.000
GLU02A0175_004 0.002 0.004 0.004 0.002 0.000
GLU-1A0175_005 0.997 0.996 0.996 0.996 0.998
ASN01A0176_001 0.449 0.445 0.444 0.448 0.442
ASN01A0176_002 0.551 0.555 0.556 0.552 0.558
PHE01A0177_001 1.000 1.000 1.000 1.000 1.000
THR01A0178_001 0.329 0.324 0.320 0.326 0.327
THR01A0178_002 0.671 0.676 0.680 0.674 0.673
ILE01A0179_001 1.000 1.000 1.000 1.000 1.000
LYS01A0180_001 0.000 0.002 0.000 0.002 0.003
LYS+1A0180_002 1.000 0.998 1.000 0.998 0.997
ILE01A0181_001 1.000 1.000 1.000 1.000 1.000
ALA01A0182_001 1.000 1.000 1.000 1.000 1.000
ASP01A0183_001 0.000 0.000 0.000 0.000 0.000
ASP01A0183_002 0.000 0.000 0.000 0.000 0.000
ASP02A0183_003 0.000 0.000 0.000 0.000 0.001
ASP02A0183_004 0.005 0.006 0.005 0.005 0.003
ASP-1A0183_005 0.995 0.994 0.995 0.995 0.996
PHE01A0184_001 1.000 1.000 1.000 1.000 1.000
MET01A0186_001 1.000 1.000 1.000 1.000 1.000
SER01A0187_001 0.855 0.863 0.860 0.856 0.860
SER01A0187_002 0.021 0.018 0.019 0.018 0.019
SER01A0187_003 0.124 0.119 0.121 0.126 0.121
ARG01A0188_001 0.000 0.000 0.000 0.000 0.000
ARG02A0188_002 0.000 0.000 0.000 0.000 0.000
ARG02A0188_003 0.000 0.000 0.000 0.000 0.000
ARG03A0188_004 0.000 0.000 0.000 0.000 0.000
ARG03A0188_005 0.000 0.000 0.000 0.000 0.000
ARG+1A0188_006 1.000 1.000 1.000 1.000 1.000
ASN01A0189_001 1.000 1.000 1.000 1.000 1.000
LEU01A0190_001 1.000 1.000 1.000 1.000 1.000
TYR01A0191_001 0.063 0.061 0.064 0.060 0.062
TYR01A0191_002 0.937 0.939 0.936 0.940 0.938
TYR-1A0191_003 0.000 0.000 0.000 0.000 0.000
ALA01A0192_001 1.000 1.000 1.000 1.000 1.000
ASP01A0194_001 0.000 0.000 0.000 0.000 0.000
ASP01A0194_002 0.014 0.012 0.022 0.015 0.014
ASP02A0194_003 0.000 0.000 0.000 0.000 0.000
ASP02A0194_004 0.005 0.004 0.000 0.004 0.004
ASP-1A0194_005 0.981 0.984 0.978 0.980 0.982
TYR01A0195_001 0.012 0.013 0.000 0.011 0.012
TYR01A0195_002 0.988 0.987 1.000 0.989 0.988
TYR-1A0195_003 0.000 0.000 0.000 0.000 0.000
TYR01A0196_001 0.360 0.361 0.364 0.362 0.362
TYR01A0196_002 0.640 0.639 0.636 0.638 0.638
TYR-1A0196_003 0.000 0.000 0.000 0.000 0.000
ARG01A0197_001 0.000 0.000 0.000 0.000 0.000
ARG02A0197_002 0.000 0.000 0.000 0.000 0.000
ARG02A0197_003 0.000 0.000 0.000 0.000 0.000
ARG03A0197_004 0.000 0.000 0.000 0.000 0.000
ARG03A0197_005 0.000 0.000 0.000 0.000 0.000
ARG+1A0197_006 1.000 1.000 1.000 1.000 1.000
VAL01A0198_001 1.000 1.000 1.000 1.000 1.000
GLN01A0199_001 0.998 0.998 1.000 1.000 1.000
GLN01A0199_002 0.002 0.002 0.000 0.000 0.000
ARG01A0201_001 0.000 0.000 0.000 0.000 0.000
ARG02A0201_002 0.000 0.000 0.000 0.000 0.000
ARG03A0201_003 0.000 0.000 0.000 0.000 0.000
ARG03A0201_004 0.000 0.000 0.000 0.000 0.000
ARG+1A0201_005 1.000 1.000 1.000 1.000 1.000
ALA01A0202_001 1.000 1.000 1.000 1.000 1.000
VAL01A0203_001 1.000 1.000 1.000 1.000 1.000
LEU01A0204_001 1.000 1.000 1.000 1.000 1.000
PRO01A0205_001 1.000 1.000 1.000 1.000 1.000
ILE01A0206_001 1.000 1.000 1.000 1.000 1.000
ARG01A0207_001 0.000 0.000 0.000 0.000 0.000
ARG02A0207_002 0.000 0.000 0.000 0.000 0.000
ARG03A0207_003 0.000 0.000 0.000 0.000 0.000
ARG03A0207_004 0.000 0.000 0.000 0.000 0.000
ARG+1A0207_005 1.000 1.000 1.000 1.000 1.000
TRP01A0208_001 1.000 1.000 1.000 1.000 1.000
MET01A0209_001 1.000 1.000 1.000 1.000 1.000
ALA01A0210_001 1.000 1.000 1.000 1.000 1.000
TRP01A0211_001 1.000 1.000 1.000 1.000 1.000
GLU01A0212_001 0.000 0.000 0.000 0.000 0.000
GLU01A0212_002 0.000 0.000 0.000 0.000 0.000
GLU02A0212_003 0.000 0.000 0.000 0.000 0.000
GLU02A0212_004 0.000 0.000 0.000 0.000 0.000
GLU-1A0212_005 1.000 1.000 1.000 1.000 1.000
CYS01A0213_001 0.582 0.586 0.577 0.584 0.582
CYS01A0213_002 0.085 0.085 0.084 0.086 0.085
CYS01A0213_003 0.333 0.329 0.338 0.331 0.333
CYS-1A0213_004 0.000 0.000 0.000 0.000 0.000
ILE01A0214_001 1.000 1.000 1.000 1.000 1.000
LEU01A0215_001 1.000 1.000 1.000 1.000 1.000
MET01A0216_001 1.000 1.000 1.000 1.000 1.000
LYS01A0218_001 0.000 0.000 0.000 0.000 0.000
LYS+1A0218_002 1.000 1.000 1.000 1.000 1.000
PHE01A0219_001 1.000 1.000 1.000 1.000 1.000
THR01A0220_001 1.000 1.000 1.000 1.000 1.000
THR01A0221_001 1.000 1.000 1.000 1.000 1.000
ALA01A0222_001 1.000 1.000 1.000 1.000 1.000
SER01A0223_001 0.000 0.000 0.000 0.000 0.000
SER01A0223_002 0.790 0.798 0.788 0.792 0.788
SER01A0223_003 0.210 0.202 0.212 0.208 0.212
ASP01A0224_001 0.000 0.000 0.000 0.000 0.000
ASP01A0224_002 0.000 0.000 0.000 0.000 0.000
ASP02A0224_003 0.000 0.000 0.000 0.000 0.000
ASP02A0224_004 0.000 0.000 0.000 0.000 0.000
ASP-1A0224_005 1.000 1.000 1.000 1.000 1.000
VAL01A0225_001 1.000 1.000 1.000 1.000 1.000
TRP01A0226_001 1.000 1.000 1.000 1.000 1.000
ALA01A0227_001 1.000 1.000 1.000 1.000 1.000
PHE01A0228_001 1.000 1.000 1.000 1.000 1.000
VAL01A0230_001 1.000 1.000 1.000 1.000 1.000
THR01A0231_001 0.018 0.016 0.018 0.016 0.019
THR01A0231_002 0.962 0.967 0.963 0.966 0.964
THR01A0231_003 0.020 0.016 0.019 0.017 0.017
LEU01A0232_001 1.000 1.000 1.000 1.000 1.000
TRP01A0233_001 1.000 1.000 1.000 1.000 1.000
GLU01A0234_001 0.003 0.002 0.000 0.002 0.002
GLU01A0234_002 0.019 0.020 0.024 0.019 0.018
GLU02A0234_003 0.000 0.000 0.000 0.000 0.000
GLU02A0234_004 0.000 0.000 0.000 0.000 0.000
GLU-1A0234_005 0.978 0.978 0.976 0.979 0.980
VAL01A0235_001 1.000 1.000 1.000 1.000 1.000
LEU01A0236_001 1.000 1.000 1.000 1.000 1.000
MET01A0237_001 1.000 1.000 1.000 1.000 1.000
LEU01A0238_001 1.000 1.000 1.000 1.000 1.000
CYS01A0239_001 0.508 0.504 0.504 0.503 0.506
CYS01A0239_002 0.180 0.176 0.174 0.178 0.174
CYS01A0239_003 0.313 0.320 0.322 0.320 0.320
CYS-1A0239_004 0.000 0.000 0.000 0.000 0.000
ARG01A0240_001 0.000 0.000 0.000 0.000 0.000
ARG02A0240_002 0.000 0.000 0.000 0.000 0.000
ARG03A0240_003 0.000 0.000 0.000 0.000 0.000
ARG03A0240_004 0.000 0.000 0.000 0.000 0.000
ARG+1A0240_005 1.000 1.000 1.000 1.000 1.000
ALA01A0241_001 1.000 1.000 1.000 1.000 1.000
GLN01A0242_001 0.969 0.968 0.968 0.967 0.970
GLN01A0242_002 0.031 0.032 0.032 0.033 0.030
PRO01A0243_001 1.000 1.000 1.000 1.000 1.000
PHE01A0244_001 1.000 1.000 1.000 1.000 1.000
GLN01A0246_001 1.000 1.000 1.000 1.000 1.000
LEU01A0247_001 1.000 1.000 1.000 1.000 1.000
THR01A0248_001 0.000 0.003 0.004 0.004 0.004
THR01A0248_002 0.000 0.000 0.000 0.000 0.000
THR01A0248_003 1.000 0.997 0.996 0.996 0.996
ASP01A0249_001 0.000 0.000 0.000 0.000 0.000
ASP01A0249_002 0.000 0.000 0.000 0.000 0.000
ASP02A0249_003 0.000 0.000 0.000 0.000 0.000
ASP02A0249_004 0.000 0.000 0.000 0.000 0.000
ASP-1A0249_005 1.000 1.000 1.000 1.000 1.000
GLU01A0250_001 0.000 0.000 0.000 0.000 0.000
GLU01A0250_002 0.000 0.000 0.000 0.000 0.000
GLU02A0250_003 0.000 0.000 0.000 0.000 0.000
GLU02A0250_004 0.000 0.000 0.000 0.000 0.000
GLU-1A0250_005 1.000 1.000 1.000 1.000 1.000
GLN01A0251_001 1.000 1.000 1.000 1.000 1.000
GLN01A0251_002 0.000 0.000 0.000 0.000 0.000
VAL01A0252_001 1.000 1.000 1.000 1.000 1.000
ILE01A0253_001 1.000 1.000 1.000 1.000 1.000
GLU01A0254_001 0.000 0.000 0.000 0.000 0.000
GLU01A0254_002 0.000 0.000 0.000 0.000 0.000
GLU02A0254_003 0.000 0.000 0.000 0.000 0.000
GLU02A0254_004 0.000 0.000 0.001 0.000 0.000
GLU-1A0254_005 1.000 1.000 0.999 1.000 1.000
ASN01A0255_001 1.000 1.000 1.000 1.000 1.000
ALA01A0256_001 1.000 1.000 1.000 1.000 1.000
GLU01A0258_001 0.000 0.000 0.000 0.000 0.000
GLU01A0258_002 0.000 0.000 0.000 0.000 0.000
GLU02A0258_003 0.007 0.008 0.008 0.008 0.008
GLU02A0258_004 0.284 0.290 0.292 0.291 0.293
GLU-1A0258_005 0.709 0.702 0.700 0.701 0.700
PHE01A0259_001 1.000 1.000 1.000 1.000 1.000
PHE01A0260_001 1.000 1.000 1.000 1.000 1.000
ARG01A0261_001 0.000 0.000 0.000 0.000 0.000
ARG02A0261_002 0.000 0.000 0.000 0.000 0.000
ARG02A0261_003 0.000 0.000 0.000 0.000 0.000
ARG03A0261_004 1.000 1.000 1.000 1.000 1.000
ARG03A0261_005 0.000 0.000 0.000 0.000 0.000
ARG+1A0261_006 0.000 0.000 0.000 0.000 0.000
ASP01A0262_001 0.000 0.000 0.000 0.000 0.000
ASP01A0262_002 0.000 0.001 0.000 0.000 0.000
ASP02A0262_003 0.000 0.000 0.000 0.000 0.000
ASP02A0262_004 0.001 0.000 0.001 0.002 0.000
ASP-1A0262_005 0.999 0.999 0.999 0.998 1.000
GLN01A0263_001 1.000 1.000 1.000 1.000 1.000
ARG01A0265_001 0.000 0.000 0.000 0.000 0.000
ARG02A0265_002 1.000 1.000 1.000 1.000 1.000
ARG02A0265_003 0.000 0.000 0.000 0.000 0.000
ARG03A0265_004 0.000 0.000 0.000 0.000 0.000
ARG03A0265_005 0.000 0.000 0.000 0.000 0.000
ARG+1A0265_006 0.000 0.000 0.000 0.000 0.000
GLN01A0266_001 1.000 1.000 1.000 1.000 1.000
GLN01A0266_002 0.000 0.000 0.000 0.000 0.000
VAL01A0267_001 1.000 1.000 1.000 1.000 1.000
TYR01A0268_001 1.000 1.000 1.000 1.000 1.000
TYR-1A0268_002 0.000 0.000 0.000 0.000 0.000
LEU01A0269_001 1.000 1.000 1.000 1.000 1.000
SER01A0270_001 0.743 0.747 0.745 0.744 0.749
SER01A0270_002 0.257 0.253 0.255 0.256 0.251
ARG01A0271_001 0.000 0.000 0.000 0.000 0.000
ARG02A0271_002 0.000 0.000 0.000 0.000 0.000
ARG02A0271_003 0.000 0.000 0.000 0.000 0.000
ARG03A0271_004 0.000 0.000 0.000 0.000 0.000
ARG+1A0271_005 1.000 1.000 1.000 1.000 1.000
PRO01A0272_001 1.000 1.000 1.000 1.000 1.000
PRO01A0273_001 1.000 1.000 1.000 1.000 1.000
ALA01A0274_001 1.000 1.000 1.000 1.000 1.000
CYS01A0275_001 0.384 0.392 0.379 0.383 0.387
CYS01A0275_002 0.279 0.275 0.282 0.277 0.276
CYS01A0275_003 0.338 0.333 0.339 0.339 0.336
CYS-1A0275_004 0.000 0.000 0.000 0.000 0.000
PRO01A0276_001 1.000 1.000 1.000 1.000 1.000
GLN01A0277_001 0.954 0.953 0.956 0.950 0.952
GLN01A0277_002 0.046 0.047 0.044 0.050 0.048
LEU01A0279_001 1.000 1.000 1.000 1.000 1.000
TYR01A0280_001 0.992 1.000 0.992 0.992 0.993
TYR01A0280_002 0.008 0.000 0.008 0.008 0.007
TYR-1A0280_003 0.000 0.000 0.000 0.000 0.000
GLU01A0281_001 0.000 0.000 0.000 0.000 0.000
GLU01A0281_002 0.000 0.000 0.000 0.000 0.000
GLU02A0281_003 0.000 0.000 0.000 0.000 0.000
GLU02A0281_004 0.000 0.000 0.000 0.000 0.000
GLU-1A0281_005 1.000 1.000 1.000 1.000 1.000
LEU01A0282_001 1.000 1.000 1.000 1.000 1.000
MET01A0283_001 1.000 1.000 1.000 1.000 1.000
LEU01A0284_001 1.000 1.000 1.000 1.000 1.000
ARG01A0285_001 0.000 0.000 0.000 0.000 0.000
ARG02A0285_002 0.000 0.000 0.000 0.000 0.000
ARG03A0285_003 0.000 0.000 0.000 0.000 0.000
ARG+1A0285_004 1.000 1.000 1.000 1.000 1.000
CYS01A0286_001 0.274 0.270 0.276 0.270 0.268
CYS01A0286_002 0.470 0.482 0.473 0.479 0.490
CYS01A0286_003 0.256 0.248 0.251 0.251 0.242
CYS-1A0286_004 0.000 0.000 0.000 0.000 0.000
TRP01A0287_001 1.000 1.000 1.000 1.000 1.000
SER01A0288_001 0.094 0.096 0.097 0.099 0.102
SER01A0288_002 0.906 0.904 0.903 0.901 0.898
ARG01A0289_001 0.000 0.000 0.000 0.000 0.000
ARG02A0289_002 0.000 0.000 0.000 0.000 0.000
ARG02A0289_003 0.000 0.000 0.000 0.000 0.000
ARG03A0289_004 0.000 0.000 0.000 0.000 0.000
ARG03A0289_005 0.000 0.000 0.000 0.000 0.000
ARG+1A0289_006 1.000 1.000 1.000 1.000 1.000
GLU01A0290_001 0.000 0.000 0.000 0.000 0.000
GLU01A0290_002 0.000 0.000 0.000 0.002 0.002
GLU02A0290_003 0.000 0.000 0.000 0.000 0.000
GLU02A0290_004 0.000 0.000 0.000 0.000 0.000
GLU-1A0290_005 1.000 1.000 1.000 0.998 0.998
SER01A0291_001 1.000 1.000 1.000 1.000 1.000
GLU01A0292_001 0.000 0.000 0.000 0.000 0.000
GLU01A0292_002 0.000 0.000 0.000 0.000 0.000
GLU02A0292_003 0.000 0.000 0.000 0.000 0.000
GLU02A0292_004 0.000 0.000 0.000 0.000 0.000
GLU-1A0292_005 1.000 1.000 1.000 1.000 1.000
GLN01A0293_001 0.736 0.734 0.736 0.741 0.738
GLN01A0293_002 0.264 0.266 0.264 0.259 0.262
ARG01A0294_001 0.000 0.000 0.000 0.000 0.000
ARG02A0294_002 0.000 0.000 0.000 0.000 0.000
ARG02A0294_003 0.000 0.000 0.000 0.000 0.000
ARG03A0294_004 0.000 0.000 0.000 0.000 0.000
ARG03A0294_005 0.000 0.000 0.000 0.000 0.000
ARG+1A0294_006 1.000 1.000 1.000 1.000 1.000
PRO01A0295_001 1.000 1.000 1.000 1.000 1.000
PRO01A0296_001 1.000 1.000 1.000 1.000 1.000
PHE01A0297_001 1.000 1.000 1.000 1.000 1.000
SER01A0298_001 0.326 0.335 0.327 0.322 0.322
SER01A0298_002 0.674 0.665 0.673 0.678 0.678
GLN01A0299_001 0.233 0.240 0.238 0.239 0.241
GLN01A0299_002 0.767 0.760 0.762 0.761 0.759
LEU01A0300_001 1.000 1.000 1.000 1.000 1.000
HIS01A0301_001 0.000 0.001 0.000 0.000 0.000
HIS01A0301_002 0.081 0.080 0.081 0.082 0.082
HIS02A0301_003 0.000 0.000 0.001 0.000 0.000
HIS02A0301_004 0.919 0.914 0.913 0.913 0.912
HIS+1A0301_005 0.000 0.000 0.000 0.000 0.000
HIS+1A0301_006 0.000 0.005 0.005 0.005 0.006
ARG01A0302_001 0.000 0.000 0.000 0.000 0.000
ARG02A0302_002 0.000 0.000 0.000 0.000 0.000
ARG03A0302_003 0.000 0.000 0.000 0.000 0.000
ARG03A0302_004 0.000 0.000 0.000 0.000 0.000
ARG+1A0302_005 1.000 1.000 1.000 1.000 1.000
PHE01A0303_001 1.000 1.000 1.000 1.000 1.000
LEU01A0304_001 1.000 1.000 1.000 1.000 1.000
ALA01A0305_001 1.000 1.000 1.000 1.000 1.000
GLU01A0306_001 0.000 0.000 0.000 0.000 0.000
GLU01A0306_002 0.000 0.000 0.000 0.000 0.000
GLU02A0306_003 0.000 0.000 0.000 0.000 0.000
GLU02A0306_004 0.000 0.000 0.000 0.000 0.000
GLU-1A0306_005 1.000 1.000 1.000 1.000 1.000
ASP01A0307_001 0.000 0.000 0.000 0.000 0.000
ASP01A0307_002 0.000 0.000 0.000 0.000 0.000
ASP02A0307_003 0.000 0.000 0.000 0.000 0.000
ASP02A0307_004 0.000 0.000 0.000 0.000 0.000
ASP-1A0307_005 1.000 1.000 1.000 1.000 1.000
ALA01A0308_001 1.000 1.000 1.000 1.000 1.000
LEU01A0309_001 1.000 1.000 1.000 1.000 1.000
ASN01A0310_001 0.841 0.842 0.840 0.844 0.844
ASN01A0310_002 0.159 0.158 0.160 0.156 0.156
THR01A0311_001 0.724 0.724 0.721 0.727 0.722
THR01A0311_002 0.276 0.276 0.279 0.273 0.278
VAL01A0312_001 1.000 1.000 1.000 1.000 1.000
SER01B0001_001 0.288 0.293 0.298 0.299 0.287
SER01B0001_002 0.034 0.031 0.034 0.032 0.035
SER01B0001_003 0.678 0.676 0.669 0.669 0.678
MET01B0002_001 1.000 1.000 1.000 1.000 1.000
PRO01B0003_001 1.000 1.000 1.000 1.000 1.000
ARG01B0004_001 0.000 0.000 0.000 0.000 0.000
ARG02B0004_002 0.184 0.187 0.187 0.189 0.189
ARG02B0004_003 0.000 0.000 0.000 0.000 0.000
ARG03B0004_004 0.000 0.000 0.000 0.000 0.000
ARG03B0004_005 0.000 0.000 0.000 0.000 0.000
ARG+1B0004_006 0.816 0.813 0.813 0.811 0.811
VAL01B0005_001 1.000 1.000 1.000 1.000 1.000
ASP01B0006_001 0.000 0.000 0.000 0.000 0.000
ASP01B0006_002 0.000 0.000 0.000 0.000 0.000
ASP02B0006_003 0.000 0.000 0.000 0.000 0.000
ASP02B0006_004 0.000 0.000 0.000 0.000 0.000
ASP-1B0006_005 1.000 1.000 1.000 1.000 1.000
PHE01B0007_001 1.000 1.000 1.000 1.000 1.000
PRO01B0008_001 1.000 1.000 1.000 1.000 1.000
ARG01B0009_001 0.000 0.000 0.000 0.000 0.000
ARG02B0009_002 0.000 0.000 0.000 0.000 0.000
ARG02B0009_003 0.000 0.000 0.000 0.000 0.000
ARG03B0009_004 0.000 0.000 0.000 0.000 0.000
ARG03B0009_005 0.000 0.000 0.000 0.000 0.000
ARG+1B0009_006 1.000 1.000 1.000 1.000 1.000
SER01B0010_001 1.000 1.000 1.000 1.000 1.000
ARG01B0011_001 0.000 0.000 0.000 0.000 0.000
ARG02B0011_002 0.000 0.000 0.000 0.000 0.000
ARG02B0011_003 0.000 0.000 0.000 0.000 0.000
ARG03B0011_004 0.000 0.000 0.000 0.000 0.000
ARG03B0011_005 0.000 0.000 0.000 0.000 0.000
ARG+1B0011_006 1.000 1.000 1.000 1.000 1.000
LEU01B0012_001 1.000 1.000 1.000 1.000 1.000
ARG01B0013_001 0.000 0.000 0.000 0.000 0.000
ARG02B0013_002 0.000 0.000 0.000 0.000 0.000
ARG02B0013_003 0.000 0.000 0.000 0.000 0.000
ARG03B0013_004 0.000 0.000 0.000 0.000 0.000
ARG03B0013_005 0.000 0.001 0.000 0.000 0.000
ARG+1B0013_006 1.000 0.999 1.000 1.000 1.000
PHE01B0014_001 1.000 1.000 1.000 1.000 1.000
LYS01B0015_001 0.000 0.000 0.000 0.000 0.000
LYS+1B0015_002 1.000 1.000 1.000 1.000 1.000
GLU01B0016_001 0.000 0.000 0.000 0.000 0.000
GLU01B0016_002 0.000 0.000 0.000 0.000 0.000
GLU02B0016_003 0.000 0.000 0.000 0.000 0.000
GLU02B0016_004 0.000 0.000 0.000 0.000 0.000
GLU-1B0016_005 1.000 1.000 1.000 1.000 1.000
LYS01B0017_001 0.000 0.000 0.000 0.000 0.000
LYS+1B0017_002 1.000 1.000 1.000 1.000 1.000
LEU01B0018_001 1.000 1.000 1.000 1.000 1.000
GLU01B0020_001 0.000 0.000 0.000 0.000 0.000
GLU01B0020_002 0.000 0.000 0.000 0.000 0.000
GLU02B0020_003 0.000 0.000 0.000 0.000 0.000
GLU02B0020_004 0.000 0.000 0.000 0.000 0.000
GLU-1B0020_005 1.000 1.000 1.000 1.000 1.000
GLN01B0022_001 0.935 0.934 0.935 0.934 0.934
GLN01B0022_002 0.065 0.066 0.065 0.066 0.066
PHE01B0023_001 1.000 1.000 1.000 1.000 1.000
GLU01B0025_001 0.000 0.000 0.000 0.000 0.000
GLU01B0025_002 0.004 0.004 0.003 0.005 0.005
GLU02B0025_003 0.001 0.000 0.001 0.001 0.000
GLU02B0025_004 0.006 0.006 0.004 0.006 0.005
GLU-1B0025_005 0.989 0.990 0.992 0.988 0.990
VAL01B0026_001 1.000 1.000 1.000 1.000 1.000
HIS01B0027_001 0.312 0.302 0.305 0.298 0.298
HIS02B0027_002 0.680 0.691 0.687 0.696 0.695
HIS+1B0027_003 0.008 0.007 0.008 0.007 0.007
LEU01B0028_001 1.000 1.000 1.000 1.000 1.000
CYS01B0029_001 0.309 0.308 0.304 0.303 0.308
CYS01B0029_002 0.188 0.182 0.181 0.180 0.182
CYS01B0029_003 0.502 0.510 0.515 0.516 0.510
CYS-1B0029_004 0.000 0.000 0.000 0.000 0.000
GLU01B0030_001 0.000 0.000 0.000 0.000 0.000
GLU01B0030_002 0.000 0.000 0.000 0.000 0.000
GLU02B0030_003 0.000 0.000 0.000 0.000 0.000
GLU02B0030_004 0.000 0.000 0.000 0.000 0.000
GLU-1B0030_005 1.000 1.000 1.000 1.000 1.000
VAL01B0031_001 1.000 1.000 1.000 1.000 1.000
ASP01B0032_001 0.000 0.000 0.000 0.000 0.000
ASP01B0032_002 0.000 0.000 0.002 0.002 0.003
ASP02B0032_003 0.000 0.000 0.000 0.000 0.000
ASP02B0032_004 0.000 0.000 0.001 0.000 0.000
ASP-1B0032_005 1.000 1.000 0.998 0.998 0.997
SER01B0033_001 0.734 0.731 0.732 0.734 0.727
SER01B0033_002 0.266 0.269 0.268 0.266 0.273
PRO01B0034_001 1.000 1.000 1.000 1.000 1.000
GLN01B0035_001 1.000 1.000 1.000 1.000 1.000
ASP01B0036_001 0.000 0.000 0.000 0.000 0.000
ASP01B0036_002 0.000 0.000 0.000 0.000 0.000
ASP02B0036_003 0.002 0.004 0.000 0.002 0.000
ASP02B0036_004 0.041 0.034 0.043 0.037 0.048
ASP-1B0036_005 0.957 0.962 0.957 0.960 0.952
LEU01B0037_001 1.000 1.000 1.000 1.000 1.000
VAL01B0038_001 1.000 1.000 1.000 1.000 1.000
SER01B0039_001 1.000 1.000 1.000 1.000 1.000
LEU01B0040_001 1.000 1.000 1.000 1.000 1.000
ASP01B0041_001 0.000 0.000 0.000 0.000 0.000
ASP01B0041_002 0.000 0.000 0.000 0.000 0.000
ASP02B0041_003 0.000 0.000 0.000 0.000 0.000
ASP02B0041_004 0.000 0.000 0.000 0.000 0.000
ASP-1B0041_005 1.000 1.000 1.000 1.000 1.000
PHE01B0042_001 1.000 1.000 1.000 1.000 1.000
PRO01B0043_001 1.000 1.000 1.000 1.000 1.000
LEU01B0044_001 1.000 1.000 1.000 1.000 1.000
ASN01B0045_001 0.426 0.427 0.425 0.429 0.427
ASN01B0045_002 0.574 0.573 0.575 0.571 0.573
VAL01B0046_001 1.000 1.000 1.000 1.000 1.000
ARG01B0047_001 0.000 0.000 0.000 0.000 0.000
ARG02B0047_002 0.000 0.000 0.000 0.000 0.000
ARG02B0047_003 0.000 0.000 0.000 0.000 0.000
ARG03B0047_004 0.000 0.000 0.000 0.000 0.000
ARG03B0047_005 0.000 0.000 0.000 0.000 0.000
ARG+1B0047_006 1.000 1.000 1.000 1.000 1.000
LYS01B0048_001 0.009 0.008 0.009 0.009 0.008
LYS+1B0048_002 0.991 0.992 0.991 0.991 0.992
HIS01B0050_001 0.292 0.289 0.288 0.292 0.294
HIS02B0050_002 0.618 0.621 0.621 0.616 0.614
HIS+1B0050_003 0.090 0.090 0.091 0.091 0.092
PRO01B0051_001 1.000 1.000 1.000 1.000 1.000
LEU01B0052_001 1.000 1.000 1.000 1.000 1.000
LEU01B0053_001 1.000 1.000 1.000 1.000 1.000
VAL01B0054_001 1.000 1.000 1.000 1.000 1.000
ALA01B0055_001 1.000 1.000 1.000 1.000 1.000
VAL01B0056_001 1.000 1.000 1.000 1.000 1.000
LYS01B0057_001 0.003 0.003 0.003 0.003 0.000
LYS+1B0057_002 0.997 0.997 0.997 0.997 1.000
ILE01B0058_001 1.000 1.000 1.000 1.000 1.000
LEU01B0059_001 1.000 1.000 1.000 1.000 1.000
ARG01B0060_001 0.000 0.000 0.000 0.000 0.000
ARG02B0060_002 0.000 0.000 0.000 0.000 0.000
ARG02B0060_003 0.000 0.000 0.000 0.000 0.000
ARG03B0060_004 0.000 0.000 0.000 0.000 0.000
ARG03B0060_005 0.000 0.000 0.000 0.000 0.000
ARG+1B0060_006 1.000 1.000 1.000 1.000 1.000
PRO01B0061_001 1.000 1.000 1.000 1.000 1.000
ASP01B0062_001 0.000 0.000 0.000 0.000 0.000
ASP01B0062_002 0.000 0.000 0.000 0.000 0.000
ASP02B0062_003 0.000 0.000 0.000 0.000 0.000
ASP02B0062_004 0.000 0.000 0.000 0.000 0.000
ASP-1B0062_005 1.000 1.000 1.000 1.000 1.000
ALA01B0063_001 1.000 1.000 1.000 1.000 1.000
THR01B0064_001 0.960 0.957 0.958 0.955 0.956
THR01B0064_002 0.040 0.043 0.042 0.045 0.044
LYS01B0065_001 0.040 0.039 0.040 0.042 0.040
LYS+1B0065_002 0.960 0.961 0.960 0.958 0.960
ASN01B0066_001 1.000 1.000 1.000 1.000 1.000
ALA01B0067_001 1.000 1.000 1.000 1.000 1.000
ARG01B0068_001 0.000 0.000 0.000 0.000 0.000
ARG02B0068_002 0.000 0.000 0.000 0.000 0.000
ARG02B0068_003 0.000 0.000 0.000 0.000 0.000
ARG03B0068_004 0.000 0.000 0.000 0.000 0.000
ARG03B0068_005 0.000 0.000 0.000 0.000 0.000
ARG+1B0068_006 1.000 1.000 1.000 1.000 1.000
ASN01B0069_001 0.937 0.936 0.937 0.932 0.936
ASN01B0069_002 0.063 0.064 0.063 0.068 0.064
ASP01B0070_001 0.000 0.000 0.000 0.000 0.000
ASP01B0070_002 0.000 0.000 0.000 0.000 0.000
ASP02B0070_003 0.000 0.000 0.000 0.000 0.000
ASP02B0070_004 0.000 0.000 0.000 0.000 0.000
ASP-1B0070_005 1.000 1.000 1.000 1.000 1.000
PHE01B0071_001 1.000 1.000 1.000 1.000 1.000
LEU01B0072_001 1.000 1.000 1.000 1.000 1.000
LYS01B0073_001 0.000 0.000 0.000 0.000 0.000
LYS+1B0073_002 1.000 1.000 1.000 1.000 1.000
GLU01B0074_001 0.000 0.000 0.000 0.000 0.000
GLU01B0074_002 0.000 0.000 0.000 0.000 0.000
GLU02B0074_003 0.000 0.000 0.000 0.000 0.000
GLU02B0074_004 0.000 0.000 0.000 0.000 0.000
GLU-1B0074_005 1.000 1.000 1.000 1.000 1.000
VAL01B0075_001 1.000 1.000 1.000 1.000 1.000
LYS01B0076_001 0.002 0.002 0.001 0.000 0.000
LYS+1B0076_002 0.998 0.998 0.999 1.000 1.000
ILE01B0077_001 1.000 1.000 1.000 1.000 1.000
MET01B0078_001 1.000 1.000 1.000 1.000 1.000
SER01B0079_001 0.618 0.616 0.613 0.615 0.615
SER01B0079_002 0.382 0.384 0.387 0.385 0.385
ARG01B0080_001 0.000 0.000 0.000 0.000 0.000
ARG02B0080_002 0.000 0.000 0.000 0.000 0.000
ARG03B0080_003 0.000 0.000 0.000 0.000 0.000
ARG+1B0080_004 1.000 1.000 1.000 1.000 1.000
LEU01B0081_001 1.000 1.000 1.000 1.000 1.000
LYS01B0082_001 0.016 0.015 0.016 0.015 0.015
LYS+1B0082_002 0.984 0.985 0.984 0.985 0.985
ASP01B0083_001 0.000 0.000 0.000 0.000 0.000
ASP01B0083_002 0.003 0.000 0.000 0.002 0.003
ASP02B0083_003 0.000 0.000 0.000 0.000 0.000
ASP02B0083_004 0.000 0.000 0.000 0.000 0.000
ASP-1B0083_005 0.997 1.000 1.000 0.998 0.997
PRO01B0084_001 1.000 1.000 1.000 1.000 1.000
ASN01B0085_001 0.966 0.968 0.965 0.968 0.966
ASN01B0085_002 0.034 0.032 0.035 0.032 0.034
ILE01B0086_001 1.000 1.000 1.000 1.000 1.000
ILE01B0087_001 1.000 1.000 1.000 1.000 1.000
ARG01B0088_001 0.000 0.000 0.000 0.000 0.000
ARG02B0088_002 0.000 0.000 0.000 0.000 0.000
ARG03B0088_003 0.000 0.000 0.000 0.000 0.000
ARG03B0088_004 0.000 0.000 0.000 0.000 0.000
ARG+1B0088_005 1.000 1.000 1.000 1.000 1.000
LEU01B0089_001 1.000 1.000 1.000 1.000 1.000
LEU01B0090_001 1.000 1.000 1.000 1.000 1.000
VAL01B0092_001 1.000 1.000 1.000 1.000 1.000
CYS01B0093_001 0.810 0.802 0.812 0.810 0.805
CYS01B0093_002 0.090 0.094 0.092 0.090 0.093
CYS01B0093_003 0.101 0.104 0.096 0.100 0.102
CYS-1B0093_004 0.000 0.000 0.000 0.000 0.000
VAL01B0094_001 1.000 1.000 1.000 1.000 1.000
GLN01B0095_001 0.811 0.809 0.806 0.814 0.814
GLN01B0095_002 0.189 0.191 0.194 0.186 0.186
ASP01B0096_001 0.000 0.000 0.000 0.000 0.000
ASP01B0096_002 0.000 0.000 0.000 0.000 0.000
ASP02B0096_003 0.000 0.000 0.000 0.000 0.000
ASP02B0096_004 0.000 0.000 0.001 0.000 0.000
ASP-1B0096_005 1.000 1.000 0.999 1.000 1.000
ASP01B0097_001 0.000 0.000 0.000 0.000 0.000
ASP01B0097_002 0.000 0.000 0.000 0.000 0.000
ASP02B0097_003 0.000 0.000 0.000 0.000 0.000
ASP02B0097_004 0.000 0.000 0.000 0.000 0.000
ASP-1B0097_005 1.000 1.000 1.000 1.000 1.000
PRO01B0098_001 1.000 1.000 1.000 1.000 1.000
LEU01B0099_001 1.000 1.000 1.000 1.000 1.000
CYS01B0100_001 0.070 0.067 0.070 0.070 0.070
CYS01B0100_002 0.782 0.787 0.789 0.791 0.791
CYS01B0100_003 0.148 0.145 0.141 0.140 0.140
CYS-1B0100_004 0.000 0.000 0.000 0.000 0.000
MET01B0101_001 1.000 1.000 1.000 1.000 1.000
ILE01B0102_001 1.000 1.000 1.000 1.000 1.000
THR01B0103_001 0.204 0.208 0.204 0.206 0.208
THR01B0103_002 0.796 0.792 0.796 0.794 0.792
ASP01B0104_001 0.000 0.000 0.000 0.000 0.000
ASP01B0104_002 0.000 0.000 0.000 0.000 0.000
ASP02B0104_003 0.000 0.000 0.000 0.000 0.000
ASP02B0104_004 0.000 0.000 0.000 0.000 0.000
ASP-1B0104_005 1.000 1.000 1.000 1.000 1.000
TYR01B0105_001 1.000 1.000 1.000 1.000 1.000
TYR-1B0105_002 0.000 0.000 0.000 0.000 0.000
MET01B0106_001 1.000 1.000 1.000 1.000 1.000
GLU01B0107_001 0.000 0.000 0.000 0.000 0.000
GLU01B0107_002 0.001 0.000 0.000 0.000 0.000
GLU02B0107_003 0.000 0.000 0.000 0.000 0.000
GLU02B0107_004 0.000 0.001 0.000 0.000 0.000
GLU-1B0107_005 0.999 0.999 1.000 1.000 1.000
ASN01B0108_001 0.688 0.685 0.690 0.688 0.689
ASN01B0108_002 0.312 0.315 0.310 0.312 0.311
ASP01B0110_001 0.000 0.000 0.000 0.000 0.000
ASP01B0110_002 0.000 0.000 0.000 0.000 0.000
ASP02B0110_003 0.000 0.000 0.000 0.000 0.000
ASP02B0110_004 0.000 0.000 0.000 0.000 0.000
ASP-1B0110_005 1.000 1.000 1.000 1.000 1.000
LEU01B0111_001 1.000 1.000 1.000 1.000 1.000
ASN01B0112_001 0.696 0.703 0.705 0.695 0.708
ASN01B0112_002 0.304 0.297 0.295 0.305 0.292
GLN01B0113_001 0.978 0.978 0.978 0.979 0.980
GLN01B0113_002 0.022 0.022 0.022 0.021 0.020
PHE01B0114_001 1.000 1.000 1.000 1.000 1.000
LEU01B0115_001 1.000 1.000 1.000 1.000 1.000
SER01B0116_001 0.124 0.125 0.127 0.124 0.121
SER01B0116_002 0.876 0.875 0.873 0.876 0.879
ALA01B0117_001 1.000 1.000 1.000 1.000 1.000
HIS01B0118_001 0.014 0.013 0.012 0.013 0.013
HIS02B0118_002 0.930 0.936 0.935 0.929 0.933
HIS+1B0118_003 0.056 0.051 0.053 0.058 0.054
GLN01B0119_001 1.000 1.000 1.000 1.000 1.000
LEU01B0120_001 1.000 1.000 1.000 1.000 1.000
GLU01B0121_001 0.000 0.000 0.000 0.000 0.000
GLU01B0121_002 0.000 0.000 0.000 0.000 0.000
GLU02B0121_003 0.000 0.000 0.000 0.000 0.000
GLU02B0121_004 0.000 0.000 0.000 0.000 0.000
GLU-1B0121_005 1.000 1.000 1.000 1.000 1.000
ASP01B0122_001 0.000 0.000 0.000 0.000 0.000
ASP01B0122_002 0.000 0.000 0.000 0.000 0.000
ASP02B0122_003 0.000 0.000 0.000 0.000 0.000
ASP02B0122_004 0.000 0.000 0.000 0.000 0.000
ASP-1B0122_005 1.000 1.000 1.000 1.000 1.000
LYS01B0123_001 0.000 0.001 0.000 0.000 0.000
LYS+1B0123_002 1.000 0.999 1.000 1.000 1.000
GLN01B0124_001 1.000 1.000 1.000 1.000 1.000
GLN01B0124_002 0.000 0.000 0.000 0.000 0.000
PRO01B0126_001 1.000 1.000 1.000 1.000 1.000
THR01B0127_001 1.000 1.000 1.000 1.000 1.000
ILE01B0128_001 1.000 1.000 1.000 1.000 1.000
SER01B0129_001 0.038 0.040 0.041 0.041 0.041
SER01B0129_002 0.000 0.000 0.000 0.000 0.000
SER01B0129_003 0.962 0.960 0.959 0.959 0.959
TYR01B0130_001 1.000 1.000 1.000 1.000 1.000
TYR-1B0130_002 0.000 0.000 0.000 0.000 0.000
PRO01B0131_001 1.000 1.000 1.000 1.000 1.000
MET01B0132_001 1.000 1.000 1.000 1.000 1.000
LEU01B0133_001 1.000 1.000 1.000 1.000 1.000
LEU01B0134_001 1.000 1.000 1.000 1.000 1.000
HIS01B0135_001 0.223 0.228 0.222 0.229 0.223
HIS01B0135_002 0.092 0.087 0.093 0.090 0.089
HIS02B0135_003 0.385 0.387 0.376 0.380 0.381
HIS02B0135_004 0.166 0.170 0.177 0.170 0.171
HIS+1B0135_005 0.113 0.106 0.110 0.108 0.114
HIS+1B0135_006 0.021 0.021 0.022 0.023 0.021
VAL01B0136_001 1.000 1.000 1.000 1.000 1.000
ALA01B0137_001 1.000 1.000 1.000 1.000 1.000
ALA01B0138_001 1.000 1.000 1.000 1.000 1.000
GLN01B0139_001 1.000 1.000 1.000 1.000 1.000
GLN01B0139_002 0.000 0.000 0.000 0.000 0.000
ILE01B0140_001 1.000 1.000 1.000 1.000 1.000
ALA01B0141_001 1.000 1.000 1.000 1.000 1.000
SER01B0142_001 0.868 0.868 0.872 0.871 0.871
SER01B0142_002 0.132 0.132 0.128 0.129 0.129
MET01B0144_001 1.000 1.000 1.000 1.000 1.000
ARG01B0145_001 0.000 0.000 0.000 0.000 0.000
ARG02B0145_002 0.000 0.000 0.000 0.000 0.000
ARG03B0145_003 0.000 0.000 0.000 0.000 0.000
ARG+1B0145_004 1.000 1.000 1.000 1.000 1.000
TYR01B0146_001 1.000 1.000 1.000 1.000 1.000
TYR-1B0146_002 0.000 0.000 0.000 0.000 0.000
LEU01B0147_001 1.000 1.000 1.000 1.000 1.000
ALA01B0148_001 1.000 1.000 1.000 1.000 1.000
THR01B0149_001 0.323 0.318 0.319 0.316 0.312
THR01B0149_002 0.677 0.682 0.681 0.684 0.688
LEU01B0150_001 1.000 1.000 1.000 1.000 1.000
ASN01B0151_001 0.364 0.365 0.359 0.363 0.363
ASN01B0151_002 0.636 0.635 0.641 0.637 0.637
PHE01B0152_001 1.000 1.000 1.000 1.000 1.000
VAL01B0153_001 1.000 1.000 1.000 1.000 1.000
HIS01B0154_001 1.000 1.000 1.000 1.000 1.000
HIS02B0154_002 0.000 0.000 0.000 0.000 0.000
HIS+1B0154_003 0.000 0.000 0.000 0.000 0.000
ARG01B0155_001 0.000 0.000 0.000 0.000 0.000
ARG02B0155_002 0.000 0.000 0.000 0.000 0.000
ARG03B0155_003 0.000 0.000 0.000 0.000 0.000
ARG+1B0155_004 1.000 1.000 1.000 1.000 1.000
ASP01B0156_001 0.000 0.000 0.000 0.000 0.000
ASP01B0156_002 0.000 0.000 0.000 0.000 0.000
ASP02B0156_003 0.000 0.000 0.000 0.000 0.000
ASP02B0156_004 0.000 0.000 0.000 0.000 0.000
ASP-1B0156_005 1.000 1.000 1.000 1.000 1.000
LEU01B0157_001 1.000 1.000 1.000 1.000 1.000
ALA01B0158_001 1.000 1.000 1.000 1.000 1.000
THR01B0159_001 0.859 0.860 0.861 0.858 0.862
THR01B0159_002 0.012 0.010 0.010 0.011 0.012
THR01B0159_003 0.129 0.130 0.129 0.132 0.126
ARG01B0160_001 0.000 0.000 0.000 0.000 0.000
ARG02B0160_002 0.000 0.000 0.000 0.000 0.000
ARG02B0160_003 0.000 0.000 0.000 0.000 0.000
ARG03B0160_004 0.000 0.000 0.000 0.000 0.000
ARG03B0160_005 0.000 0.000 0.000 0.000 0.000
ARG+1B0160_006 1.000 1.000 1.000 1.000 1.000
ASN01B0161_001 1.000 1.000 1.000 1.000 1.000
ASN01B0161_002 0.000 0.000 0.000 0.000 0.000
CYS01B0162_001 0.150 0.150 0.148 0.152 0.146
CYS01B0162_002 0.639 0.643 0.635 0.630 0.640
CYS01B0162_003 0.211 0.207 0.217 0.217 0.214
CYS-1B0162_004 0.000 0.000 0.000 0.000 0.000
LEU01B0163_001 1.000 1.000 1.000 1.000 1.000
VAL01B0164_001 1.000 1.000 1.000 1.000 1.000
GLU01B0166_001 0.000 0.000 0.000 0.000 0.000
GLU01B0166_002 0.000 0.000 0.000 0.000 0.000
GLU02B0166_003 0.000 0.000 0.000 0.000 0.000
GLU02B0166_004 0.000 0.000 0.000 0.000 0.000
GLU-1B0166_005 1.000 1.000 1.000 1.000 1.000
ASN01B0167_001 0.522 0.526 0.526 0.526 0.519
ASN01B0167_002 0.478 0.474 0.474 0.474 0.481
PHE01B0168_001 1.000 1.000 1.000 1.000 1.000
THR01B0169_001 1.000 1.000 1.000 1.000 1.000
ILE01B0170_001 1.000 1.000 1.000 1.000 1.000
LYS01B0171_001 0.003 0.004 0.003 0.005 0.003
LYS+1B0171_002 0.997 0.996 0.997 0.995 0.997
ILE01B0172_001 1.000 1.000 1.000 1.000 1.000
ALA01B0173_001 1.000 1.000 1.000 1.000 1.000
ASP01B0174_001 0.000 0.000 0.000 0.000 0.000
ASP01B0174_002 0.000 0.000 0.000 0.000 0.000
ASP02B0174_003 0.000 0.000 0.000 0.000 0.000
ASP02B0174_004 0.001 0.000 0.000 0.000 0.000
ASP-1B0174_005 0.999 1.000 1.000 1.000 1.000
PHE01B0175_001 1.000 1.000 1.000 1.000 1.000
MET01B0177_001 1.000 1.000 1.000 1.000 1.000
SER01B0178_001 0.897 0.892 0.892 0.891 0.892
SER01B0178_002 0.007 0.008 0.009 0.007 0.007
SER01B0178_003 0.096 0.099 0.099 0.102 0.101
ARG01B0179_001 0.000 0.000 0.000 0.000 0.000
ARG02B0179_002 0.000 0.000 0.000 0.000 0.000
ARG02B0179_003 0.000 0.000 0.000 0.000 0.000
ARG03B0179_004 0.000 0.000 0.000 0.000 0.000
ARG03B0179_005 0.000 0.000 0.000 0.000 0.000
ARG+1B0179_006 1.000 1.000 1.000 1.000 1.000
ASN01B0180_001 1.000 1.000 1.000 1.000 1.000
LEU01B0181_001 1.000 1.000 1.000 1.000 1.000
TYR01B0182_001 0.189 0.188 0.182 0.185 0.189
TYR01B0182_002 0.811 0.812 0.818 0.815 0.811
TYR-1B0182_003 0.000 0.000 0.000 0.000 0.000
ALA01B0183_001 1.000 1.000 1.000 1.000 1.000
ASP01B0185_001 0.000 0.000 0.000 0.000 0.000
ASP01B0185_002 0.005 0.005 0.005 0.004 0.009
ASP02B0185_003 0.000 0.000 0.000 0.000 0.000
ASP02B0185_004 0.004 0.004 0.004 0.003 0.000
ASP-1B0185_005 0.992 0.991 0.991 0.993 0.991
TYR01B0186_001 0.084 0.084 0.082 0.087 0.082
TYR01B0186_002 0.916 0.916 0.918 0.913 0.918
TYR-1B0186_003 0.000 0.000 0.000 0.000 0.000
TYR01B0187_001 0.256 0.271 0.263 0.261 0.262
TYR01B0187_002 0.744 0.729 0.737 0.739 0.738
TYR-1B0187_003 0.000 0.000 0.000 0.000 0.000
ARG01B0188_001 0.000 0.000 0.000 0.000 0.000
ARG02B0188_002 0.000 0.000 0.000 0.000 0.000
ARG02B0188_003 0.000 0.000 0.000 0.000 0.000
ARG03B0188_004 0.000 0.000 0.000 0.000 0.000
ARG03B0188_005 0.000 0.000 0.000 0.000 0.000
ARG+1B0188_006 1.000 1.000 1.000 1.000 1.000
VAL01B0189_001 1.000 1.000 1.000 1.000 1.000
GLN01B0190_001 0.996 0.997 0.996 0.995 0.997
GLN01B0190_002 0.004 0.003 0.004 0.005 0.003
ARG01B0192_001 0.000 0.000 0.000 0.000 0.000
ARG02B0192_002 0.000 0.000 0.000 0.000 0.000
ARG03B0192_003 0.000 0.000 0.000 0.000 0.000
ARG03B0192_004 0.000 0.000 0.000 0.000 0.000
ARG+1B0192_005 1.000 1.000 1.000 1.000 1.000
ALA01B0193_001 1.000 1.000 1.000 1.000 1.000
VAL01B0194_001 1.000 1.000 1.000 1.000 1.000
LEU01B0195_001 1.000 1.000 1.000 1.000 1.000
PRO01B0196_001 1.000 1.000 1.000 1.000 1.000
ILE01B0197_001 1.000 1.000 1.000 1.000 1.000
ARG01B0198_001 0.000 0.000 0.000 0.000 0.000
ARG02B0198_002 0.000 0.000 0.000 0.000 0.000
ARG03B0198_003 0.000 0.000 0.000 0.000 0.000
ARG03B0198_004 0.000 0.000 0.000 0.000 0.000
ARG+1B0198_005 1.000 1.000 1.000 1.000 1.000
TRP01B0199_001 1.000 1.000 1.000 1.000 1.000
MET01B0200_001 1.000 1.000 1.000 1.000 1.000
ALA01B0201_001 1.000 1.000 1.000 1.000 1.000
TRP01B0202_001 1.000 1.000 1.000 1.000 1.000
GLU01B0203_001 0.000 0.000 0.000 0.000 0.000
GLU01B0203_002 0.000 0.000 0.000 0.000 0.000
GLU02B0203_003 0.000 0.000 0.000 0.000 0.000
GLU02B0203_004 0.000 0.000 0.000 0.000 0.000
GLU-1B0203_005 1.000 1.000 1.000 1.000 1.000
CYS01B0204_001 0.646 0.656 0.650 0.650 0.653
CYS01B0204_002 0.059 0.056 0.062 0.055 0.058
CYS01B0204_003 0.295 0.288 0.288 0.295 0.289
CYS-1B0204_004 0.000 0.000 0.000 0.000 0.000
ILE01B0205_001 1.000 1.000 1.000 1.000 1.000
LEU01B0206_001 1.000 1.000 1.000 1.000 1.000
MET01B0207_001 1.000 1.000 1.000 1.000 1.000
LYS01B0209_001 0.000 0.000 0.000 0.000 0.000
LYS+1B0209_002 1.000 1.000 1.000 1.000 1.000
PHE01B0210_001 1.000 1.000 1.000 1.000 1.000
THR01B0211_001 0.005 0.006 0.005 0.005 0.005
THR01B0211_002 0.995 0.994 0.995 0.995 0.995
THR01B0212_001 1.000 1.000 1.000 1.000 1.000
ALA01B0213_001 1.000 1.000 1.000 1.000 1.000
SER01B0214_001 0.000 0.000 0.000 0.000 0.000
SER01B0214_002 0.944 0.944 0.947 0.944 0.946
SER01B0214_003 0.056 0.056 0.053 0.056 0.054
ASP01B0215_001 0.000 0.000 0.000 0.000 0.000
ASP01B0215_002 0.000 0.000 0.000 0.000 0.000
ASP02B0215_003 0.000 0.000 0.000 0.000 0.000
ASP02B0215_004 0.000 0.000 0.000 0.000 0.000
ASP-1B0215_005 1.000 1.000 1.000 1.000 1.000
VAL01B0216_001 1.000 1.000 1.000 1.000 1.000
TRP01B0217_001 1.000 1.000 1.000 1.000 1.000
ALA01B0218_001 1.000 1.000 1.000 1.000 1.000
PHE01B0219_001 1.000 1.000 1.000 1.000 1.000
VAL01B0221_001 1.000 1.000 1.000 1.000 1.000
THR01B0222_001 0.011 0.010 0.012 0.012 0.011
THR01B0222_002 0.973 0.975 0.969 0.968 0.971
THR01B0222_003 0.015 0.015 0.019 0.020 0.017
LEU01B0223_001 1.000 1.000 1.000 1.000 1.000
TRP01B0224_001 1.000 1.000 1.000 1.000 1.000
GLU01B0225_001 0.000 0.003 0.003 0.000 0.002
GLU01B0225_002 0.025 0.017 0.015 0.026 0.016
GLU02B0225_003 0.000 0.000 0.000 0.000 0.000
GLU02B0225_004 0.000 0.000 0.000 0.000 0.000
GLU-1B0225_005 0.975 0.981 0.981 0.974 0.981
VAL01B0226_001 1.000 1.000 1.000 1.000 1.000
LEU01B0227_001 1.000 1.000 1.000 1.000 1.000
MET01B0228_001 1.000 1.000 1.000 1.000 1.000
LEU01B0229_001 1.000 1.000 1.000 1.000 1.000
CYS01B0230_001 0.675 0.669 0.670 0.663 0.661
CYS01B0230_002 0.103 0.105 0.100 0.107 0.109
CYS01B0230_003 0.222 0.225 0.230 0.230 0.231
CYS-1B0230_004 0.000 0.000 0.000 0.000 0.000
ARG01B0231_001 0.000 0.000 0.000 0.000 0.000
ARG02B0231_002 0.000 0.000 0.000 0.000 0.000
ARG03B0231_003 0.000 0.000 0.000 0.000 0.000
ARG03B0231_004 0.000 0.000 0.000 0.000 0.000
ARG+1B0231_005 1.000 1.000 1.000 1.000 1.000
ALA01B0232_001 1.000 1.000 1.000 1.000 1.000
GLN01B0233_001 0.925 0.924 0.927 0.919 0.925
GLN01B0233_002 0.075 0.076 0.073 0.081 0.075
PRO01B0234_001 1.000 1.000 1.000 1.000 1.000
PHE01B0235_001 1.000 1.000 1.000 1.000 1.000
GLN01B0237_001 1.000 1.000 1.000 1.000 1.000
GLN01B0237_002 0.000 0.000 0.000 0.000 0.000
LEU01B0238_001 1.000 1.000 1.000 1.000 1.000
THR01B0239_001 0.991 0.992 0.991 0.993 1.000
THR01B0239_002 0.009 0.008 0.009 0.007 0.000
ASP01B0240_001 0.000 0.000 0.000 0.000 0.000
ASP01B0240_002 0.000 0.000 0.000 0.000 0.000
ASP02B0240_003 0.000 0.000 0.000 0.000 0.000
ASP02B0240_004 0.000 0.000 0.000 0.000 0.000
ASP-1B0240_005 1.000 1.000 1.000 1.000 1.000
GLU01B0241_001 0.000 0.000 0.000 0.000 0.000
GLU01B0241_002 0.007 0.006 0.003 0.006 0.000
GLU02B0241_003 0.000 0.000 0.000 0.000 0.000
GLU02B0241_004 0.000 0.000 0.001 0.001 0.000
GLU-1B0241_005 0.993 0.994 0.996 0.993 1.000
GLN01B0242_001 1.000 1.000 1.000 1.000 1.000
GLN01B0242_002 0.000 0.000 0.000 0.000 0.000
VAL01B0243_001 1.000 1.000 1.000 1.000 1.000
ILE01B0244_001 1.000 1.000 1.000 1.000 1.000
GLU01B0245_001 0.000 0.000 0.000 0.000 0.000
GLU01B0245_002 0.000 0.001 0.000 0.000 0.000
GLU02B0245_003 0.000 0.000 0.000 0.000 0.000
GLU02B0245_004 0.000 0.000 0.000 0.000 0.000
GLU-1B0245_005 1.000 0.999 1.000 1.000 1.000
ASN01B0246_001 1.000 1.000 1.000 1.000 1.000
ALA01B0247_001 1.000 1.000 1.000 1.000 1.000
GLU01B0249_001 0.000 0.000 0.000 0.000 0.000
GLU01B0249_002 0.000 0.000 0.000 0.000 0.000
GLU02B0249_003 0.003 0.003 0.000 0.000 0.003
GLU02B0249_004 0.010 0.009 0.000 0.016 0.011
GLU-1B0249_005 0.986 0.988 1.000 0.984 0.986
PHE01B0250_001 1.000 1.000 1.000 1.000 1.000
PHE01B0251_001 1.000 1.000 1.000 1.000 1.000
ARG01B0252_001 0.000 0.000 0.000 0.000 0.000
ARG02B0252_002 0.000 0.000 0.000 0.000 0.000
ARG03B0252_003 0.000 0.000 0.000 0.000 0.000
ARG+1B0252_004 1.000 1.000 1.000 1.000 1.000
ASP01B0253_001 0.000 0.000 0.000 0.000 0.000
ASP01B0253_002 0.000 0.002 0.000 0.000 0.000
ASP02B0253_003 0.000 0.000 0.000 0.000 0.000
ASP02B0253_004 0.000 0.001 0.000 0.000 0.000
ASP-1B0253_005 1.000 0.997 1.000 1.000 1.000
GLN01B0254_001 0.966 0.964 0.964 0.964 0.966
GLN01B0254_002 0.034 0.036 0.036 0.036 0.034
ARG01B0256_001 0.000 0.000 0.000 0.000 0.000
ARG02B0256_002 0.000 0.000 0.000 0.000 0.000
ARG02B0256_003 0.000 0.000 0.000 0.000 0.000
ARG03B0256_004 0.000 0.000 0.000 0.000 0.000
ARG+1B0256_005 1.000 1.000 1.000 1.000 1.000
GLN01B0257_001 1.000 1.000 1.000 1.000 1.000
VAL01B0258_001 1.000 1.000 1.000 1.000 1.000
TYR01B0259_001 0.420 0.417 0.416 0.417 0.419
TYR01B0259_002 0.580 0.583 0.584 0.583 0.581
TYR-1B0259_003 0.000 0.000 0.000 0.000 0.000
LEU01B0260_001 1.000 1.000 1.000 1.000 1.000
SER01B0261_001 1.000 1.000 1.000 1.000 1.000
ARG01B0262_001 0.000 0.000 0.000 0.000 0.000
ARG02B0262_002 0.000 0.000 0.000 0.000 0.000
ARG02B0262_003 0.000 0.000 0.000 0.000 0.000
ARG03B0262_004 0.000 0.000 0.000 0.000 0.000
ARG+1B0262_005 1.000 1.000 1.000 1.000 1.000
PRO01B0263_001 1.000 1.000 1.000 1.000 1.000
PRO01B0264_001 1.000 1.000 1.000 1.000 1.000
ALA01B0265_001 1.000 1.000 1.000 1.000 1.000
CYS01B0266_001 0.400 0.398 0.387 0.401 0.398
CYS01B0266_002 0.232 0.236 0.241 0.236 0.237
CYS01B0266_003 0.368 0.366 0.373 0.363 0.365
CYS-1B0266_004 0.000 0.000 0.000 0.000 0.000
PRO01B0267_001 1.000 1.000 1.000 1.000 1.000
GLN01B0268_001 0.908 0.906 0.913 0.911 0.908
GLN01B0268_002 0.092 0.094 0.087 0.089 0.092
LEU01B0270_001 1.000 1.000 1.000 1.000 1.000
TYR01B0271_001 0.987 0.988 0.987 0.988 0.987
TYR01B0271_002 0.013 0.012 0.013 0.012 0.013
TYR-1B0271_003 0.000 0.000 0.000 0.000 0.000
GLU01B0272_001 0.000 0.000 0.000 0.000 0.000
GLU01B0272_002 0.000 0.000 0.001 0.000 0.000
GLU02B0272_003 0.000 0.000 0.000 0.000 0.000
GLU02B0272_004 0.000 0.000 0.000 0.000 0.000
GLU-1B0272_005 1.000 1.000 0.999 1.000 1.000
LEU01B0273_001 1.000 1.000 1.000 1.000 1.000
MET01B0274_001 1.000 1.000 1.000 1.000 1.000
LEU01B0275_001 1.000 1.000 1.000 1.000 1.000
ARG01B0276_001 0.000 0.000 0.000 0.000 0.000
ARG02B0276_002 0.000 0.000 0.000 0.000 0.000
ARG03B0276_003 0.000 0.000 0.000 0.000 0.000
ARG+1B0276_004 1.000 1.000 1.000 1.000 1.000
CYS01B0277_001 0.277 0.285 0.276 0.276 0.279
CYS01B0277_002 0.473 0.464 0.469 0.473 0.470
CYS01B0277_003 0.250 0.252 0.255 0.251 0.251
CYS-1B0277_004 0.000 0.000 0.000 0.000 0.000
TRP01B0278_001 1.000 1.000 1.000 1.000 1.000
SER01B0279_001 0.127 0.130 0.133 0.132 0.130
SER01B0279_002 0.873 0.870 0.867 0.868 0.870
ARG01B0280_001 0.000 0.000 0.000 0.000 0.000
ARG02B0280_002 0.000 0.000 0.000 0.000 0.000
ARG02B0280_003 0.000 0.000 0.000 0.000 0.000
ARG03B0280_004 0.000 0.000 0.000 0.000 0.000
ARG+1B0280_005 1.000 1.000 1.000 1.000 1.000
GLU01B0281_001 0.000 0.000 0.000 0.000 0.000
GLU01B0281_002 0.000 0.000 0.000 0.000 0.000
GLU02B0281_003 0.000 0.000 0.000 0.000 0.000
GLU02B0281_004 0.000 0.000 0.000 0.000 0.000
GLU-1B0281_005 1.000 1.000 1.000 1.000 1.000
SER01B0282_001 1.000 1.000 1.000 1.000 1.000
GLU01B0283_001 0.000 0.000 0.000 0.000 0.000
GLU01B0283_002 0.000 0.000 0.000 0.000 0.000
GLU02B0283_003 0.000 0.000 0.000 0.000 0.000
GLU02B0283_004 0.000 0.001 0.000 0.000 0.000
GLU-1B0283_005 1.000 0.999 1.000 1.000 1.000
GLN01B0284_001 0.805 0.809 0.807 0.807 0.802
GLN01B0284_002 0.195 0.191 0.193 0.193 0.198
ARG01B0285_001 0.000 0.000 0.000 0.000 0.000
ARG02B0285_002 0.000 0.000 0.000 0.000 0.000
ARG02B0285_003 0.000 0.000 0.000 0.000 0.000
ARG03B0285_004 0.000 0.000 0.000 0.000 0.000
ARG03B0285_005 0.000 0.000 0.000 0.000 0.000
ARG+1B0285_006 1.000 1.000 1.000 1.000 1.000
PRO01B0286_001 1.000 1.000 1.000 1.000 1.000
PRO01B0287_001 1.000 1.000 1.000 1.000 1.000
PHE01B0288_001 1.000 1.000 1.000 1.000 1.000
SER01B0289_001 0.005 0.005 0.005 0.000 0.006
SER01B0289_002 0.995 0.995 0.995 1.000 0.994
GLN01B0290_001 0.985 0.988 0.985 0.986 0.985
GLN01B0290_002 0.015 0.012 0.015 0.014 0.015
LEU01B0291_001 1.000 1.000 1.000 1.000 1.000
HIS01B0292_001 0.000 0.000 0.000 0.000 0.000
HIS01B0292_002 0.018 0.015 0.015 0.014 0.015
HIS02B0292_003 0.000 0.000 0.000 0.000 0.000
HIS02B0292_004 0.979 0.983 0.985 0.986 0.982
HIS+1B0292_005 0.000 0.000 0.000 0.000 0.000
HIS+1B0292_006 0.002 0.003 0.000 0.000 0.003
ARG01B0293_001 0.000 0.000 0.000 0.000 0.000
ARG02B0293_002 0.000 0.000 0.000 0.000 0.000
ARG03B0293_003 0.000 0.000 0.000 0.000 0.000
ARG03B0293_004 1.000 1.000 1.000 1.000 1.000
ARG+1B0293_005 0.000 0.000 0.000 0.000 0.000
PHE01B0294_001 1.000 1.000 1.000 1.000 1.000
LEU01B0295_001 1.000 1.000 1.000 1.000 1.000
ALA01B0296_001 1.000 1.000 1.000 1.000 1.000
GLU01B0297_001 0.000 0.000 0.000 0.000 0.000
GLU01B0297_002 0.006 0.003 0.003 0.000 0.005
GLU02B0297_003 0.000 0.000 0.000 0.000 0.000
GLU02B0297_004 0.004 0.002 0.003 0.003 0.004
GLU-1B0297_005 0.991 0.994 0.994 0.997 0.992
ASP01B0298_001 0.000 0.000 0.000 0.000 0.000
ASP01B0298_002 0.000 0.000 0.000 0.000 0.000
ASP02B0298_003 0.000 0.000 0.000 0.000 0.000
ASP02B0298_004 0.000 0.000 0.000 0.000 0.000
ASP-1B0298_005 1.000 1.000 1.000 1.000 1.000
ALA01B0299_001 1.000 1.000 1.000 1.000 1.000
LEU01B0300_001 1.000 1.000 1.000 1.000 1.000
ASN01B0301_001 0.856 0.860 0.853 0.854 0.855
ASN01B0301_002 0.144 0.140 0.147 0.146 0.145
THR01B0302_001 0.631 0.631 0.633 0.632 0.632
THR01B0302_002 0.369 0.369 0.367 0.368 0.368
VAL01B0303_001 1.000 1.000 1.000 1.000 1.000
