 ph              7.4   7.4   7.4   7.4   7.4
THR01A0001_001 1.000 1.000 1.000 1.000 1.000
ILE01A0002_001 1.000 1.000 1.000 1.000 1.000
PHE01A0003_001 1.000 1.000 1.000 1.000 1.000
GLU01A0004_001 0.000 0.000 0.000 0.000 0.000
GLU01A0004_002 0.000 0.000 0.000 0.000 0.000
GLU02A0004_003 0.000 0.000 0.000 0.000 0.000
GLU02A0004_004 0.000 0.000 0.000 0.000 0.000
GLU-1A0004_005 1.000 1.000 1.000 1.000 1.000
GLU01A0005_001 0.000 0.000 0.000 0.000 0.000
GLU01A0005_002 0.000 0.000 0.000 0.000 0.000
GLU02A0005_003 0.000 0.000 0.000 0.000 0.000
GLU02A0005_004 0.000 0.000 0.000 0.000 0.000
GLU-1A0005_005 1.000 1.000 1.000 1.000 1.000
ARG01A0006_001 0.000 0.000 0.000 0.000 0.000
ARG02A0006_002 0.000 0.000 0.000 0.000 0.000
ARG02A0006_003 0.000 0.000 0.000 0.000 0.000
ARG03A0006_004 0.000 0.000 0.000 0.000 0.000
ARG+1A0006_005 1.000 1.000 1.000 1.000 1.000
HIS01A0007_001 0.412 0.414 0.414 0.413 0.415
HIS01A0007_002 0.046 0.046 0.046 0.046 0.045
HIS02A0007_003 0.296 0.296 0.294 0.295 0.295
HIS02A0007_004 0.233 0.231 0.233 0.233 0.232
HIS+1A0007_005 0.009 0.009 0.009 0.009 0.009
HIS+1A0007_006 0.004 0.003 0.004 0.003 0.004
LEU01A0008_001 1.000 1.000 1.000 1.000 1.000
LYS01A0009_001 0.242 0.240 0.241 0.241 0.241
LYS+1A0009_002 0.758 0.760 0.759 0.759 0.759
TYR01A0010_001 0.111 0.113 0.113 0.113 0.112
TYR01A0010_002 0.889 0.887 0.887 0.887 0.888
TYR-1A0010_003 0.000 0.000 0.000 0.000 0.000
ILE01A0011_001 1.000 1.000 1.000 1.000 1.000
SER01A0012_001 1.000 1.000 1.000 1.000 1.000
GLN01A0013_001 0.864 0.861 0.862 0.861 0.863
GLN01A0013_002 0.136 0.139 0.138 0.139 0.137
LEU01A0014_001 1.000 1.000 1.000 1.000 1.000
LYS01A0016_001 0.001 0.001 0.001 0.000 0.002
LYS+1A0016_002 0.999 0.999 0.999 1.000 0.998
ASN01A0018_001 0.977 0.977 0.977 0.977 0.977
ASN01A0018_002 0.023 0.023 0.023 0.023 0.023
PHE01A0019_001 1.000 1.000 1.000 1.000 1.000
SER01A0021_001 0.985 0.986 0.986 0.986 0.986
SER01A0021_002 0.015 0.014 0.014 0.014 0.014
VAL01A0022_001 1.000 1.000 1.000 1.000 1.000
GLU01A0023_001 0.000 0.000 0.000 0.000 0.000
GLU01A0023_002 0.001 0.001 0.001 0.000 0.001
GLU02A0023_003 0.000 0.000 0.000 0.000 0.000
GLU02A0023_004 0.005 0.006 0.005 0.007 0.005
GLU-1A0023_005 0.994 0.994 0.994 0.993 0.994
LEU01A0024_001 1.000 1.000 1.000 1.000 1.000
CYS01A0025_001 0.280 0.280 0.282 0.282 0.282
CYS01A0025_002 0.360 0.361 0.359 0.358 0.359
CYS01A0025_003 0.361 0.359 0.359 0.359 0.359
CYS-1A0025_004 0.000 0.000 0.000 0.000 0.000
ARG01A0026_001 0.000 0.000 0.000 0.000 0.000
ARG02A0026_002 0.000 0.000 0.000 0.000 0.000
ARG03A0026_003 0.000 0.000 0.000 0.000 0.000
ARG+1A0026_004 1.000 1.000 1.000 1.000 1.000
TYR01A0027_001 0.894 0.895 0.895 0.895 0.895
TYR-1A0027_002 0.106 0.105 0.105 0.105 0.105
ASP01A0028_001 0.000 0.000 0.000 0.000 0.000
ASP01A0028_002 0.000 0.000 0.000 0.000 0.000
ASP02A0028_003 0.000 0.000 0.000 0.000 0.000
ASP02A0028_004 0.000 0.000 0.000 0.000 0.000
ASP-1A0028_005 1.000 1.000 1.000 1.000 1.000
PRO01A0029_001 1.000 1.000 1.000 1.000 1.000
LEU01A0030_001 1.000 1.000 1.000 1.000 1.000
ASP01A0032_001 0.000 0.000 0.000 0.000 0.000
ASP01A0032_002 0.000 0.000 0.000 0.000 0.000
ASP02A0032_003 0.000 0.000 0.000 0.000 0.000
ASP02A0032_004 0.000 0.000 0.000 0.000 0.000
ASP-1A0032_005 1.000 1.000 1.000 1.000 1.000
ASN01A0033_001 0.887 0.887 0.886 0.887 0.887
ASN01A0033_002 0.113 0.113 0.114 0.113 0.113
THR01A0034_001 0.997 0.997 0.997 0.997 0.997
THR01A0034_002 0.000 0.000 0.000 0.000 0.000
THR01A0034_003 0.003 0.003 0.003 0.003 0.003
ALA01A0036_001 1.000 1.000 1.000 1.000 1.000
LEU01A0037_001 1.000 1.000 1.000 1.000 1.000
VAL01A0038_001 1.000 1.000 1.000 1.000 1.000
ALA01A0039_001 1.000 1.000 1.000 1.000 1.000
VAL01A0040_001 1.000 1.000 1.000 1.000 1.000
LYS01A0041_001 0.000 0.000 0.000 0.000 0.000
LYS+1A0041_002 1.000 1.000 1.000 1.000 1.000
GLN01A0042_001 1.000 1.000 1.000 1.000 1.000
GLN01A0042_002 0.000 0.000 0.000 0.000 0.000
LEU01A0043_001 1.000 1.000 1.000 1.000 1.000
GLN01A0044_001 0.700 0.699 0.699 0.697 0.699
GLN01A0044_002 0.300 0.301 0.301 0.303 0.301
HIS01A0045_001 0.011 0.011 0.011 0.011 0.011
HIS01A0045_002 0.129 0.128 0.130 0.129 0.129
HIS02A0045_003 0.022 0.022 0.022 0.022 0.022
HIS02A0045_004 0.531 0.528 0.527 0.531 0.529
HIS+1A0045_005 0.016 0.016 0.016 0.016 0.016
HIS+1A0045_006 0.291 0.295 0.294 0.291 0.293
SER01A0046_001 1.000 1.000 1.000 1.000 1.000
PRO01A0048_001 1.000 1.000 1.000 1.000 1.000
ASP01A0049_001 0.000 0.000 0.000 0.000 0.000
ASP01A0049_002 0.000 0.000 0.000 0.000 0.000
ASP02A0049_003 0.000 0.000 0.000 0.000 0.000
ASP02A0049_004 0.000 0.000 0.000 0.000 0.000
ASP-1A0049_005 1.000 1.000 1.000 1.000 1.000
GLN01A0050_001 0.955 0.955 0.955 0.955 0.955
GLN01A0050_002 0.045 0.045 0.045 0.045 0.045
GLN01A0051_001 1.000 1.000 1.000 1.000 1.000
ARG01A0052_001 0.000 0.000 0.000 0.000 0.000
ARG02A0052_002 0.000 0.000 0.000 0.000 0.000
ARG02A0052_003 0.000 0.000 0.000 0.000 0.000
ARG03A0052_004 0.000 0.000 0.000 0.000 0.000
ARG03A0052_005 0.000 0.000 0.000 0.000 0.000
ARG+1A0052_006 1.000 1.000 1.000 1.000 1.000
ASP01A0053_001 0.000 0.000 0.000 0.000 0.000
ASP01A0053_002 0.012 0.013 0.012 0.011 0.012
ASP02A0053_003 0.000 0.000 0.000 0.000 0.000
ASP02A0053_004 0.000 0.000 0.000 0.000 0.000
ASP-1A0053_005 0.988 0.987 0.988 0.988 0.988
PHE01A0054_001 1.000 1.000 1.000 1.000 1.000
GLN01A0055_001 1.000 1.000 1.000 1.000 1.000
ARG01A0056_001 0.000 0.000 0.000 0.000 0.000
ARG02A0056_002 0.000 0.000 0.000 0.000 0.000
ARG02A0056_003 0.000 0.000 0.000 0.000 0.000
ARG03A0056_004 0.000 0.000 0.000 0.000 0.000
ARG+1A0056_005 1.000 1.000 1.000 1.000 1.000
GLU01A0057_001 0.000 0.000 0.000 0.000 0.000
GLU01A0057_002 0.000 0.000 0.000 0.000 0.000
GLU02A0057_003 0.000 0.000 0.000 0.000 0.000
GLU02A0057_004 0.000 0.000 0.000 0.000 0.000
GLU-1A0057_005 1.000 1.000 1.000 1.000 1.000
ILE01A0058_001 1.000 1.000 1.000 1.000 1.000
GLN01A0059_001 0.385 0.384 0.386 0.385 0.385
GLN01A0059_002 0.615 0.616 0.614 0.615 0.615
ILE01A0060_001 1.000 1.000 1.000 1.000 1.000
LEU01A0061_001 1.000 1.000 1.000 1.000 1.000
LYS01A0062_001 0.001 0.000 0.000 0.000 0.000
LYS+1A0062_002 0.999 1.000 1.000 1.000 1.000
ALA01A0063_001 1.000 1.000 1.000 1.000 1.000
LEU01A0064_001 1.000 1.000 1.000 1.000 1.000
HIS01A0065_001 0.122 0.122 0.122 0.122 0.122
HIS01A0065_002 0.086 0.085 0.086 0.086 0.086
HIS02A0065_003 0.305 0.305 0.306 0.307 0.306
HIS02A0065_004 0.125 0.125 0.126 0.125 0.123
HIS+1A0065_005 0.252 0.254 0.251 0.251 0.254
HIS+1A0065_006 0.109 0.109 0.109 0.109 0.109
SER01A0066_001 0.000 0.000 0.000 0.000 0.000
SER01A0066_002 1.000 1.000 1.000 1.000 1.000
ASP01A0067_001 0.000 0.000 0.000 0.000 0.000
ASP01A0067_002 0.000 0.000 0.000 0.000 0.000
ASP02A0067_003 0.000 0.000 0.000 0.000 0.000
ASP02A0067_004 0.000 0.000 0.000 0.000 0.000
ASP-1A0067_005 1.000 1.000 1.000 1.000 1.000
PHE01A0068_001 1.000 1.000 1.000 1.000 1.000
ILE01A0069_001 1.000 1.000 1.000 1.000 1.000
VAL01A0070_001 1.000 1.000 1.000 1.000 1.000
LYS01A0071_001 0.001 0.002 0.001 0.001 0.001
LYS+1A0071_002 0.999 0.998 0.999 0.999 0.999
TYR01A0072_001 1.000 1.000 1.000 1.000 1.000
TYR-1A0072_002 0.000 0.000 0.000 0.000 0.000
ARG01A0073_001 0.000 0.000 0.000 0.000 0.000
ARG02A0073_002 0.000 0.000 0.000 0.000 0.000
ARG03A0073_003 0.000 0.000 0.000 0.000 0.000
ARG+1A0073_004 1.000 1.000 1.000 1.000 1.000
VAL01A0075_001 1.000 1.000 1.000 1.000 1.000
SER01A0076_001 0.000 0.000 0.000 0.000 0.000
SER01A0076_002 0.009 0.009 0.009 0.009 0.009
SER01A0076_003 0.991 0.991 0.991 0.991 0.991
TYR01A0077_001 0.998 0.998 0.998 0.998 0.998
TYR-1A0077_002 0.002 0.002 0.002 0.002 0.002
PRO01A0079_001 1.000 1.000 1.000 1.000 1.000
ARG01A0081_001 0.000 0.000 0.000 0.000 0.000
ARG02A0081_002 0.000 0.000 0.000 0.000 0.000
ARG03A0081_003 0.000 0.000 0.000 0.000 0.000
ARG+1A0081_004 1.000 1.000 1.000 1.000 1.000
GLN01A0082_001 0.412 0.413 0.412 0.413 0.413
GLN01A0082_002 0.588 0.587 0.588 0.587 0.587
SER01A0083_001 0.183 0.184 0.185 0.182 0.184
SER01A0083_002 0.817 0.816 0.815 0.818 0.816
LEU01A0084_001 1.000 1.000 1.000 1.000 1.000
ARG01A0085_001 0.000 0.000 0.000 0.000 0.000
ARG02A0085_002 0.000 0.000 0.000 0.000 0.000
ARG02A0085_003 0.000 0.000 0.000 0.000 0.000
ARG03A0085_004 0.000 0.000 0.000 0.000 0.000
ARG03A0085_005 0.000 0.000 0.000 0.000 0.000
ARG+1A0085_006 1.000 1.000 1.000 1.000 1.000
LEU01A0086_001 1.000 1.000 1.000 1.000 1.000
VAL01A0087_001 1.000 1.000 1.000 1.000 1.000
MET01A0088_001 1.000 1.000 1.000 1.000 1.000
GLU01A0089_001 0.000 0.000 0.000 0.000 0.000
GLU01A0089_002 0.000 0.000 0.000 0.000 0.000
GLU02A0089_003 0.000 0.000 0.000 0.000 0.000
GLU02A0089_004 0.000 0.000 0.000 0.000 0.000
GLU-1A0089_005 1.000 1.000 1.000 1.000 1.000
TYR01A0090_001 0.532 0.532 0.532 0.532 0.532
TYR01A0090_002 0.468 0.468 0.468 0.468 0.468
TYR-1A0090_003 0.000 0.000 0.000 0.000 0.000
LEU01A0091_001 1.000 1.000 1.000 1.000 1.000
PRO01A0092_001 1.000 1.000 1.000 1.000 1.000
SER01A0093_001 0.731 0.730 0.731 0.732 0.731
SER01A0093_002 0.269 0.270 0.269 0.268 0.269
CYS01A0095_001 0.005 0.005 0.005 0.005 0.005
CYS01A0095_002 0.766 0.767 0.767 0.767 0.766
CYS01A0095_003 0.227 0.226 0.226 0.226 0.227
CYS-1A0095_004 0.002 0.002 0.002 0.002 0.002
LEU01A0096_001 1.000 1.000 1.000 1.000 1.000
ARG01A0097_001 0.000 0.000 0.000 0.000 0.000
ARG02A0097_002 0.000 0.000 0.000 0.000 0.000
ARG03A0097_003 0.000 0.000 0.000 0.000 0.000
ARG+1A0097_004 1.000 1.000 1.000 1.000 1.000
ASP01A0098_001 0.000 0.000 0.000 0.000 0.000
ASP01A0098_002 0.000 0.000 0.000 0.000 0.000
ASP02A0098_003 0.000 0.000 0.000 0.000 0.000
ASP02A0098_004 0.000 0.000 0.000 0.000 0.000
ASP-1A0098_005 1.000 1.000 1.000 1.000 1.000
PHE01A0099_001 1.000 1.000 1.000 1.000 1.000
LEU01A0100_001 1.000 1.000 1.000 1.000 1.000
GLN01A0101_001 0.022 0.021 0.022 0.021 0.022
GLN01A0101_002 0.978 0.979 0.978 0.979 0.978
ARG01A0102_001 0.000 0.000 0.000 0.000 0.000
ARG02A0102_002 0.000 0.000 0.000 0.000 0.000
ARG03A0102_003 0.000 0.000 0.000 0.000 0.000
ARG+1A0102_004 1.000 1.000 1.000 1.000 1.000
HIS01A0103_001 0.152 0.153 0.153 0.153 0.153
HIS01A0103_002 0.109 0.109 0.110 0.109 0.110
HIS02A0103_003 0.128 0.128 0.129 0.128 0.128
HIS02A0103_004 0.597 0.597 0.595 0.597 0.596
HIS+1A0103_005 0.006 0.006 0.006 0.006 0.006
HIS+1A0103_006 0.008 0.007 0.008 0.008 0.007
ARG01A0104_001 0.000 0.000 0.000 0.000 0.000
ARG02A0104_002 0.000 0.000 0.000 0.000 0.000
ARG03A0104_003 0.000 0.000 0.000 0.000 0.000
ARG+1A0104_004 1.000 1.000 1.000 1.000 1.000
ALA01A0105_001 1.000 1.000 1.000 1.000 1.000
ARG01A0106_001 0.000 0.000 0.000 0.000 0.000
ARG02A0106_002 0.000 0.000 0.000 0.000 0.000
ARG02A0106_003 0.000 0.000 0.000 0.000 0.000
ARG03A0106_004 0.000 0.000 0.000 0.000 0.000
ARG+1A0106_005 1.000 1.000 1.000 1.000 1.000
LEU01A0107_001 1.000 1.000 1.000 1.000 1.000
ASP01A0108_001 0.000 0.000 0.000 0.000 0.000
ASP01A0108_002 0.000 0.000 0.000 0.000 0.000
ASP02A0108_003 0.000 0.000 0.000 0.000 0.000
ASP02A0108_004 0.000 0.000 0.000 0.000 0.000
ASP-1A0108_005 1.000 1.000 1.000 1.000 1.000
ALA01A0109_001 1.000 1.000 1.000 1.000 1.000
SER01A0110_001 0.313 0.312 0.313 0.313 0.313
SER01A0110_002 0.687 0.688 0.687 0.687 0.687
ARG01A0111_001 0.000 0.000 0.000 0.000 0.000
ARG02A0111_002 0.000 0.000 0.000 0.000 0.000
ARG02A0111_003 0.000 0.000 0.000 0.000 0.000
ARG03A0111_004 0.000 0.000 0.000 0.000 0.000
ARG+1A0111_005 1.000 1.000 1.000 1.000 1.000
LEU01A0112_001 1.000 1.000 1.000 1.000 1.000
LEU01A0113_001 1.000 1.000 1.000 1.000 1.000
LEU01A0114_001 1.000 1.000 1.000 1.000 1.000
TYR01A0115_001 0.994 0.993 0.993 0.993 0.993
TYR01A0115_002 0.006 0.007 0.007 0.007 0.007
TYR-1A0115_003 0.000 0.000 0.000 0.000 0.000
SER01A0116_001 0.038 0.038 0.038 0.039 0.039
SER01A0116_002 0.962 0.962 0.962 0.961 0.961
SER01A0117_001 0.000 0.000 0.000 0.000 0.000
SER01A0117_002 0.078 0.077 0.077 0.077 0.078
SER01A0117_003 0.922 0.922 0.923 0.923 0.922
GLN01A0118_001 1.000 1.000 1.000 1.000 1.000
GLN01A0118_002 0.000 0.000 0.000 0.000 0.000
ILE01A0119_001 1.000 1.000 1.000 1.000 1.000
CYS01A0120_001 0.784 0.783 0.782 0.782 0.781
CYS01A0120_002 0.108 0.109 0.109 0.110 0.110
CYS01A0120_003 0.108 0.108 0.109 0.108 0.109
CYS-1A0120_004 0.000 0.000 0.000 0.000 0.000
LYS01A0121_001 0.000 0.000 0.000 0.000 0.000
LYS+1A0121_002 1.000 1.000 1.000 1.000 1.000
MET01A0123_001 1.000 1.000 1.000 1.000 1.000
GLU01A0124_001 0.000 0.000 0.000 0.000 0.000
GLU01A0124_002 0.000 0.000 0.001 0.000 0.001
GLU02A0124_003 0.000 0.000 0.000 0.000 0.000
GLU02A0124_004 0.003 0.003 0.002 0.003 0.002
GLU-1A0124_005 0.997 0.997 0.997 0.997 0.997
TYR01A0125_001 0.994 0.994 0.994 0.995 0.994
TYR01A0125_002 0.000 0.000 0.000 0.000 0.000
TYR-1A0125_003 0.005 0.006 0.006 0.005 0.006
LEU01A0126_001 1.000 1.000 1.000 1.000 1.000
SER01A0128_001 0.532 0.534 0.533 0.534 0.532
SER01A0128_002 0.008 0.008 0.008 0.008 0.008
SER01A0128_003 0.460 0.458 0.459 0.458 0.460
ARG01A0129_001 0.000 0.000 0.000 0.000 0.000
ARG02A0129_002 0.000 0.000 0.000 0.000 0.000
ARG03A0129_003 0.000 0.000 0.000 0.000 0.000
ARG+1A0129_004 1.000 1.000 1.000 1.000 1.000
ARG01A0130_001 0.000 0.000 0.000 0.000 0.000
ARG02A0130_002 0.000 0.000 0.000 0.000 0.000
ARG02A0130_003 0.000 0.000 0.000 0.000 0.000
ARG03A0130_004 0.000 0.000 0.000 0.000 0.000
ARG03A0130_005 0.000 0.000 0.000 0.000 0.000
ARG+1A0130_006 1.000 1.000 1.000 1.000 1.000
CYS01A0131_001 0.427 0.429 0.430 0.429 0.428
CYS01A0131_002 0.330 0.329 0.329 0.329 0.330
CYS01A0131_003 0.243 0.242 0.241 0.242 0.242
CYS-1A0131_004 0.000 0.000 0.000 0.000 0.000
VAL01A0132_001 1.000 1.000 1.000 1.000 1.000
HIS01A0133_001 1.000 1.000 1.000 1.000 1.000
HIS02A0133_002 0.000 0.000 0.000 0.000 0.000
HIS+1A0133_003 0.000 0.000 0.000 0.000 0.000
ARG01A0134_001 1.000 1.000 1.000 1.000 1.000
ARG02A0134_002 0.000 0.000 0.000 0.000 0.000
ARG03A0134_003 0.000 0.000 0.000 0.000 0.000
ARG03A0134_004 0.000 0.000 0.000 0.000 0.000
ARG+1A0134_005 0.000 0.000 0.000 0.000 0.000
ASP01A0135_001 0.000 0.000 0.000 0.000 0.000
ASP01A0135_002 0.000 0.000 0.000 0.000 0.000
ASP02A0135_003 0.000 0.000 0.000 0.000 0.000
ASP02A0135_004 0.000 0.000 0.000 0.000 0.000
ASP-1A0135_005 1.000 1.000 1.000 1.000 1.000
LEU01A0136_001 1.000 1.000 1.000 1.000 1.000
ALA01A0137_001 1.000 1.000 1.000 1.000 1.000
ALA01A0138_001 1.000 1.000 1.000 1.000 1.000
ARG01A0139_001 0.000 0.000 0.000 0.000 0.000
ARG02A0139_002 0.000 0.000 0.000 0.000 0.000
ARG02A0139_003 0.000 0.000 0.000 0.000 0.000
ARG03A0139_004 0.000 0.000 0.000 0.000 0.000
ARG+1A0139_005 1.000 1.000 1.000 1.000 1.000
ASN01A0140_001 1.000 1.000 1.000 1.000 1.000
ASN01A0140_002 0.000 0.000 0.000 0.000 0.000
ILE01A0141_001 1.000 1.000 1.000 1.000 1.000
LEU01A0142_001 1.000 1.000 1.000 1.000 1.000
VAL01A0143_001 1.000 1.000 1.000 1.000 1.000
GLU01A0144_001 0.000 0.000 0.000 0.000 0.000
GLU01A0144_002 0.000 0.000 0.000 0.000 0.000
GLU02A0144_003 0.000 0.000 0.000 0.000 0.000
GLU02A0144_004 0.000 0.000 0.000 0.000 0.000
GLU-1A0144_005 1.000 1.000 1.000 1.000 1.000
SER01A0145_001 0.947 0.947 0.948 0.947 0.947
SER01A0145_002 0.053 0.053 0.052 0.053 0.053
GLU01A0146_001 0.000 0.000 0.000 0.000 0.000
GLU01A0146_002 0.000 0.000 0.000 0.000 0.000
GLU02A0146_003 0.000 0.000 0.000 0.000 0.000
GLU02A0146_004 0.000 0.000 0.000 0.000 0.000
GLU-1A0146_005 1.000 1.000 1.000 1.000 1.000
ALA01A0147_001 1.000 1.000 1.000 1.000 1.000
HIS01A0148_001 0.533 0.533 0.534 0.533 0.534
HIS02A0148_002 0.016 0.016 0.016 0.016 0.016
HIS+1A0148_003 0.451 0.451 0.449 0.451 0.451
VAL01A0149_001 1.000 1.000 1.000 1.000 1.000
LYS01A0150_001 0.000 0.000 0.000 0.000 0.000
LYS+1A0150_002 1.000 1.000 1.000 1.000 1.000
ILE01A0151_001 1.000 1.000 1.000 1.000 1.000
ALA01A0152_001 1.000 1.000 1.000 1.000 1.000
ASP01A0153_001 0.000 0.000 0.000 0.000 0.000
ASP01A0153_002 0.000 0.000 0.000 0.000 0.000
ASP02A0153_003 0.000 0.000 0.000 0.000 0.000
ASP02A0153_004 0.000 0.000 0.000 0.000 0.000
ASP-1A0153_005 1.000 1.000 1.000 1.000 1.000
PHE01A0154_001 1.000 1.000 1.000 1.000 1.000
LEU01A0156_001 1.000 1.000 1.000 1.000 1.000
ALA01A0157_001 1.000 1.000 1.000 1.000 1.000
LYS01A0158_001 0.000 0.000 0.000 0.000 0.000
LYS+1A0158_002 1.000 1.000 1.000 1.000 1.000
LEU01A0159_001 1.000 1.000 1.000 1.000 1.000
LEU01A0160_001 1.000 1.000 1.000 1.000 1.000
PRO01A0161_001 1.000 1.000 1.000 1.000 1.000
LEU01A0162_001 1.000 1.000 1.000 1.000 1.000
ASP01A0163_001 0.000 0.000 0.000 0.000 0.000
ASP01A0163_002 0.000 0.000 0.000 0.000 0.000
ASP02A0163_003 0.000 0.000 0.000 0.000 0.000
ASP02A0163_004 0.000 0.000 0.000 0.000 0.000
ASP-1A0163_005 1.000 1.000 1.000 1.000 1.000
LYS01A0164_001 0.000 0.000 0.000 0.000 0.000
LYS+1A0164_002 1.000 1.000 1.000 1.000 1.000
ASP01A0165_001 0.000 0.000 0.000 0.000 0.000
ASP01A0165_002 0.000 0.000 0.000 0.000 0.000
ASP02A0165_003 0.000 0.000 0.000 0.000 0.000
ASP02A0165_004 0.000 0.000 0.000 0.000 0.000
ASP-1A0165_005 1.000 1.000 1.000 1.000 1.000
TYR01A0166_001 0.993 0.993 0.993 0.993 0.993
TYR-1A0166_002 0.007 0.007 0.007 0.007 0.007
TYR01A0167_001 0.004 0.004 0.004 0.004 0.004
TYR01A0167_002 0.996 0.996 0.996 0.996 0.996
TYR-1A0167_003 0.000 0.000 0.000 0.000 0.000
VAL01A0168_001 1.000 1.000 1.000 1.000 1.000
VAL01A0169_001 1.000 1.000 1.000 1.000 1.000
ARG01A0170_001 0.000 0.000 0.000 0.000 0.000
ARG02A0170_002 0.000 0.000 0.000 0.000 0.000
ARG03A0170_003 0.000 0.000 0.000 0.000 0.000
ARG+1A0170_004 1.000 1.000 1.000 1.000 1.000
GLU01A0171_001 0.000 0.000 0.000 0.000 0.000
GLU01A0171_002 0.000 0.000 0.000 0.000 0.000
GLU02A0171_003 0.000 0.000 0.000 0.000 0.000
GLU02A0171_004 0.000 0.000 0.000 0.000 0.000
GLU-1A0171_005 1.000 1.000 1.000 1.000 1.000
PRO01A0172_001 1.000 1.000 1.000 1.000 1.000
GLN01A0174_001 0.103 0.103 0.102 0.103 0.103
GLN01A0174_002 0.897 0.897 0.898 0.897 0.897
SER01A0175_001 0.171 0.172 0.169 0.171 0.171
SER01A0175_002 0.056 0.058 0.056 0.057 0.057
SER01A0175_003 0.773 0.771 0.774 0.773 0.772
PRO01A0176_001 1.000 1.000 1.000 1.000 1.000
ILE01A0177_001 1.000 1.000 1.000 1.000 1.000
PHE01A0178_001 1.000 1.000 1.000 1.000 1.000
TRP01A0179_001 1.000 1.000 1.000 1.000 1.000
TYR01A0180_001 1.000 1.000 1.000 1.000 1.000
TYR-1A0180_002 0.000 0.000 0.000 0.000 0.000
ALA01A0181_001 1.000 1.000 1.000 1.000 1.000
PRO01A0182_001 1.000 1.000 1.000 1.000 1.000
GLU01A0183_001 0.000 0.000 0.000 0.000 0.000
GLU01A0183_002 0.000 0.000 0.000 0.000 0.000
GLU02A0183_003 0.000 0.000 0.000 0.000 0.000
GLU02A0183_004 0.000 0.000 0.000 0.000 0.000
GLU-1A0183_005 1.000 1.000 1.000 1.000 1.000
SER01A0184_001 0.988 0.988 0.988 0.988 0.988
SER01A0184_002 0.000 0.000 0.000 0.000 0.000
SER01A0184_003 0.012 0.012 0.012 0.012 0.012
LEU01A0185_001 1.000 1.000 1.000 1.000 1.000
SER01A0186_001 0.021 0.020 0.021 0.021 0.021
SER01A0186_002 0.159 0.159 0.159 0.158 0.158
SER01A0186_003 0.820 0.821 0.820 0.822 0.821
ASP01A0187_001 0.000 0.000 0.000 0.000 0.000
ASP01A0187_002 0.003 0.004 0.004 0.004 0.006
ASP02A0187_003 0.000 0.000 0.000 0.000 0.000
ASP02A0187_004 0.002 0.002 0.002 0.002 0.000
ASP-1A0187_005 0.995 0.995 0.995 0.995 0.993
ASN01A0188_001 0.409 0.409 0.409 0.410 0.410
ASN01A0188_002 0.591 0.591 0.591 0.590 0.590
ILE01A0189_001 1.000 1.000 1.000 1.000 1.000
PHE01A0190_001 1.000 1.000 1.000 1.000 1.000
SER01A0191_001 1.000 1.000 1.000 1.000 1.000
ARG01A0192_001 0.000 0.000 0.000 0.000 0.000
ARG02A0192_002 0.000 0.000 0.000 0.000 0.000
ARG03A0192_003 0.000 0.000 0.000 0.000 0.000
ARG+1A0192_004 1.000 1.000 1.000 1.000 1.000
GLN01A0193_001 0.970 0.971 0.970 0.971 0.971
GLN01A0193_002 0.030 0.029 0.030 0.029 0.029
SER01A0194_001 0.000 0.000 0.000 0.000 0.000
SER01A0194_002 0.978 0.979 0.979 0.979 0.979
SER01A0194_003 0.022 0.021 0.021 0.021 0.021
ASP01A0195_001 0.000 0.000 0.000 0.000 0.000
ASP01A0195_002 0.000 0.000 0.000 0.000 0.000
ASP02A0195_003 0.000 0.000 0.000 0.000 0.000
ASP02A0195_004 0.000 0.000 0.000 0.000 0.000
ASP-1A0195_005 1.000 1.000 1.000 1.000 1.000
VAL01A0196_001 1.000 1.000 1.000 1.000 1.000
TRP01A0197_001 1.000 1.000 1.000 1.000 1.000
SER01A0198_001 0.944 0.944 0.944 0.944 0.944
SER01A0198_002 0.056 0.056 0.056 0.056 0.056
PHE01A0199_001 1.000 1.000 1.000 1.000 1.000
VAL01A0201_001 1.000 1.000 1.000 1.000 1.000
VAL01A0202_001 1.000 1.000 1.000 1.000 1.000
LEU01A0203_001 1.000 1.000 1.000 1.000 1.000
TYR01A0204_001 0.005 0.005 0.005 0.005 0.005
TYR01A0204_002 0.995 0.995 0.995 0.995 0.995
TYR-1A0204_003 0.000 0.000 0.000 0.000 0.000
GLU01A0205_001 0.000 0.000 0.000 0.000 0.000
GLU01A0205_002 0.000 0.000 0.000 0.000 0.000
GLU02A0205_003 0.000 0.000 0.000 0.000 0.000
GLU02A0205_004 0.000 0.000 0.000 0.000 0.000
GLU-1A0205_005 1.000 1.000 1.000 1.000 1.000
LEU01A0206_001 1.000 1.000 1.000 1.000 1.000
PHE01A0207_001 1.000 1.000 1.000 1.000 1.000
THR01A0208_001 0.727 0.729 0.725 0.727 0.727
THR01A0208_002 0.005 0.004 0.005 0.005 0.004
THR01A0208_003 0.268 0.267 0.271 0.269 0.269
TYR01A0209_001 0.039 0.039 0.039 0.039 0.039
TYR01A0209_002 0.961 0.961 0.961 0.961 0.961
TYR-1A0209_003 0.000 0.000 0.000 0.000 0.000
CYS01A0210_001 0.552 0.554 0.553 0.553 0.552
CYS01A0210_002 0.358 0.357 0.357 0.357 0.358
CYS01A0210_003 0.090 0.089 0.090 0.090 0.090
CYS-1A0210_004 0.000 0.000 0.000 0.000 0.000
ASP01A0211_001 0.000 0.000 0.000 0.000 0.000
ASP01A0211_002 0.000 0.000 0.000 0.000 0.000
ASP02A0211_003 0.000 0.000 0.000 0.000 0.000
ASP02A0211_004 0.000 0.000 0.000 0.000 0.000
ASP-1A0211_005 1.000 1.000 1.000 1.000 1.000
LYS01A0212_001 0.005 0.005 0.005 0.005 0.005
LYS+1A0212_002 0.995 0.995 0.995 0.995 0.995
SER01A0213_001 0.912 0.912 0.913 0.912 0.912
SER01A0213_002 0.009 0.009 0.009 0.009 0.009
SER01A0213_003 0.079 0.078 0.078 0.078 0.079
CYS01A0214_001 0.244 0.246 0.245 0.245 0.245
CYS01A0214_002 0.449 0.448 0.448 0.449 0.449
CYS01A0214_003 0.307 0.306 0.307 0.306 0.306
CYS-1A0214_004 0.000 0.000 0.000 0.000 0.000
SER01A0215_001 1.000 1.000 1.000 1.000 1.000
SER01A0215_002 0.000 0.000 0.000 0.000 0.000
PRO01A0216_001 1.000 1.000 1.000 1.000 1.000
SER01A0217_001 1.000 1.000 1.000 1.000 1.000
ALA01A0218_001 1.000 1.000 1.000 1.000 1.000
GLU01A0219_001 0.000 0.000 0.000 0.000 0.000
GLU01A0219_002 0.000 0.000 0.000 0.000 0.000
GLU02A0219_003 0.000 0.000 0.000 0.000 0.000
GLU02A0219_004 0.000 0.000 0.000 0.000 0.000
GLU-1A0219_005 1.000 1.000 1.000 1.000 1.000
PHE01A0220_001 1.000 1.000 1.000 1.000 1.000
LEU01A0221_001 1.000 1.000 1.000 1.000 1.000
ARG01A0222_001 0.000 0.000 0.000 0.000 0.000
ARG02A0222_002 0.000 0.000 0.000 0.000 0.000
ARG02A0222_003 0.000 0.000 0.000 0.000 0.000
ARG03A0222_004 0.000 0.000 0.000 0.000 0.000
ARG+1A0222_005 1.000 1.000 1.000 1.000 1.000
MET01A0223_001 1.000 1.000 1.000 1.000 1.000
MET01A0224_001 1.000 1.000 1.000 1.000 1.000
CYS01A0226_001 1.000 1.000 1.000 1.000 1.000
CYS01A0226_002 0.000 0.000 0.000 0.000 0.000
CYS01A0226_003 0.000 0.000 0.000 0.000 0.000
CYS-1A0226_004 0.000 0.000 0.000 0.000 0.000
GLU01A0227_001 0.000 0.000 0.000 0.000 0.000
GLU01A0227_002 0.004 0.004 0.003 0.004 0.003
GLU02A0227_003 0.000 0.000 0.000 0.000 0.000
GLU02A0227_004 0.003 0.003 0.003 0.003 0.003
GLU-1A0227_005 0.993 0.993 0.994 0.993 0.994
ARG01A0228_001 1.000 1.000 1.000 1.000 1.000
ARG02A0228_002 0.000 0.000 0.000 0.000 0.000
ARG03A0228_003 0.000 0.000 0.000 0.000 0.000
ARG03A0228_004 0.000 0.000 0.000 0.000 0.000
ARG+1A0228_005 0.000 0.000 0.000 0.000 0.000
ASP01A0229_001 0.000 0.000 0.000 0.000 0.000
ASP01A0229_002 0.012 0.012 0.012 0.012 0.012
ASP02A0229_003 0.000 0.000 0.000 0.000 0.000
ASP02A0229_004 0.000 0.000 0.000 0.000 0.000
ASP-1A0229_005 0.988 0.988 0.988 0.988 0.988
VAL01A0230_001 1.000 1.000 1.000 1.000 1.000
PRO01A0231_001 1.000 1.000 1.000 1.000 1.000
ALA01A0232_001 1.000 1.000 1.000 1.000 1.000
LEU01A0233_001 1.000 1.000 1.000 1.000 1.000
SER01A0234_001 0.149 0.146 0.148 0.148 0.147
SER01A0234_002 0.031 0.032 0.032 0.032 0.033
SER01A0234_003 0.820 0.822 0.820 0.820 0.820
ARG01A0235_001 0.000 0.000 0.000 0.000 0.000
ARG02A0235_002 0.000 0.000 0.000 0.000 0.000
ARG02A0235_003 1.000 1.000 1.000 1.000 1.000
ARG03A0235_004 0.000 0.000 0.000 0.000 0.000
ARG03A0235_005 0.000 0.000 0.000 0.000 0.000
ARG+1A0235_006 0.000 0.000 0.000 0.000 0.000
LEU01A0236_001 1.000 1.000 1.000 1.000 1.000
LEU01A0237_001 1.000 1.000 1.000 1.000 1.000
GLU01A0238_001 0.004 0.004 0.004 0.004 0.004
GLU01A0238_002 0.032 0.032 0.032 0.032 0.032
GLU02A0238_003 0.000 0.000 0.000 0.000 0.001
GLU02A0238_004 0.051 0.050 0.052 0.051 0.050
GLU-1A0238_005 0.913 0.913 0.912 0.913 0.914
LEU01A0239_001 1.000 1.000 1.000 1.000 1.000
LEU01A0240_001 1.000 1.000 1.000 1.000 1.000
GLU01A0241_001 0.000 0.000 0.000 0.000 0.000
GLU01A0241_002 0.013 0.013 0.013 0.013 0.013
GLU02A0241_003 0.000 0.000 0.000 0.000 0.000
GLU02A0241_004 0.009 0.009 0.009 0.009 0.009
GLU-1A0241_005 0.978 0.978 0.978 0.978 0.978
GLU01A0242_001 0.000 0.001 0.000 0.000 0.000
GLU01A0242_002 0.031 0.030 0.031 0.031 0.030
GLU02A0242_003 0.000 0.000 0.000 0.000 0.000
GLU02A0242_004 0.011 0.010 0.011 0.011 0.010
GLU-1A0242_005 0.958 0.960 0.958 0.958 0.959
GLN01A0244_001 0.778 0.778 0.777 0.779 0.778
GLN01A0244_002 0.222 0.222 0.223 0.221 0.222
ARG01A0245_001 0.000 0.000 0.000 0.000 0.000
ARG02A0245_002 0.000 0.000 0.000 0.000 0.000
ARG02A0245_003 0.000 0.000 0.000 0.000 0.000
ARG03A0245_004 0.000 0.000 0.000 0.000 0.000
ARG+1A0245_005 1.000 1.000 1.000 1.000 1.000
LEU01A0246_001 1.000 1.000 1.000 1.000 1.000
PRO01A0247_001 1.000 1.000 1.000 1.000 1.000
ALA01A0248_001 1.000 1.000 1.000 1.000 1.000
PRO01A0249_001 1.000 1.000 1.000 1.000 1.000
PRO01A0250_001 1.000 1.000 1.000 1.000 1.000
ALA01A0251_001 1.000 1.000 1.000 1.000 1.000
CYS01A0252_001 0.507 0.505 0.507 0.506 0.505
CYS01A0252_002 0.295 0.295 0.295 0.294 0.295
CYS01A0252_003 0.199 0.200 0.199 0.200 0.200
CYS-1A0252_004 0.000 0.000 0.000 0.000 0.000
PRO01A0253_001 1.000 1.000 1.000 1.000 1.000
ALA01A0254_001 1.000 1.000 1.000 1.000 1.000
GLU01A0255_001 0.000 0.000 0.000 0.000 0.000
GLU01A0255_002 0.000 0.000 0.000 0.000 0.000
GLU02A0255_003 0.000 0.000 0.000 0.000 0.000
GLU02A0255_004 0.000 0.000 0.000 0.000 0.000
GLU-1A0255_005 1.000 1.000 1.000 1.000 1.000
VAL01A0256_001 1.000 1.000 1.000 1.000 1.000
HIS01A0257_001 0.164 0.165 0.166 0.166 0.166
HIS01A0257_002 0.038 0.039 0.038 0.038 0.038
HIS02A0257_003 0.703 0.700 0.701 0.701 0.701
HIS02A0257_004 0.086 0.087 0.087 0.086 0.086
HIS+1A0257_005 0.009 0.009 0.009 0.009 0.009
HIS+1A0257_006 0.000 0.000 0.000 0.000 0.000
GLU01A0258_001 0.000 0.000 0.000 0.000 0.000
GLU01A0258_002 0.000 0.000 0.000 0.000 0.000
GLU02A0258_003 0.000 0.000 0.000 0.000 0.000
GLU02A0258_004 0.000 0.000 0.000 0.000 0.000
GLU-1A0258_005 1.000 1.000 1.000 1.000 1.000
LEU01A0259_001 1.000 1.000 1.000 1.000 1.000
MET01A0260_001 1.000 1.000 1.000 1.000 1.000
LYS01A0261_001 0.000 0.000 0.000 0.000 0.000
LYS+1A0261_002 1.000 1.000 1.000 1.000 1.000
LEU01A0262_001 1.000 1.000 1.000 1.000 1.000
CYS01A0263_001 0.267 0.267 0.265 0.267 0.268
CYS01A0263_002 0.447 0.448 0.449 0.449 0.446
CYS01A0263_003 0.285 0.285 0.286 0.284 0.286
CYS-1A0263_004 0.000 0.000 0.000 0.000 0.000
TRP01A0264_001 1.000 1.000 1.000 1.000 1.000
ALA01A0265_001 1.000 1.000 1.000 1.000 1.000
PRO01A0266_001 1.000 1.000 1.000 1.000 1.000
SER01A0267_001 0.060 0.059 0.058 0.058 0.058
SER01A0267_002 0.940 0.941 0.942 0.942 0.942
PRO01A0268_001 1.000 1.000 1.000 1.000 1.000
GLN01A0269_001 1.000 1.000 1.000 1.000 1.000
ASP01A0270_001 0.000 0.000 0.000 0.000 0.000
ASP01A0270_002 0.000 0.000 0.000 0.000 0.000
ASP02A0270_003 0.000 0.000 0.000 0.000 0.000
ASP02A0270_004 0.000 0.000 0.000 0.000 0.000
ASP-1A0270_005 1.000 1.000 1.000 1.000 1.000
ARG01A0271_001 0.000 0.000 0.000 0.000 0.000
ARG02A0271_002 0.000 0.000 0.000 0.000 0.000
ARG02A0271_003 0.000 0.000 0.000 0.000 0.000
ARG03A0271_004 0.000 0.000 0.000 0.000 0.000
ARG03A0271_005 0.000 0.000 0.000 0.000 0.000
ARG+1A0271_006 1.000 1.000 1.000 1.000 1.000
PRO01A0272_001 1.000 1.000 1.000 1.000 1.000
SER01A0273_001 1.000 1.000 1.000 1.000 1.000
SER01A0273_002 0.000 0.000 0.000 0.000 0.000
PHE01A0274_001 1.000 1.000 1.000 1.000 1.000
SER01A0275_001 0.260 0.260 0.261 0.260 0.261
SER01A0275_002 0.740 0.740 0.739 0.740 0.739
ALA01A0276_001 1.000 1.000 1.000 1.000 1.000
LEU01A0277_001 1.000 1.000 1.000 1.000 1.000
PRO01A0279_001 1.000 1.000 1.000 1.000 1.000
GLN01A0280_001 0.089 0.089 0.089 0.090 0.089
GLN01A0280_002 0.911 0.911 0.911 0.910 0.911
LEU01A0281_001 1.000 1.000 1.000 1.000 1.000
ASP01A0282_001 0.000 0.000 0.000 0.000 0.000
ASP01A0282_002 0.000 0.000 0.000 0.000 0.000
ASP02A0282_003 0.000 0.000 0.000 0.000 0.000
ASP02A0282_004 0.003 0.003 0.003 0.002 0.003
ASP-1A0282_005 0.997 0.997 0.997 0.998 0.997
MET01A0283_001 1.000 1.000 1.000 1.000 1.000
LEU01A0284_001 1.000 1.000 1.000 1.000 1.000
MI101B0001_001 0.993 0.992 0.993 0.993 0.993
MI1+1B0001_002 0.000 0.000 0.000 0.000 0.000
MI1+1B0001_003 0.007 0.007 0.007 0.007 0.007
MI1DMB0001_004 0.000 0.000 0.000 0.000 0.000
