 ph              7.4   7.4   7.4   7.4   7.4
HIS01A0001_001 0.088 0.084 0.088 0.084 0.085
HIS01A0001_002 0.089 0.090 0.088 0.091 0.091
HIS02A0001_003 0.258 0.252 0.268 0.258 0.262
HIS02A0001_004 0.104 0.104 0.107 0.109 0.106
HIS+1A0001_005 0.211 0.212 0.204 0.207 0.206
HIS+1A0001_006 0.249 0.257 0.246 0.252 0.250
ILE01A0002_001 1.000 1.000 1.000 1.000 1.000
ASP01A0003_001 0.000 0.000 0.000 0.000 0.000
ASP01A0003_002 0.000 0.000 0.000 0.000 0.000
ASP02A0003_003 0.000 0.000 0.000 0.000 0.000
ASP02A0003_004 0.000 0.000 0.000 0.000 0.000
ASP-1A0003_005 1.000 1.000 1.000 1.000 1.000
LEU01A0004_001 1.000 1.000 1.000 1.000 1.000
SER01A0005_001 1.000 1.000 1.000 1.000 1.000
ALA01A0006_001 1.000 1.000 1.000 1.000 1.000
LEU01A0007_001 1.000 1.000 1.000 1.000 1.000
ASN01A0008_001 1.000 0.999 1.000 1.000 0.999
ASN01A0008_002 0.000 0.001 0.000 0.000 0.001
PRO01A0009_001 1.000 1.000 1.000 1.000 1.000
GLU01A0010_001 0.000 0.000 0.000 0.000 0.000
GLU01A0010_002 0.000 0.000 0.000 0.000 0.000
GLU02A0010_003 0.000 0.000 0.000 0.000 0.000
GLU02A0010_004 0.000 0.000 0.000 0.000 0.000
GLU-1A0010_005 1.000 1.000 1.000 1.000 1.000
LEU01A0011_001 1.000 1.000 1.000 1.000 1.000
VAL01A0012_001 1.000 1.000 1.000 1.000 1.000
GLN01A0013_001 0.145 0.141 0.144 0.146 0.149
GLN01A0013_002 0.855 0.859 0.856 0.854 0.851
ALA01A0014_001 1.000 1.000 1.000 1.000 1.000
VAL01A0015_001 1.000 1.000 1.000 1.000 1.000
GLN01A0016_001 0.595 0.591 0.594 0.595 0.593
GLN01A0016_002 0.405 0.409 0.406 0.405 0.407
HIS01A0017_001 0.226 0.214 0.216 0.220 0.220
HIS01A0017_002 0.046 0.051 0.048 0.048 0.044
HIS02A0017_003 0.630 0.630 0.636 0.625 0.633
HIS02A0017_004 0.043 0.048 0.044 0.049 0.045
HIS+1A0017_005 0.044 0.046 0.045 0.047 0.048
HIS+1A0017_006 0.011 0.012 0.011 0.012 0.010
VAL01A0018_001 1.000 1.000 1.000 1.000 1.000
VAL01A0019_001 1.000 1.000 1.000 1.000 1.000
ILE01A0020_001 1.000 1.000 1.000 1.000 1.000
PRO01A0022_001 1.000 1.000 1.000 1.000 1.000
SER01A0023_001 0.030 0.031 0.030 0.030 0.030
SER01A0023_002 0.970 0.969 0.970 0.970 0.970
SER01A0024_001 0.188 0.183 0.180 0.187 0.187
SER01A0024_002 0.812 0.817 0.820 0.813 0.813
LEU01A0025_001 1.000 1.000 1.000 1.000 1.000
ILE01A0026_001 1.000 1.000 1.000 1.000 1.000
VAL01A0027_001 1.000 1.000 1.000 1.000 1.000
HIS01A0028_001 0.155 0.153 0.146 0.151 0.149
HIS01A0028_002 0.107 0.105 0.104 0.103 0.104
HIS02A0028_003 0.485 0.475 0.504 0.496 0.482
HIS02A0028_004 0.115 0.119 0.109 0.114 0.118
HIS+1A0028_005 0.117 0.127 0.117 0.117 0.126
HIS+1A0028_006 0.021 0.021 0.020 0.019 0.020
PHE01A0029_001 1.000 1.000 1.000 1.000 1.000
ASN01A0030_001 0.998 0.997 1.000 1.000 0.997
ASN01A0030_002 0.002 0.003 0.000 0.000 0.003
GLU01A0031_001 0.000 0.000 0.000 0.000 0.000
GLU01A0031_002 0.000 0.001 0.002 0.000 0.003
GLU02A0031_003 0.000 0.000 0.000 0.000 0.000
GLU02A0031_004 0.009 0.005 0.005 0.010 0.007
GLU-1A0031_005 0.991 0.994 0.993 0.990 0.990
VAL01A0032_001 1.000 1.000 1.000 1.000 1.000
ILE01A0033_001 1.000 1.000 1.000 1.000 1.000
ARG01A0035_001 0.000 0.000 0.000 0.000 0.000
ARG02A0035_002 0.000 0.000 0.000 0.000 0.000
ARG02A0035_003 0.000 0.000 0.000 0.000 0.000
ARG03A0035_004 0.000 0.000 0.000 0.000 0.000
ARG+1A0035_005 1.000 1.000 1.000 1.000 1.000
HIS01A0037_001 0.079 0.081 0.083 0.081 0.083
HIS01A0037_002 0.303 0.302 0.304 0.300 0.298
HIS02A0037_003 0.216 0.216 0.220 0.220 0.220
HIS02A0037_004 0.300 0.299 0.292 0.304 0.298
HIS+1A0037_005 0.026 0.028 0.026 0.028 0.027
HIS+1A0037_006 0.076 0.075 0.075 0.068 0.073
PHE01A0038_001 1.000 1.000 1.000 1.000 1.000
CYS01A0040_001 0.196 0.201 0.201 0.201 0.198
CYS01A0040_002 0.381 0.378 0.383 0.380 0.374
CYS01A0040_003 0.418 0.416 0.412 0.419 0.422
CYS-1A0040_004 0.005 0.005 0.005 0.000 0.006
VAL01A0041_001 1.000 1.000 1.000 1.000 1.000
TYR01A0042_001 1.000 1.000 1.000 1.000 1.000
TYR-1A0042_002 0.000 0.000 0.000 0.000 0.000
HIS01A0043_001 0.000 0.000 0.000 0.000 0.000
HIS01A0043_002 0.569 0.563 0.559 0.562 0.563
HIS02A0043_003 0.000 0.000 0.000 0.000 0.000
HIS02A0043_004 0.293 0.302 0.298 0.297 0.295
HIS+1A0043_005 0.000 0.000 0.000 0.000 0.000
HIS+1A0043_006 0.138 0.135 0.143 0.141 0.143
THR01A0045_001 0.416 0.412 0.419 0.415 0.421
THR01A0045_002 0.584 0.588 0.581 0.585 0.579
LEU01A0046_001 1.000 1.000 1.000 1.000 1.000
LEU01A0047_001 1.000 1.000 1.000 1.000 1.000
ASP01A0048_001 0.000 0.000 0.000 0.000 0.000
ASP01A0048_002 0.000 0.000 0.000 0.000 0.000
ASP02A0048_003 0.000 0.000 0.000 0.000 0.000
ASP02A0048_004 0.000 0.000 0.000 0.000 0.000
ASP-1A0048_005 1.000 1.000 1.000 1.000 1.000
ASN01A0049_001 1.000 1.000 1.000 1.000 1.000
ASN01A0049_002 0.000 0.000 0.000 0.000 0.000
ASP01A0050_001 0.000 0.000 0.000 0.000 0.000
ASP01A0050_002 0.000 0.000 0.000 0.000 0.000
ASP02A0050_003 0.000 0.000 0.000 0.000 0.000
ASP02A0050_004 0.000 0.000 0.000 0.000 0.000
ASP-1A0050_005 1.000 1.000 1.000 1.000 1.000
LYS01A0052_001 0.000 0.000 0.000 0.000 0.000
LYS+1A0052_002 1.000 1.000 1.000 1.000 1.000
LYS01A0053_001 0.000 0.003 0.000 0.000 0.000
LYS+1A0053_002 1.000 0.997 1.000 1.000 1.000
ILE01A0054_001 1.000 1.000 1.000 1.000 1.000
HIS01A0055_001 0.438 0.436 0.440 0.431 0.433
HIS02A0055_002 0.539 0.540 0.537 0.544 0.544
HIS+1A0055_003 0.023 0.024 0.023 0.025 0.023
CYS01A0056_001 0.586 0.593 0.591 0.592 0.591
CYS01A0056_002 0.194 0.192 0.192 0.193 0.194
CYS01A0056_003 0.220 0.214 0.217 0.215 0.215
CYS-1A0056_004 0.000 0.000 0.000 0.000 0.000
ALA01A0057_001 1.000 1.000 1.000 1.000 1.000
VAL01A0058_001 1.000 1.000 1.000 1.000 1.000
LYS01A0059_001 0.001 0.000 0.000 0.000 0.000
LYS+1A0059_002 0.999 1.000 1.000 1.000 1.000
SER01A0060_001 1.000 1.000 1.000 1.000 1.000
LEU01A0061_001 1.000 1.000 1.000 1.000 1.000
ASN01A0062_001 1.000 1.000 1.000 1.000 1.000
ARG01A0063_001 0.000 0.000 0.000 0.000 0.000
ARG02A0063_002 0.000 0.000 0.000 0.000 0.000
ARG03A0063_003 0.000 0.000 0.000 0.000 0.000
ARG+1A0063_004 1.000 1.000 1.000 1.000 1.000
ILE01A0064_001 1.000 1.000 1.000 1.000 1.000
THR01A0065_001 1.000 1.000 1.000 1.000 1.000
ASP01A0066_001 0.000 0.000 0.000 0.000 0.000
ASP01A0066_002 0.000 0.000 0.000 0.000 0.000
ASP02A0066_003 0.000 0.000 0.000 0.000 0.000
ASP02A0066_004 0.000 0.000 0.000 0.000 0.000
ASP-1A0066_005 1.000 1.000 1.000 1.000 1.000
ILE01A0067_001 1.000 1.000 1.000 1.000 1.000
GLU01A0069_001 0.000 0.000 0.000 0.000 0.000
GLU01A0069_002 0.002 0.001 0.000 0.003 0.002
GLU02A0069_003 0.000 0.000 0.000 0.000 0.000
GLU02A0069_004 0.002 0.001 0.000 0.000 0.002
GLU-1A0069_005 0.996 0.997 1.000 0.997 0.996
VAL01A0070_001 1.000 1.000 1.000 1.000 1.000
SER01A0071_001 0.117 0.115 0.117 0.118 0.119
SER01A0071_002 0.883 0.885 0.883 0.882 0.881
GLN01A0072_001 0.581 0.585 0.580 0.582 0.581
GLN01A0072_002 0.419 0.415 0.420 0.418 0.419
PHE01A0073_001 1.000 1.000 1.000 1.000 1.000
LEU01A0074_001 1.000 1.000 1.000 1.000 1.000
THR01A0075_001 0.032 0.030 0.030 0.031 0.030
THR01A0075_002 0.968 0.970 0.970 0.969 0.970
GLU01A0076_001 0.000 0.000 0.000 0.000 0.000
GLU01A0076_002 0.002 0.000 0.000 0.000 0.000
GLU02A0076_003 0.000 0.000 0.000 0.000 0.000
GLU02A0076_004 0.004 0.000 0.006 0.005 0.000
GLU-1A0076_005 0.994 1.000 0.994 0.995 1.000
ILE01A0078_001 1.000 1.000 1.000 1.000 1.000
ILE01A0079_001 1.000 1.000 1.000 1.000 1.000
MET01A0080_001 1.000 1.000 1.000 1.000 1.000
LYS01A0081_001 0.000 0.000 0.000 0.000 0.001
LYS+1A0081_002 1.000 1.000 1.000 1.000 0.999
ASP01A0082_001 0.000 0.000 0.000 0.000 0.000
ASP01A0082_002 0.000 0.000 0.000 0.000 0.000
ASP02A0082_003 0.000 0.000 0.000 0.000 0.000
ASP02A0082_004 0.000 0.000 0.000 0.000 0.000
ASP-1A0082_005 1.000 1.000 1.000 1.000 1.000
PHE01A0083_001 1.000 1.000 1.000 1.000 1.000
SER01A0084_001 0.106 0.108 0.103 0.108 0.106
SER01A0084_002 0.894 0.892 0.897 0.892 0.894
HIS01A0085_001 1.000 1.000 1.000 1.000 1.000
HIS02A0085_002 0.000 0.000 0.000 0.000 0.000
HIS+1A0085_003 0.000 0.000 0.000 0.000 0.000
PRO01A0086_001 1.000 1.000 1.000 1.000 1.000
ASN01A0087_001 1.000 0.997 0.997 0.997 1.000
ASN01A0087_002 0.000 0.003 0.003 0.003 0.000
VAL01A0088_001 1.000 1.000 1.000 1.000 1.000
LEU01A0089_001 1.000 1.000 1.000 1.000 1.000
SER01A0090_001 0.125 0.126 0.128 0.127 0.131
SER01A0090_002 0.875 0.874 0.872 0.873 0.869
LEU01A0091_001 1.000 1.000 1.000 1.000 1.000
LEU01A0092_001 1.000 1.000 1.000 1.000 1.000
ILE01A0094_001 1.000 1.000 1.000 1.000 1.000
CYS01A0095_001 0.202 0.209 0.207 0.205 0.211
CYS01A0095_002 0.364 0.366 0.370 0.367 0.367
CYS01A0095_003 0.434 0.425 0.423 0.428 0.422
CYS-1A0095_004 0.000 0.000 0.000 0.000 0.000
LEU01A0096_001 1.000 1.000 1.000 1.000 1.000
ARG01A0097_001 0.000 0.000 0.000 0.000 0.000
ARG02A0097_002 0.000 0.000 0.000 0.000 0.000
ARG03A0097_003 0.000 0.000 0.000 0.000 0.000
ARG+1A0097_004 1.000 1.000 1.000 1.000 1.000
SER01A0098_001 0.108 0.111 0.104 0.107 0.105
SER01A0098_002 0.892 0.889 0.896 0.893 0.895
GLU01A0099_001 0.000 0.000 0.000 0.000 0.000
GLU01A0099_002 0.000 0.000 0.000 0.000 0.000
GLU02A0099_003 0.000 0.000 0.000 0.000 0.000
GLU02A0099_004 0.000 0.000 0.000 0.000 0.000
GLU-1A0099_005 1.000 1.000 1.000 1.000 1.000
SER01A0101_001 0.043 0.044 0.042 0.041 0.045
SER01A0101_002 0.957 0.956 0.958 0.959 0.955
PRO01A0102_001 1.000 1.000 1.000 1.000 1.000
LEU01A0103_001 1.000 1.000 1.000 1.000 1.000
VAL01A0104_001 1.000 1.000 1.000 1.000 1.000
VAL01A0105_001 1.000 1.000 1.000 1.000 1.000
LEU01A0106_001 1.000 1.000 1.000 1.000 1.000
PRO01A0107_001 1.000 1.000 1.000 1.000 1.000
TYR01A0108_001 0.314 0.315 0.322 0.317 0.317
TYR01A0108_002 0.686 0.685 0.678 0.683 0.683
TYR-1A0108_003 0.000 0.000 0.000 0.000 0.000
MET01A0109_001 1.000 1.000 1.000 1.000 1.000
LYS01A0110_001 0.003 0.003 0.004 0.003 0.004
LYS+1A0110_002 0.997 0.997 0.996 0.997 0.996
HIS01A0111_001 0.001 0.000 0.000 0.000 0.000
HIS02A0111_002 0.994 0.996 0.996 0.996 0.996
HIS+1A0111_003 0.005 0.004 0.004 0.004 0.004
ASP01A0113_001 0.000 0.000 0.000 0.000 0.000
ASP01A0113_002 0.000 0.000 0.000 0.000 0.000
ASP02A0113_003 0.000 0.000 0.000 0.000 0.000
ASP02A0113_004 0.000 0.000 0.000 0.000 0.000
ASP-1A0113_005 1.000 1.000 1.000 1.000 1.000
LEU01A0114_001 1.000 1.000 1.000 1.000 1.000
ARG01A0115_001 0.000 0.000 0.000 0.000 0.000
ARG02A0115_002 0.000 0.000 0.000 0.000 0.000
ARG03A0115_003 0.000 0.000 0.000 0.000 0.000
ARG03A0115_004 0.000 0.000 0.000 0.000 0.000
ARG+1A0115_005 1.000 1.000 1.000 1.000 1.000
ASN01A0116_001 0.650 0.655 0.650 0.653 0.646
ASN01A0116_002 0.350 0.345 0.350 0.347 0.354
PHE01A0117_001 1.000 1.000 1.000 1.000 1.000
ILE01A0118_001 1.000 1.000 1.000 1.000 1.000
ARG01A0119_001 0.000 0.000 0.000 0.000 0.000
ARG02A0119_002 0.000 0.000 0.000 0.000 0.000
ARG03A0119_003 0.000 0.000 0.000 0.000 0.000
ARG+1A0119_004 1.000 1.000 1.000 1.000 1.000
ASN01A0120_001 1.000 1.000 1.000 1.000 1.000
GLU01A0121_001 0.000 0.000 0.000 0.000 0.000
GLU01A0121_002 0.000 0.000 0.000 0.000 0.000
GLU02A0121_003 0.000 0.000 0.000 0.000 0.000
GLU02A0121_004 0.000 0.000 0.001 0.000 0.000
GLU-1A0121_005 1.000 0.999 0.999 1.000 0.999
THR01A0122_001 0.005 0.006 0.007 0.006 0.000
THR01A0122_002 0.055 0.055 0.053 0.055 0.056
THR01A0122_003 0.939 0.939 0.940 0.939 0.944
HIS01A0123_001 0.000 0.000 0.000 0.000 0.000
HIS01A0123_002 0.017 0.018 0.017 0.017 0.019
HIS02A0123_003 0.000 0.000 0.000 0.000 0.000
HIS02A0123_004 0.937 0.934 0.938 0.942 0.931
HIS+1A0123_005 0.000 0.000 0.000 0.000 0.000
HIS+1A0123_006 0.046 0.048 0.045 0.041 0.050
ASN01A0124_001 0.586 0.588 0.586 0.586 0.580
ASN01A0124_002 0.414 0.412 0.414 0.414 0.420
PRO01A0125_001 1.000 1.000 1.000 1.000 1.000
THR01A0126_001 0.006 0.007 0.007 0.007 0.007
THR01A0126_002 0.994 0.993 0.993 0.993 0.993
VAL01A0127_001 1.000 1.000 1.000 1.000 1.000
LYS01A0128_001 0.000 0.000 0.000 0.000 0.000
LYS+1A0128_002 1.000 1.000 1.000 1.000 1.000
ASP01A0129_001 0.000 0.000 0.000 0.000 0.000
ASP01A0129_002 0.000 0.000 0.000 0.000 0.000
ASP02A0129_003 0.000 0.000 0.000 0.000 0.000
ASP02A0129_004 0.000 0.000 0.000 0.000 0.000
ASP-1A0129_005 1.000 1.000 1.000 1.000 1.000
LEU01A0130_001 1.000 1.000 1.000 1.000 1.000
ILE01A0131_001 1.000 1.000 1.000 1.000 1.000
PHE01A0133_001 1.000 1.000 1.000 1.000 1.000
LEU01A0135_001 1.000 1.000 1.000 1.000 1.000
GLN01A0136_001 1.000 1.000 1.000 1.000 1.000
GLN01A0136_002 0.000 0.000 0.000 0.000 0.000
VAL01A0137_001 1.000 1.000 1.000 1.000 1.000
ALA01A0138_001 1.000 1.000 1.000 1.000 1.000
LYS01A0139_001 0.000 0.003 0.003 0.003 0.003
LYS+1A0139_002 1.000 0.997 0.997 0.997 0.997
MET01A0141_001 1.000 1.000 1.000 1.000 1.000
LYS01A0142_001 0.009 0.009 0.010 0.008 0.009
LYS+1A0142_002 0.991 0.991 0.990 0.992 0.991
TYR01A0143_001 1.000 0.999 1.000 1.000 1.000
TYR-1A0143_002 0.000 0.001 0.000 0.000 0.000
LEU01A0144_001 1.000 1.000 1.000 1.000 1.000
ALA01A0145_001 1.000 1.000 1.000 1.000 1.000
SER01A0146_001 0.387 0.392 0.389 0.385 0.385
SER01A0146_002 0.613 0.608 0.611 0.615 0.615
LYS01A0147_001 0.000 0.001 0.001 0.000 0.000
LYS+1A0147_002 1.000 0.999 0.999 1.000 1.000
LYS01A0148_001 0.006 0.005 0.005 0.006 0.006
LYS+1A0148_002 0.994 0.995 0.995 0.994 0.994
PHE01A0149_001 1.000 1.000 1.000 1.000 1.000
VAL01A0150_001 1.000 1.000 1.000 1.000 1.000
HIS01A0151_001 0.000 0.000 0.000 0.000 0.000
HIS01A0151_002 1.000 1.000 1.000 1.000 1.000
HIS02A0151_003 0.000 0.000 0.000 0.000 0.000
HIS02A0151_004 0.000 0.000 0.000 0.000 0.000
HIS+1A0151_005 0.000 0.000 0.000 0.000 0.000
HIS+1A0151_006 0.000 0.000 0.000 0.000 0.000
ARG01A0152_001 0.000 0.000 0.000 0.000 0.000
ARG02A0152_002 0.000 0.000 0.000 0.000 0.000
ARG03A0152_003 0.000 0.000 0.000 0.000 0.000
ARG+1A0152_004 1.000 1.000 1.000 1.000 1.000
ASP01A0153_001 0.000 0.000 0.000 0.000 0.000
ASP01A0153_002 0.000 0.000 0.000 0.000 0.000
ASP02A0153_003 0.000 0.000 0.000 0.000 0.000
ASP02A0153_004 0.000 0.000 0.000 0.000 0.000
ASP-1A0153_005 1.000 1.000 1.000 1.000 1.000
LEU01A0154_001 1.000 1.000 1.000 1.000 1.000
ALA01A0155_001 1.000 1.000 1.000 1.000 1.000
ALA01A0156_001 1.000 1.000 1.000 1.000 1.000
ARG01A0157_001 0.000 0.000 0.000 0.000 0.000
ARG02A0157_002 0.000 0.000 0.000 0.000 0.000
ARG03A0157_003 0.000 0.000 0.000 0.000 0.000
ARG03A0157_004 0.000 0.000 0.000 0.000 0.000
ARG+1A0157_005 1.000 1.000 1.000 1.000 1.000
ASN01A0158_001 1.000 1.000 1.000 1.000 1.000
ASN01A0158_002 0.000 0.000 0.000 0.000 0.000
CYS01A0159_001 0.156 0.159 0.157 0.155 0.159
CYS01A0159_002 0.651 0.658 0.653 0.655 0.654
CYS01A0159_003 0.193 0.183 0.190 0.190 0.187
CYS-1A0159_004 0.000 0.000 0.000 0.000 0.000
MET01A0160_001 1.000 1.000 1.000 1.000 1.000
LEU01A0161_001 1.000 1.000 1.000 1.000 1.000
ASP01A0162_001 0.000 0.000 0.000 0.000 0.000
ASP01A0162_002 0.000 0.000 0.000 0.000 0.000
ASP02A0162_003 0.000 0.000 0.000 0.000 0.000
ASP02A0162_004 0.000 0.000 0.000 0.000 0.000
ASP-1A0162_005 1.000 1.000 1.000 1.000 1.000
GLU01A0163_001 0.000 0.000 0.000 0.000 0.000
GLU01A0163_002 0.000 0.000 0.000 0.000 0.000
GLU02A0163_003 0.000 0.000 0.000 0.000 0.000
GLU02A0163_004 0.000 0.000 0.000 0.000 0.000
GLU-1A0163_005 1.000 1.000 1.000 1.000 1.000
LYS01A0164_001 0.000 0.000 0.000 0.000 0.000
LYS+1A0164_002 1.000 1.000 1.000 1.000 1.000
PHE01A0165_001 1.000 1.000 1.000 1.000 1.000
THR01A0166_001 0.809 0.806 0.812 0.810 0.806
THR01A0166_002 0.191 0.194 0.188 0.190 0.194
VAL01A0167_001 1.000 1.000 1.000 1.000 1.000
LYS01A0168_001 0.000 0.000 0.000 0.000 0.000
LYS+1A0168_002 1.000 1.000 1.000 1.000 1.000
VAL01A0169_001 1.000 1.000 1.000 1.000 1.000
ALA01A0170_001 1.000 1.000 1.000 1.000 1.000
ASP01A0171_001 0.000 0.000 0.000 0.000 0.000
ASP01A0171_002 0.000 0.000 0.000 0.000 0.000
ASP02A0171_003 0.002 0.003 0.003 0.002 0.000
ASP02A0171_004 0.998 0.997 0.997 0.998 1.000
ASP-1A0171_005 0.000 0.000 0.000 0.000 0.000
PHE01A0172_001 1.000 1.000 1.000 1.000 1.000
LEU01A0174_001 1.000 1.000 1.000 1.000 1.000
ALA01A0175_001 1.000 1.000 1.000 1.000 1.000
ARG01A0176_001 0.000 0.000 0.000 0.000 0.000
ARG02A0176_002 0.000 0.000 0.000 0.000 0.000
ARG03A0176_003 0.000 0.000 0.000 0.000 0.000
ARG+1A0176_004 1.000 1.000 1.000 1.000 1.000
ASP01A0177_001 0.000 0.000 0.000 0.000 0.000
ASP01A0177_002 0.000 0.000 0.000 0.000 0.000
ASP02A0177_003 0.000 0.000 0.000 0.000 0.000
ASP02A0177_004 0.000 0.000 0.000 0.000 0.000
ASP-1A0177_005 1.000 1.000 1.000 1.000 1.000
MET01A0178_001 1.000 1.000 1.000 1.000 1.000
TYR01A0179_001 0.000 0.000 0.000 0.000 0.000
TYR01A0179_002 1.000 1.000 1.000 1.000 1.000
TYR-1A0179_003 0.000 0.000 0.000 0.000 0.000
ASP01A0180_001 0.000 0.000 0.000 0.000 0.000
ASP01A0180_002 0.000 0.000 0.000 0.000 0.000
ASP02A0180_003 0.000 0.000 0.000 0.000 0.000
ASP02A0180_004 0.000 0.000 0.000 0.000 0.000
ASP-1A0180_005 1.000 1.000 1.000 1.000 1.000
LYS01A0181_001 0.000 0.002 0.002 0.000 0.000
LYS+1A0181_002 1.000 0.998 0.998 1.000 1.000
GLU01A0182_001 0.000 0.000 0.000 0.000 0.000
GLU01A0182_002 0.000 0.000 0.000 0.001 0.000
GLU02A0182_003 0.000 0.000 0.000 0.000 0.000
GLU02A0182_004 0.000 0.000 0.001 0.000 0.000
GLU-1A0182_005 1.000 1.000 0.999 0.999 1.000
TYR01A0183_001 0.404 0.408 0.404 0.409 0.402
TYR01A0183_002 0.596 0.592 0.596 0.591 0.598
TYR-1A0183_003 0.000 0.000 0.000 0.000 0.000
TYR01A0184_001 0.000 0.000 0.000 0.000 0.000
TYR01A0184_002 1.000 1.000 1.000 1.000 1.000
TYR-1A0184_003 0.000 0.000 0.000 0.000 0.000
SER01A0185_001 0.000 0.000 0.000 0.000 0.000
SER01A0185_002 1.000 1.000 1.000 1.000 1.000
VAL01A0186_001 1.000 1.000 1.000 1.000 1.000
HIS01A0187_001 0.904 0.908 0.903 0.904 0.907
HIS02A0187_002 0.095 0.092 0.097 0.095 0.093
HIS+1A0187_003 0.001 0.001 0.000 0.001 0.000
ASN01A0188_001 1.000 1.000 1.000 1.000 1.000
ASN01A0188_002 0.000 0.000 0.000 0.000 0.000
LYS01A0189_001 0.000 0.000 0.000 0.000 0.000
LYS+1A0189_002 1.000 1.000 1.000 1.000 1.000
THR01A0190_001 0.009 0.007 0.008 0.008 0.008
THR01A0190_002 0.000 0.000 0.000 0.000 0.000
THR01A0190_003 0.991 0.993 0.992 0.992 0.992
ALA01A0192_001 1.000 1.000 1.000 1.000 1.000
LYS01A0193_001 0.034 0.036 0.041 0.035 0.033
LYS+1A0193_002 0.966 0.964 0.959 0.965 0.967
LEU01A0194_001 1.000 1.000 1.000 1.000 1.000
PRO01A0195_001 1.000 1.000 1.000 1.000 1.000
VAL01A0196_001 1.000 1.000 1.000 1.000 1.000
LYS01A0197_001 0.000 0.000 0.000 0.000 0.000
LYS+1A0197_002 1.000 1.000 1.000 1.000 1.000
TRP01A0198_001 1.000 1.000 1.000 1.000 1.000
MET01A0199_001 1.000 1.000 1.000 1.000 1.000
ALA01A0200_001 1.000 1.000 1.000 1.000 1.000
LEU01A0201_001 1.000 1.000 1.000 1.000 1.000
GLU01A0202_001 0.000 0.000 0.000 0.000 0.000
GLU01A0202_002 0.000 0.000 0.000 0.000 0.000
GLU02A0202_003 0.000 0.000 0.000 0.000 0.000
GLU02A0202_004 0.000 0.000 0.000 0.000 0.000
GLU-1A0202_005 1.000 1.000 1.000 1.000 1.000
SER01A0203_001 0.982 0.984 0.985 0.983 0.980
SER01A0203_002 0.009 0.006 0.006 0.007 0.008
SER01A0203_003 0.009 0.010 0.009 0.010 0.011
LEU01A0204_001 1.000 1.000 1.000 1.000 1.000
GLN01A0205_001 0.057 0.056 0.062 0.058 0.057
GLN01A0205_002 0.943 0.944 0.938 0.942 0.943
THR01A0206_001 1.000 1.000 1.000 1.000 1.000
GLN01A0207_001 0.068 0.066 0.064 0.067 0.069
GLN01A0207_002 0.932 0.934 0.936 0.933 0.931
LYS01A0208_001 0.001 0.000 0.000 0.000 0.000
LYS+1A0208_002 0.999 1.000 1.000 1.000 1.000
PHE01A0209_001 1.000 1.000 1.000 1.000 1.000
THR01A0210_001 0.042 0.037 0.041 0.039 0.040
THR01A0210_002 0.958 0.963 0.959 0.961 0.960
THR01A0211_001 1.000 1.000 1.000 1.000 1.000
LYS01A0212_001 0.351 0.343 0.348 0.346 0.345
LYS+1A0212_002 0.649 0.657 0.652 0.654 0.655
SER01A0213_001 0.000 0.000 0.000 0.000 0.000
SER01A0213_002 1.000 1.000 1.000 1.000 1.000
ASP01A0214_001 0.000 0.000 0.000 0.000 0.000
ASP01A0214_002 0.000 0.000 0.000 0.000 0.000
ASP02A0214_003 0.000 0.000 0.000 0.000 0.000
ASP02A0214_004 0.000 0.000 0.000 0.000 0.000
ASP-1A0214_005 1.000 1.000 1.000 1.000 1.000
VAL01A0215_001 1.000 1.000 1.000 1.000 1.000
TRP01A0216_001 1.000 1.000 1.000 1.000 1.000
SER01A0217_001 0.940 0.942 0.948 0.947 0.943
SER01A0217_002 0.060 0.058 0.052 0.053 0.057
PHE01A0218_001 1.000 1.000 1.000 1.000 1.000
VAL01A0220_001 1.000 1.000 1.000 1.000 1.000
LEU01A0221_001 1.000 1.000 1.000 1.000 1.000
LEU01A0222_001 1.000 1.000 1.000 1.000 1.000
TRP01A0223_001 1.000 1.000 1.000 1.000 1.000
GLU01A0224_001 0.000 0.000 0.000 0.000 0.000
GLU01A0224_002 0.000 0.000 0.000 0.000 0.000
GLU02A0224_003 0.000 0.000 0.000 0.000 0.000
GLU02A0224_004 0.000 0.000 0.000 0.000 0.000
GLU-1A0224_005 1.000 1.000 1.000 1.000 1.000
LEU01A0225_001 1.000 1.000 1.000 1.000 1.000
MET01A0226_001 1.000 1.000 1.000 1.000 1.000
THR01A0227_001 0.828 0.822 0.826 0.825 0.828
THR01A0227_002 0.172 0.178 0.174 0.175 0.172
ARG01A0228_001 0.000 0.000 0.000 0.000 0.000
ARG02A0228_002 0.000 0.000 0.000 0.000 0.000
ARG03A0228_003 0.000 0.000 0.000 0.000 0.000
ARG+1A0228_004 1.000 1.000 1.000 1.000 1.000
ALA01A0230_001 1.000 1.000 1.000 1.000 1.000
PRO01A0231_001 1.000 1.000 1.000 1.000 1.000
PRO01A0232_001 1.000 1.000 1.000 1.000 1.000
TYR01A0233_001 1.000 1.000 1.000 1.000 1.000
TYR-1A0233_002 0.000 0.000 0.000 0.000 0.000
PRO01A0234_001 1.000 1.000 1.000 1.000 1.000
ASP01A0235_001 0.000 0.000 0.000 0.000 0.000
ASP01A0235_002 0.000 0.000 0.000 0.000 0.000
ASP02A0235_003 0.000 0.000 0.000 0.000 0.000
ASP02A0235_004 0.000 0.000 0.000 0.000 0.000
ASP-1A0235_005 1.000 1.000 1.000 1.000 1.000
VAL01A0236_001 1.000 1.000 1.000 1.000 1.000
ASN01A0237_001 1.000 1.000 1.000 1.000 1.000
THR01A0238_001 0.118 0.118 0.117 0.113 0.117
THR01A0238_002 0.028 0.032 0.030 0.029 0.027
THR01A0238_003 0.853 0.850 0.852 0.858 0.856
PHE01A0239_001 1.000 1.000 1.000 1.000 1.000
ASP01A0240_001 0.000 0.000 0.000 0.000 0.000
ASP01A0240_002 0.000 0.000 0.000 0.000 0.000
ASP02A0240_003 0.000 0.000 0.000 0.000 0.000
ASP02A0240_004 0.000 0.000 0.000 0.000 0.000
ASP-1A0240_005 1.000 1.000 1.000 1.000 1.000
ILE01A0241_001 1.000 1.000 1.000 1.000 1.000
THR01A0242_001 1.000 1.000 1.000 1.000 1.000
VAL01A0243_001 1.000 1.000 1.000 1.000 1.000
TYR01A0244_001 0.375 0.371 0.371 0.373 0.368
TYR01A0244_002 0.625 0.629 0.627 0.627 0.632
TYR-1A0244_003 0.000 0.000 0.002 0.000 0.000
LEU01A0245_001 1.000 1.000 1.000 1.000 1.000
LEU01A0246_001 1.000 1.000 1.000 1.000 1.000
GLN01A0247_001 0.948 0.950 0.950 0.949 0.947
GLN01A0247_002 0.052 0.050 0.050 0.051 0.053
ARG01A0249_001 0.000 0.000 0.000 0.000 0.000
ARG02A0249_002 0.000 0.000 0.000 0.000 0.000
ARG03A0249_003 0.000 0.000 0.000 0.000 0.000
ARG03A0249_004 0.000 0.000 0.000 0.000 0.000
ARG+1A0249_005 1.000 1.000 1.000 1.000 1.000
ARG01A0250_001 0.000 0.000 0.000 0.000 0.000
ARG02A0250_002 0.000 0.000 0.000 0.000 0.000
ARG02A0250_003 0.000 0.000 0.000 0.000 0.000
ARG03A0250_004 0.000 0.000 0.000 0.000 0.000
ARG+1A0250_005 1.000 1.000 1.000 1.000 1.000
LEU01A0251_001 1.000 1.000 1.000 1.000 1.000
LEU01A0252_001 1.000 1.000 1.000 1.000 1.000
GLN01A0253_001 0.839 0.837 0.845 0.839 0.839
GLN01A0253_002 0.161 0.163 0.155 0.161 0.161
PRO01A0254_001 1.000 1.000 1.000 1.000 1.000
GLU01A0255_001 0.000 0.000 0.000 0.000 0.000
GLU01A0255_002 0.000 0.000 0.000 0.000 0.000
GLU02A0255_003 0.000 0.000 0.000 0.000 0.000
GLU02A0255_004 0.000 0.001 0.001 0.000 0.002
GLU-1A0255_005 1.000 0.999 0.999 1.000 0.998
TYR01A0256_001 1.000 1.000 1.000 1.000 1.000
TYR-1A0256_002 0.000 0.000 0.000 0.000 0.000
CYS01A0257_001 0.490 0.490 0.489 0.491 0.500
CYS01A0257_002 0.231 0.236 0.235 0.235 0.232
CYS01A0257_003 0.279 0.274 0.276 0.274 0.268
CYS-1A0257_004 0.000 0.000 0.000 0.000 0.000
PRO01A0258_001 1.000 1.000 1.000 1.000 1.000
ASP01A0259_001 0.000 0.000 0.000 0.000 0.000
ASP01A0259_002 0.000 0.000 0.000 0.000 0.000
ASP02A0259_003 0.000 0.000 0.000 0.000 0.000
ASP02A0259_004 0.000 0.000 0.000 0.000 0.000
ASP-1A0259_005 1.000 1.000 1.000 1.000 1.000
PRO01A0260_001 1.000 1.000 1.000 1.000 1.000
LEU01A0261_001 1.000 1.000 1.000 1.000 1.000
TYR01A0262_001 0.993 0.993 0.993 0.993 0.994
TYR01A0262_002 0.007 0.007 0.007 0.007 0.006
TYR-1A0262_003 0.000 0.000 0.000 0.000 0.000
GLU01A0263_001 0.000 0.000 0.000 0.000 0.000
GLU01A0263_002 0.000 0.000 0.000 0.000 0.000
GLU02A0263_003 0.000 0.000 0.000 0.000 0.000
GLU02A0263_004 0.000 0.000 0.000 0.000 0.000
GLU-1A0263_005 1.000 1.000 1.000 1.000 1.000
VAL01A0264_001 1.000 1.000 1.000 1.000 1.000
MET01A0265_001 1.000 1.000 1.000 1.000 1.000
LEU01A0266_001 1.000 1.000 1.000 1.000 1.000
LYS01A0267_001 0.001 0.002 0.001 0.001 0.001
LYS+1A0267_002 0.999 0.998 0.999 0.999 0.999
CYS01A0268_001 0.209 0.212 0.214 0.211 0.215
CYS01A0268_002 0.526 0.521 0.517 0.524 0.517
CYS01A0268_003 0.264 0.267 0.269 0.264 0.267
CYS-1A0268_004 0.000 0.000 0.000 0.000 0.000
TRP01A0269_001 1.000 1.000 1.000 1.000 1.000
HIS01A0270_001 0.162 0.166 0.164 0.172 0.166
HIS01A0270_002 0.704 0.701 0.705 0.690 0.698
HIS02A0270_003 0.126 0.121 0.120 0.128 0.126
HIS02A0270_004 0.009 0.012 0.011 0.010 0.010
HIS+1A0270_005 0.000 0.000 0.000 0.000 0.000
HIS+1A0270_006 0.000 0.000 0.000 0.000 0.000
PRO01A0271_001 1.000 1.000 1.000 1.000 1.000
LYS01A0272_001 0.025 0.029 0.028 0.027 0.028
LYS+1A0272_002 0.975 0.971 0.972 0.973 0.972
ALA01A0273_001 1.000 1.000 1.000 1.000 1.000
GLU01A0274_001 0.000 0.000 0.000 0.000 0.000
GLU01A0274_002 0.000 0.000 0.000 0.000 0.000
GLU02A0274_003 0.000 0.000 0.000 0.000 0.000
GLU02A0274_004 0.000 0.000 0.000 0.000 0.000
GLU-1A0274_005 1.000 1.000 1.000 1.000 1.000
MET01A0275_001 1.000 1.000 1.000 1.000 1.000
ARG01A0276_001 0.000 0.000 0.000 0.000 0.000
ARG02A0276_002 0.000 0.000 0.000 0.000 0.000
ARG02A0276_003 0.000 0.000 0.000 0.000 0.000
ARG03A0276_004 0.000 0.000 0.000 0.000 0.000
ARG03A0276_005 0.000 0.000 0.000 0.000 0.000
ARG+1A0276_006 1.000 1.000 1.000 1.000 1.000
PRO01A0277_001 1.000 1.000 1.000 1.000 1.000
SER01A0278_001 0.002 0.002 0.000 0.002 0.002
SER01A0278_002 0.000 0.000 0.000 0.000 0.000
SER01A0278_003 0.998 0.998 1.000 0.998 0.998
PHE01A0279_001 1.000 1.000 1.000 1.000 1.000
SER01A0280_001 0.495 0.498 0.499 0.495 0.501
SER01A0280_002 0.505 0.502 0.501 0.505 0.499
GLU01A0281_001 0.000 0.000 0.000 0.000 0.000
GLU01A0281_002 0.000 0.000 0.000 0.000 0.000
GLU02A0281_003 0.000 0.000 0.000 0.000 0.000
GLU02A0281_004 0.000 0.000 0.000 0.000 0.000
GLU-1A0281_005 1.000 1.000 1.000 1.000 1.000
LEU01A0282_001 1.000 1.000 1.000 1.000 1.000
VAL01A0283_001 1.000 1.000 1.000 1.000 1.000
SER01A0284_001 0.314 0.311 0.311 0.316 0.310
SER01A0284_002 0.686 0.689 0.689 0.684 0.690
ARG01A0285_001 0.000 0.000 0.000 0.001 0.000
ARG02A0285_002 0.000 0.000 0.000 0.000 0.000
ARG03A0285_003 0.000 0.000 0.000 0.000 0.000
ARG+1A0285_004 1.000 1.000 1.000 0.999 1.000
ILE01A0286_001 1.000 1.000 1.000 1.000 1.000
SER01A0287_001 1.000 1.000 1.000 1.000 1.000
ALA01A0288_001 1.000 1.000 1.000 1.000 1.000
ILE01A0289_001 1.000 1.000 1.000 1.000 1.000
PHE01A0290_001 1.000 1.000 1.000 1.000 1.000
SER01A0291_001 0.341 0.348 0.344 0.342 0.339
SER01A0291_002 0.659 0.652 0.656 0.658 0.661
THR01A0292_001 0.977 0.977 0.975 0.975 0.976
THR01A0292_002 0.023 0.023 0.025 0.025 0.024
PHE01A0293_001 1.000 1.000 1.000 1.000 1.000
ILE01A0294_001 1.000 1.000 1.000 1.000 1.000
VGH21B0001_001 0.000 0.000 0.000 0.000 0.000
VGH21B0001_002 0.000 0.000 0.000 0.000 0.000
VGH11B0001_003 0.766 0.768 0.760 0.764 0.766
VGH01B0001_004 0.234 0.232 0.240 0.236 0.234
VGH12B0001_005 0.000 0.000 0.000 0.000 0.000
VGHDMB0001_006 0.000 0.000 0.000 0.000 0.000
