   Rotamer making statitics:
   Residue   Start  Clean   Swap Rotate   Self  Hbond Repack  Ioni.   TorH     OH  Elect
   HISA0001      1      1      2      2      2      2      2      6      6      6      6
   ILEA0002      1      1      1      1      1      1      1      1      1      1      1
   ASPA0003      1      1      1      1      1      1      1      3      5      5      5
   LEUA0004      1      1      1      1      1      1      1      1      1      1      1
   SERA0005      1      1      1      1      1      1      1      1      2      2      1
   ALAA0006      1      1      1      1      1      1      1      1      1      1      1
   LEUA0007      1      1      1      1      1      1      1      1      1      1      1
   ASNA0008      1      1      2      2      2      2      2      2      2      2      2
   PROA0009      1      1      1      1      1      1      1      1      1      1      1
   GLUA0010      1      1      1      1      1      1      1      3      5      5      5
   LEUA0011      1      1      1      1      1      1      1      1      1      1      1
   VALA0012      1      1      1      1      1      1      1      1      1      1      1
   GLNA0013      1      1      2      2      2      2      2      2      2      2      2
   ALAA0014      1      1      1      1      1      1      1      1      1      1      1
   VALA0015      1      1      1      1      1      1      1      1      1      1      1
   GLNA0016      1      1      2      2      2      2      2      2      2      2      2
   HISA0017      1      1      2      2      2      2      2      6      6      6      6
   VALA0018      1      1      1      1      1      1      1      1      1      1      1
   VALA0019      1      1      1      1      1      1      1      1      1      1      1
   ILEA0020      1      1      1      1      1      1      1      1      1      1      1
   GLYA0021      0      0      0      0      0      0      0      0      0      0      0
   PROA0022      1      1      1      1      1      1      1      1      1      1      1
   SERA0023      1      1      1      1      1      1      1      1      2      2      2
   SERA0024      1      1      1      1      1      1      1      1      2      2      2
   LEUA0025      1      1      1      1      1      1      1      1      1      1      1
   ILEA0026      1      1      1      1      1      1      1      1      1      1      1
   VALA0027      1      1      1      1      1      1      1      1      1      1      1
   HISA0028      1      1      2      2      2      2      2      6      6      6      6
   PHEA0029      1      1      1      1      1      1      1      1      1      1      1
   ASNA0030      1      1      2      2      2      2      2      2      2      2      2
   GLUA0031      1      1      1      1      1      1      1      3      5      5      5
   VALA0032      1      1      1      1      1      1      1      1      1      1      1
   ILEA0033      1      1      1      1      1      1      1      1      1      1      1
   GLYA0034      0      0      0      0      0      0      0      0      0      0      0
   ARGA0035      1      1      1      1      1      1      1      4      5      5      5
   GLYA0036      0      0      0      0      0      0      0      0      0      0      0
   HISA0037      1      1      2      2      2      2      2      6      6      6      6
   PHEA0038      1      1      1      1      1      1      1      1      1      1      1
   GLYA0039      0      0      0      0      0      0      0      0      0      0      0
   CYSA0040      1      1      1      1      1      1      1      2      4      4      4
   VALA0041      1      1      1      1      1      1      1      1      1      1      1
   TYRA0042      1      1      1      1      1      1      1      2      2      2      2
   HISA0043      1      1      2      2      2      2      2      6      6      6      6
   GLYA0044      0      0      0      0      0      0      0      0      0      0      0
   THRA0045      1      1      1      1      1      1      1      1      2      2      2
   LEUA0046      1      1      1      1      1      1      1      1      1      1      1
   LEUA0047      1      1      1      1      1      1      1      1      1      1      1
   ASPA0048      1      1      1      1      1      1      1      3      5      5      5
   ASNA0049      1      1      2      2      2      2      2      2      2      2      2
   ASPA0050      1      1      1      1      1      1      1      3      5      5      5
   GLYA0051      0      0      0      0      0      0      0      0      0      0      0
   LYSA0052      1      1      1      1      1      1      1      2      2      2      2
   LYSA0053      1      1      1      1      1      1      1      2      2      2      2
   ILEA0054      1      1      1      1      1      1      1      1      1      1      1
   HISA0055      1      1      2      2      2      2      1      3      3      3      3
   CYSA0056      1      1      1      1      1      1      1      2      4      4      4
   ALAA0057      1      1      1      1      1      1      1      1      1      1      1
   VALA0058      1      1      1      1      1      1      1      1      1      1      1
   LYSA0059      1      1      1      1      1      1      1      2      2      2      2
   SERA0060      1      1      1      1      1      1      1      1      1      1      1
   LEUA0061      1      1      1      1      1      1      1      1      1      1      1
   ASNA0062      1      1      2      2      2      2      1      1      1      1      1
   ARGA0063      1      1      1      1      1      1      1      4      4      4      4
   ILEA0064      1      1      1      1      1      1      1      1      1      1      1
   THRA0065      1      1      1      1      1      1      1      1      2      2      1
   ASPA0066      1      1      1      1      1      1      1      3      5      5      5
   ILEA0067      1      1      1      1      1      1      1      1      1      1      1
   GLYA0068      0      0      0      0      0      0      0      0      0      0      0
   GLUA0069      1      1      1      1      1      1      1      3      5      5      5
   VALA0070      1      1      1      1      1      1      1      1      1      1      1
   SERA0071      1      1      1      1      1      1      1      1      3      3      2
   GLNA0072      1      1      2      2      2      2      2      2      2      2      2
   PHEA0073      1      1      1      1      1      1      1      1      1      1      1
   LEUA0074      1      1      1      1      1      1      1      1      1      1      1
   THRA0075      1      1      1      1      1      1      1      1      2      2      2
   GLUA0076      1      1      1      1      1      1      1      3      5      5      5
   GLYA0077      0      0      0      0      0      0      0      0      0      0      0
   ILEA0078      1      1      1      1      1      1      1      1      1      1      1
   ILEA0079      1      1      1      1      1      1      1      1      1      1      1
   META0080      1      1      1      1      1      1      1      1      1      1      1
   LYSA0081      1      1      1      1      1      1      1      2      2      2      2
   ASPA0082      1      1      1      1      1      1      1      3      5      5      5
   PHEA0083      1      1      1      1      1      1      1      1      1      1      1
   SERA0084      1      1      1      1      1      1      1      1      2      2      2
   HISA0085      1      1      2      2      1      1      1      3      3      3      3
   PROA0086      1      1      1      1      1      1      1      1      1      1      1
   ASNA0087      1      1      2      2      2      2      2      2      2      2      2
   VALA0088      1      1      1      1      1      1      1      1      1      1      1
   LEUA0089      1      1      1      1      1      1      1      1      1      1      1
   SERA0090      1      1      1      1      1      1      1      1      2      2      2
   LEUA0091      1      1      1      1      1      1      1      1      1      1      1
   LEUA0092      1      1      1      1      1      1      1      1      1      1      1
   GLYA0093      0      0      0      0      0      0      0      0      0      0      0
   ILEA0094      1      1      1      1      1      1      1      1      1      1      1
   CYSA0095      1      1      1      1      1      1      1      2      4      4      4
   LEUA0096      1      1      1      1      1      1      1      1      1      1      1
   ARGA0097      1      1      1      1      1      1      1      4      4      4      4
   SERA0098      1      1      1      1      1      1      1      1      2      2      2
   GLUA0099      1      1      1      1      1      1      1      3      5      5      5
   GLYA0100      0      0      0      0      0      0      0      0      0      0      0
   SERA0101      1      1      1      1      1      1      1      1      2      2      2
   PROA0102      1      1      1      1      1      1      1      1      1      1      1
   LEUA0103      1      1      1      1      1      1      1      1      1      1      1
   VALA0104      1      1      1      1      1      1      1      1      1      1      1
   VALA0105      1      1      1      1      1      1      1      1      1      1      1
   LEUA0106      1      1      1      1      1      1      1      1      1      1      1
   PROA0107      1      1      1      1      1      1      1      1      1      1      1
   TYRA0108      1      1      1      1      1      1      1      2      3      3      3
   META0109      1      1      1      1      1      1      1      1      1      1      1
   LYSA0110      1      1      1      1      1      1      1      2      2      2      2
   HISA0111      1      1      2      2      1      1      1      3      3      3      3
   GLYA0112      0      0      0      0      0      0      0      0      0      0      0
   ASPA0113      1      1      1      1      1      1      1      3      5      5      5
   LEUA0114      1      1      1      1      1      1      1      1      1      1      1
   ARGA0115      1      1      1      1      1      1      1      4      5      5      5
   ASNA0116      1      1      2      2      2      2      2      2      2      2      2
   PHEA0117      1      1      1      1      1      1      1      1      1      1      1
   ILEA0118      1      1      1      1      1      1      1      1      1      1      1
   ARGA0119      1      1      1      1      1      1      1      4      4      4      4
   ASNA0120      1      1      2      2      2      2      1      1      1      1      1
   GLUA0121      1      1      1      1      1      1      1      3      5      5      5
   THRA0122      1      1      1      1      1      1      1      1      3      3      3
   HISA0123      1      1      2      2      2      2      2      6      6      6      6
   ASNA0124      1      1      2      2      2      2      2      2      2      2      2
   PROA0125      1      1      1      1      1      1      1      1      1      1      1
   THRA0126      1      1      1      1      1      1      1      1      2      2      2
   VALA0127      1      1      1      1      1      1      1      1      1      1      1
   LYSA0128      1      1      1      1      1      1      1      2      2      2      2
   ASPA0129      1      1      1      1      1      1      1      3      5      5      5
   LEUA0130      1      1      1      1      1      1      1      1      1      1      1
   ILEA0131      1      1      1      1      1      1      1      1      1      1      1
   GLYA0132      0      0      0      0      0      0      0      0      0      0      0
   PHEA0133      1      1      1      1      1      1      1      1      1      1      1
   GLYA0134      0      0      0      0      0      0      0      0      0      0      0
   LEUA0135      1      1      1      1      1      1      1      1      1      1      1
   GLNA0136      1      1      2      2      2      2      2      2      2      2      2
   VALA0137      1      1      1      1      1      1      1      1      1      1      1
   ALAA0138      1      1      1      1      1      1      1      1      1      1      1
   LYSA0139      1      1      1      1      1      1      1      2      2      2      2
   GLYA0140      0      0      0      0      0      0      0      0      0      0      0
   META0141      1      1      1      1      1      1      1      1      1      1      1
   LYSA0142      1      1      1      1      1      1      1      2      2      2      2
   TYRA0143      1      1      1      1      1      1      1      2      2      2      2
   LEUA0144      1      1      1      1      1      1      1      1      1      1      1
   ALAA0145      1      1      1      1      1      1      1      1      1      1      1
   SERA0146      1      1      1      1      1      1      1      1      2      2      2
   LYSA0147      1      1      1      1      1      1      1      2      2      2      2
   LYSA0148      1      1      1      1      1      1      1      2      2      2      2
   PHEA0149      1      1      1      1      1      1      1      1      1      1      1
   VALA0150      1      1      1      1      1      1      1      1      1      1      1
   HISA0151      1      1      2      2      2      2      2      6      6      6      6
   ARGA0152      1      1      1      1      1      1      1      4      4      4      4
   ASPA0153      1      1      1      1      1      1      1      3      5      5      5
   LEUA0154      1      1      1      1      1      1      1      1      1      1      1
   ALAA0155      1      1      1      1      1      1      1      1      1      1      1
   ALAA0156      1      1      1      1      1      1      1      1      1      1      1
   ARGA0157      1      1      1      1      1      1      1      4      5      5      5
   ASNA0158      1      1      2      2      2      2      2      2      2      2      2
   CYSA0159      1      1      1      1      1      1      1      2      4      4      4
   META0160      1      1      1      1      1      1      1      1      1      1      1
   LEUA0161      1      1      1      1      1      1      1      1      1      1      1
   ASPA0162      1      1      1      1      1      1      1      3      5      5      5
   GLUA0163      1      1      1      1      1      1      1      3      5      5      5
   LYSA0164      1      1      1      1      1      1      1      2      2      2      2
   PHEA0165      1      1      1      1      1      1      1      1      1      1      1
   THRA0166      1      1      1      1      1      1      1      1      2      2      2
   VALA0167      1      1      1      1      1      1      1      1      1      1      1
   LYSA0168      1      1      1      1      1      1      1      2      2      2      2
   VALA0169      1      1      1      1      1      1      1      1      1      1      1
   ALAA0170      1      1      1      1      1      1      1      1      1      1      1
   ASPA0171      1      1      1      1      1      1      1      3      5      5      5
   PHEA0172      1      1      1      1      1      1      1      1      1      1      1
   GLYA0173      0      0      0      0      0      0      0      0      0      0      0
   LEUA0174      1      1      1      1      1      1      1      1      1      1      1
   ALAA0175      1      1      1      1      1      1      1      1      1      1      1
   ARGA0176      1      1      1      1      1      1      1      4      4      4      4
   ASPA0177      1      1      1      1      1      1      1      3      5      5      5
   META0178      1      1      1      1      1      1      1      1      1      1      1
   TYRA0179      1      1      1      1      1      1      1      2      3      3      3
   ASPA0180      1      1      1      1      1      1      1      3      5      5      5
   LYSA0181      1      1      1      1      1      1      1      2      2      2      2
   GLUA0182      1      1      1      1      1      1      1      3      5      5      5
   TYRA0183      1      1      1      1      1      1      1      2      3      3      3
   TYRA0184      1      1      1      1      1      1      1      2      3      3      3
   SERA0185      1      1      1      1      1      1      1      1      2      2      2
   VALA0186      1      1      1      1      1      1      1      1      1      1      1
   HISA0187      1      1      2      2      2      2      1      3      3      3      3
   ASNA0188      1      1      2      2      2      2      2      2      2      2      2
   LYSA0189      1      1      1      1      1      1      1      2      2      2      2
   THRA0190      1      1      1      1      1      1      1      1      3      3      3
   GLYA0191      0      0      0      0      0      0      0      0      0      0      0
   ALAA0192      1      1      1      1      1      1      1      1      1      1      1
   LYSA0193      1      1      1      1      1      1      1      2      2      2      2
   LEUA0194      1      1      1      1      1      1      1      1      1      1      1
   PROA0195      1      1      1      1      1      1      1      1      1      1      1
   VALA0196      1      1      1      1      1      1      1      1      1      1      1
   LYSA0197      1      1      1      1      1      1      1      2      2      2      2
   TRPA0198      1      1      1      1      1      1      1      1      1      1      1
   META0199      1      1      1      1      1      1      1      1      1      1      1
   ALAA0200      1      1      1      1      1      1      1      1      1      1      1
   LEUA0201      1      1      1      1      1      1      1      1      1      1      1
   GLUA0202      1      1      1      1      1      1      1      3      5      5      5
   SERA0203      1      1      1      1      1      1      1      1      3      3      3
   LEUA0204      1      1      1      1      1      1      1      1      1      1      1
   GLNA0205      1      1      2      2      2      2      2      2      2      2      2
   THRA0206      1      1      1      1      1      1      1      1      2      2      1
   GLNA0207      1      1      2      2      2      2      2      2      2      2      2
   LYSA0208      1      1      1      1      1      1      1      2      2      2      2
   PHEA0209      1      1      1      1      1      1      1      1      1      1      1
   THRA0210      1      1      1      1      1      1      1      1      3      3      2
   THRA0211      1      1      1      1      1      1      1      1      2      2      1
   LYSA0212      1      1      1      1      1      1      1      2      2      2      2
   SERA0213      1      1      1      1      1      1      1      1      2      2      2
   ASPA0214      1      1      1      1      1      1      1      3      5      5      5
   VALA0215      1      1      1      1      1      1      1      1      1      1      1
   TRPA0216      1      1      1      1      1      1      1      1      1      1      1
   SERA0217      1      1      1      1      1      1      1      1      2      2      2
   PHEA0218      1      1      1      1      1      1      1      1      1      1      1
   GLYA0219      0      0      0      0      0      0      0      0      0      0      0
   VALA0220      1      1      1      1      1      1      1      1      1      1      1
   LEUA0221      1      1      1      1      1      1      1      1      1      1      1
   LEUA0222      1      1      1      1      1      1      1      1      1      1      1
   TRPA0223      1      1      1      1      1      1      1      1      1      1      1
   GLUA0224      1      1      1      1      1      1      1      3      5      5      5
   LEUA0225      1      1      1      1      1      1      1      1      1      1      1
   META0226      1      1      1      1      1      1      1      1      1      1      1
   THRA0227      1      1      1      1      1      1      1      1      2      2      2
   ARGA0228      1      1      1      1      1      1      1      4      4      4      4
   GLYA0229      0      0      0      0      0      0      0      0      0      0      0
   ALAA0230      1      1      1      1      1      1      1      1      1      1      1
   PROA0231      1      1      1      1      1      1      1      1      1      1      1
   PROA0232      1      1      1      1      1      1      1      1      1      1      1
   TYRA0233      1      1      1      1      1      1      1      2      3      3      2
   PROA0234      1      1      1      1      1      1      1      1      1      1      1
   ASPA0235      1      1      1      1      1      1      1      3      5      5      5
   VALA0236      1      1      1      1      1      1      1      1      1      1      1
   ASNA0237      1      1      2      2      1      1      1      1      1      1      1
   THRA0238      1      1      1      1      1      1      1      1      3      3      3
   PHEA0239      1      1      1      1      1      1      1      1      1      1      1
   ASPA0240      1      1      1      1      1      1      1      3      5      5      5
   ILEA0241      1      1      1      1      1      1      1      1      1      1      1
   THRA0242      1      1      1      1      1      1      1      1      2      2      1
   VALA0243      1      1      1      1      1      1      1      1      1      1      1
   TYRA0244      1      1      1      1      1      1      1      2      3      3      3
   LEUA0245      1      1      1      1      1      1      1      1      1      1      1
   LEUA0246      1      1      1      1      1      1      1      1      1      1      1
   GLNA0247      1      1      2      2      2      2      2      2      2      2      2
   GLYA0248      0      0      0      0      0      0      0      0      0      0      0
   ARGA0249      1      1      1      1      1      1      1      4      5      5      5
   ARGA0250      1      1      1      1      1      1      1      4      5      5      5
   LEUA0251      1      1      1      1      1      1      1      1      1      1      1
   LEUA0252      1      1      1      1      1      1      1      1      1      1      1
   GLNA0253      1      1      2      2      2      2      2      2      2      2      2
   PROA0254      1      1      1      1      1      1      1      1      1      1      1
   GLUA0255      1      1      1      1      1      1      1      3      5      5      5
   TYRA0256      1      1      1      1      1      1      1      2      3      3      2
   CYSA0257      1      1      1      1      1      1      1      2      4      4      4
   PROA0258      1      1      1      1      1      1      1      1      1      1      1
   ASPA0259      1      1      1      1      1      1      1      3      5      5      5
   PROA0260      1      1      1      1      1      1      1      1      1      1      1
   LEUA0261      1      1      1      1      1      1      1      1      1      1      1
   TYRA0262      1      1      1      1      1      1      1      2      3      3      3
   GLUA0263      1      1      1      1      1      1      1      3      5      5      5
   VALA0264      1      1      1      1      1      1      1      1      1      1      1
   META0265      1      1      1      1      1      1      1      1      1      1      1
   LEUA0266      1      1      1      1      1      1      1      1      1      1      1
   LYSA0267      1      1      1      1      1      1      1      2      2      2      2
   CYSA0268      1      1      1      1      1      1      1      2      4      4      4
   TRPA0269      1      1      1      1      1      1      1      1      1      1      1
   HISA0270      1      1      2      2      2      2      2      6      6      6      6
   PROA0271      1      1      1      1      1      1      1      1      1      1      1
   LYSA0272      1      1      1      1      1      1      1      2      2      2      2
   ALAA0273      1      1      1      1      1      1      1      1      1      1      1
   GLUA0274      1      1      1      1      1      1      1      3      5      5      5
   META0275      1      1      1      1      1      1      1      1      1      1      1
   ARGA0276      1      1      1      1      1      1      1      4      6      6      6
   PROA0277      1      1      1      1      1      1      1      1      1      1      1
   SERA0278      1      1      1      1      1      1      1      1      3      3      3
   PHEA0279      1      1      1      1      1      1      1      1      1      1      1
   SERA0280      1      1      1      1      1      1      1      1      2      2      2
   GLUA0281      1      1      1      1      1      1      1      3      5      5      5
   LEUA0282      1      1      1      1      1      1      1      1      1      1      1
   VALA0283      1      1      1      1      1      1      1      1      1      1      1
   SERA0284      1      1      1      1      1      1      1      1      2      2      2
   ARGA0285      1      1      1      1      1      1      1      4      4      4      4
   ILEA0286      1      1      1      1      1      1      1      1      1      1      1
   SERA0287      1      1      1      1      1      1      1      1      1      1      1
   ALAA0288      1      1      1      1      1      1      1      1      1      1      1
   ILEA0289      1      1      1      1      1      1      1      1      1      1      1
   PHEA0290      1      1      1      1      1      1      1      1      1      1      1
   SERA0291      1      1      1      1      1      1      1      1      2      2      2
   THRA0292      1      1      1      1      1      1      1      1      2      2      2
   PHEA0293      1      1      1      1      1      1      1      1      1      1      1
   ILEA0294      1      1      1      1      1      1      1      1      1      1      1
   VGHB0001      1      1      1      1      1      1      2      6      6      6      6
   Total       276    276    307    307    304    304    301    480    605    605    596
