 ph              7.4   7.4   7.4   7.4   7.4
SER01A0002_001 0.645 0.643 0.642 0.644 0.644
SER01A0002_002 0.355 0.357 0.358 0.356 0.356
PRO01A0003_001 1.000 1.000 1.000 1.000 1.000
ASN01A0004_001 0.000 0.000 0.000 0.000 0.000
ASN01A0004_002 1.000 1.000 1.000 1.000 1.000
TYR01A0005_001 0.999 1.000 1.000 1.000 0.999
TYR-1A0005_002 0.001 0.000 0.000 0.000 0.001
ASP01A0006_001 0.000 0.000 0.000 0.000 0.000
ASP01A0006_002 0.000 0.000 0.000 0.000 0.000
ASP02A0006_003 0.000 0.000 0.000 0.000 0.000
ASP02A0006_004 0.000 0.000 0.000 0.000 0.000
ASP-1A0006_005 1.000 1.000 1.000 1.000 1.000
LYS01A0007_001 0.001 0.001 0.000 0.000 0.000
LYS+1A0007_002 0.999 0.999 1.000 1.000 1.000
TRP01A0008_001 1.000 1.000 1.000 1.000 1.000
GLU01A0009_001 0.000 0.000 0.000 0.000 0.000
GLU01A0009_002 0.000 0.000 0.000 0.000 0.000
GLU02A0009_003 0.000 0.000 0.000 0.000 0.000
GLU02A0009_004 0.002 0.002 0.002 0.002 0.002
GLU-1A0009_005 0.998 0.998 0.998 0.998 0.998
MET01A0010_001 1.000 1.000 1.000 1.000 1.000
GLU01A0011_001 0.000 0.000 0.000 0.000 0.000
GLU01A0011_002 0.000 0.000 0.000 0.000 0.000
GLU02A0011_003 0.000 0.000 0.000 0.000 0.000
GLU02A0011_004 0.000 0.000 0.000 0.000 0.000
GLU-1A0011_005 1.000 1.000 1.000 1.000 1.000
ARG01A0012_001 0.000 0.000 0.000 0.000 0.000
ARG02A0012_002 0.000 0.000 0.000 0.000 0.000
ARG02A0012_003 0.000 0.000 0.000 0.000 0.000
ARG03A0012_004 0.000 0.000 0.000 0.000 0.000
ARG03A0012_005 0.000 0.000 0.000 0.000 0.000
ARG+1A0012_006 1.000 1.000 1.000 1.000 1.000
THR01A0013_001 0.050 0.051 0.051 0.051 0.050
THR01A0013_002 0.950 0.949 0.949 0.949 0.950
ASP01A0014_001 0.000 0.000 0.000 0.000 0.000
ASP01A0014_002 0.002 0.002 0.002 0.003 0.001
ASP02A0014_003 0.000 0.000 0.000 0.000 0.000
ASP02A0014_004 0.001 0.001 0.002 0.000 0.002
ASP-1A0014_005 0.997 0.997 0.997 0.997 0.997
ILE01A0015_001 1.000 1.000 1.000 1.000 1.000
THR01A0016_001 0.000 0.000 0.000 0.000 0.000
THR01A0016_002 0.000 0.000 0.000 0.000 0.000
THR01A0016_003 1.000 1.000 1.000 1.000 1.000
MET01A0017_001 1.000 1.000 1.000 1.000 1.000
LYS01A0018_001 0.000 0.000 0.000 0.000 0.000
LYS+1A0018_002 1.000 1.000 1.000 1.000 1.000
HIS01A0019_001 0.132 0.133 0.133 0.132 0.131
HIS01A0019_002 0.512 0.512 0.513 0.513 0.514
HIS02A0019_003 0.033 0.033 0.033 0.033 0.033
HIS02A0019_004 0.072 0.071 0.072 0.072 0.073
HIS+1A0019_005 0.149 0.148 0.148 0.149 0.147
HIS+1A0019_006 0.101 0.102 0.101 0.101 0.101
LYS01A0020_001 0.000 0.000 0.000 0.000 0.000
LYS+1A0020_002 1.000 1.000 1.000 1.000 1.000
LEU01A0021_001 1.000 1.000 1.000 1.000 1.000
GLN01A0025_001 0.450 0.450 0.449 0.451 0.450
GLN01A0025_002 0.550 0.550 0.551 0.549 0.550
TYR01A0026_001 0.994 0.993 0.994 0.993 0.994
TYR01A0026_002 0.006 0.007 0.006 0.007 0.006
TYR-1A0026_003 0.000 0.000 0.000 0.000 0.000
GLU01A0028_001 0.000 0.000 0.000 0.000 0.000
GLU01A0028_002 0.000 0.000 0.000 0.000 0.000
GLU02A0028_003 0.000 0.000 0.000 0.000 0.000
GLU02A0028_004 0.000 0.000 0.000 0.000 0.000
GLU-1A0028_005 1.000 1.000 1.000 1.000 1.000
VAL01A0029_001 1.000 1.000 1.000 1.000 1.000
TYR01A0030_001 0.998 0.998 0.998 0.998 0.998
TYR01A0030_002 0.002 0.002 0.002 0.002 0.002
TYR-1A0030_003 0.000 0.000 0.000 0.000 0.000
GLU01A0031_001 0.000 0.000 0.000 0.000 0.000
GLU01A0031_002 0.011 0.011 0.011 0.011 0.011
GLU02A0031_003 0.000 0.000 0.000 0.000 0.000
GLU02A0031_004 0.005 0.005 0.005 0.005 0.005
GLU-1A0031_005 0.984 0.984 0.984 0.984 0.985
VAL01A0033_001 1.000 1.000 1.000 1.000 1.000
TRP01A0034_001 1.000 1.000 1.000 1.000 1.000
LYS01A0035_001 0.000 0.000 0.000 0.001 0.001
LYS+1A0035_002 1.000 1.000 1.000 0.999 0.999
LYS01A0036_001 0.000 0.000 0.000 0.000 0.000
LYS+1A0036_002 1.000 1.000 1.000 1.000 1.000
TYR01A0037_001 0.493 0.491 0.492 0.492 0.492
TYR01A0037_002 0.503 0.505 0.505 0.505 0.504
TYR-1A0037_003 0.004 0.004 0.004 0.003 0.004
SER01A0038_001 1.000 1.000 1.000 1.000 1.000
LEU01A0039_001 1.000 1.000 1.000 1.000 1.000
THR01A0040_001 1.000 1.000 1.000 1.000 1.000
VAL01A0041_001 1.000 1.000 1.000 1.000 1.000
ALA01A0042_001 1.000 1.000 1.000 1.000 1.000
VAL01A0043_001 1.000 1.000 1.000 1.000 1.000
LYS01A0044_001 0.000 0.000 0.000 0.000 0.000
LYS+1A0044_002 1.000 1.000 1.000 1.000 1.000
THR01A0045_001 0.148 0.147 0.148 0.147 0.147
THR01A0045_002 0.852 0.853 0.852 0.853 0.853
LEU01A0046_001 1.000 1.000 1.000 1.000 1.000
LYS01A0047_001 0.000 0.000 0.000 0.000 0.000
LYS+1A0047_002 1.000 1.000 1.000 1.000 1.000
GLU01A0048_001 0.000 0.000 0.000 0.000 0.000
GLU01A0048_002 0.002 0.002 0.000 0.000 0.002
GLU02A0048_003 0.000 0.000 0.000 0.000 0.000
GLU02A0048_004 0.000 0.000 0.000 0.000 0.000
GLU-1A0048_005 0.998 0.998 1.000 1.000 0.998
ASP01A0049_001 0.000 0.000 0.000 0.000 0.000
ASP01A0049_002 0.000 0.000 0.000 0.000 0.000
ASP02A0049_003 0.000 0.000 0.000 0.000 0.000
ASP02A0049_004 0.000 0.003 0.003 0.002 0.003
ASP-1A0049_005 1.000 0.997 0.997 0.998 0.997
THR01A0050_001 0.190 0.191 0.190 0.190 0.190
THR01A0050_002 0.243 0.244 0.243 0.243 0.242
THR01A0050_003 0.568 0.566 0.567 0.567 0.568
MET01A0051_001 1.000 1.000 1.000 1.000 1.000
GLU01A0052_001 0.000 0.000 0.000 0.000 0.000
GLU01A0052_002 0.003 0.003 0.004 0.003 0.003
GLU02A0052_003 0.000 0.000 0.000 0.000 0.000
GLU02A0052_004 0.000 0.000 0.000 0.000 0.000
GLU-1A0052_005 0.997 0.997 0.996 0.997 0.997
VAL01A0053_001 1.000 1.000 1.000 1.000 1.000
GLU01A0054_001 0.000 0.000 0.000 0.000 0.000
GLU01A0054_002 0.007 0.007 0.007 0.006 0.007
GLU02A0054_003 0.000 0.000 0.000 0.000 0.000
GLU02A0054_004 0.000 0.000 0.000 0.000 0.000
GLU-1A0054_005 0.993 0.993 0.993 0.993 0.993
GLU01A0055_001 0.000 0.000 0.000 0.000 0.000
GLU01A0055_002 0.000 0.000 0.000 0.000 0.000
GLU02A0055_003 0.000 0.000 0.000 0.000 0.000
GLU02A0055_004 0.001 0.000 0.000 0.000 0.001
GLU-1A0055_005 0.999 1.000 1.000 1.000 0.999
PHE01A0056_001 1.000 1.000 1.000 1.000 1.000
LEU01A0057_001 1.000 1.000 1.000 1.000 1.000
LYS01A0058_001 0.000 0.000 0.000 0.000 0.000
LYS+1A0058_002 1.000 1.000 1.000 1.000 1.000
GLU01A0059_001 0.000 0.000 0.000 0.000 0.000
GLU01A0059_002 0.000 0.000 0.000 0.000 0.000
GLU02A0059_003 0.000 0.000 0.000 0.000 0.000
GLU02A0059_004 0.000 0.000 0.000 0.000 0.000
GLU-1A0059_005 1.000 1.000 1.000 1.000 1.000
ALA01A0060_001 1.000 1.000 1.000 1.000 1.000
ALA01A0061_001 1.000 1.000 1.000 1.000 1.000
VAL01A0062_001 1.000 1.000 1.000 1.000 1.000
MET01A0063_001 1.000 1.000 1.000 1.000 1.000
LYS01A0064_001 0.000 0.000 0.000 0.000 0.000
LYS+1A0064_002 1.000 1.000 1.000 1.000 1.000
GLU01A0065_001 0.000 0.000 0.000 0.000 0.000
GLU01A0065_002 0.000 0.000 0.000 0.000 0.000
GLU02A0065_003 0.000 0.000 0.000 0.000 0.000
GLU02A0065_004 0.000 0.000 0.000 0.000 0.000
GLU-1A0065_005 1.000 1.000 1.000 1.000 1.000
ILE01A0066_001 1.000 1.000 1.000 1.000 1.000
LYS01A0067_001 0.005 0.005 0.005 0.005 0.005
LYS+1A0067_002 0.995 0.995 0.995 0.995 0.995
HIS01A0068_001 1.000 1.000 1.000 1.000 1.000
HIS01A0068_002 0.000 0.000 0.000 0.000 0.000
HIS02A0068_003 0.000 0.000 0.000 0.000 0.000
HIS02A0068_004 0.000 0.000 0.000 0.000 0.000
HIS+1A0068_005 0.000 0.000 0.000 0.000 0.000
HIS+1A0068_006 0.000 0.000 0.000 0.000 0.000
PRO01A0069_001 1.000 1.000 1.000 1.000 1.000
ASN01A0070_001 0.997 0.997 0.998 0.997 0.997
ASN01A0070_002 0.003 0.003 0.002 0.003 0.003
LEU01A0071_001 1.000 1.000 1.000 1.000 1.000
VAL01A0072_001 1.000 1.000 1.000 1.000 1.000
GLN01A0073_001 0.876 0.874 0.875 0.873 0.875
GLN01A0073_002 0.124 0.126 0.125 0.127 0.125
LEU01A0074_001 1.000 1.000 1.000 1.000 1.000
LEU01A0075_001 1.000 1.000 1.000 1.000 1.000
VAL01A0077_001 1.000 1.000 1.000 1.000 1.000
CYS01A0078_001 0.779 0.780 0.778 0.779 0.778
CYS01A0078_002 0.106 0.105 0.106 0.106 0.106
CYS01A0078_003 0.115 0.115 0.116 0.115 0.116
CYS-1A0078_004 0.000 0.000 0.000 0.000 0.000
THR01A0079_001 0.937 0.937 0.936 0.937 0.937
THR01A0079_002 0.040 0.040 0.040 0.040 0.040
THR01A0079_003 0.023 0.024 0.023 0.023 0.023
ARG01A0080_001 0.000 0.000 0.000 0.000 0.000
ARG02A0080_002 0.000 0.000 0.000 0.000 0.000
ARG03A0080_003 0.000 0.000 0.000 0.000 0.000
ARG+1A0080_004 1.000 1.000 1.000 1.000 1.000
GLU01A0081_001 0.000 0.000 0.000 0.000 0.000
GLU01A0081_002 0.000 0.000 0.000 0.000 0.000
GLU02A0081_003 0.000 0.000 0.000 0.000 0.000
GLU02A0081_004 0.000 0.000 0.000 0.000 0.000
GLU-1A0081_005 1.000 1.000 1.000 1.000 1.000
PRO01A0082_001 1.000 1.000 1.000 1.000 1.000
PRO01A0083_001 1.000 1.000 1.000 1.000 1.000
PHE01A0084_001 1.000 1.000 1.000 1.000 1.000
TYR01A0085_001 1.000 1.000 1.000 1.000 1.000
TYR-1A0085_002 0.000 0.000 0.000 0.000 0.000
ILE01A0086_001 1.000 1.000 1.000 1.000 1.000
ILE01A0087_001 1.000 1.000 1.000 1.000 1.000
ILE01A0088_001 1.000 1.000 1.000 1.000 1.000
GLU01A0089_001 0.000 0.000 0.000 0.000 0.000
GLU01A0089_002 0.000 0.000 0.000 0.000 0.000
GLU02A0089_003 0.000 0.000 0.000 0.000 0.000
GLU02A0089_004 0.000 0.000 0.000 0.000 0.000
GLU-1A0089_005 1.000 1.000 1.000 1.000 1.000
PHE01A0090_001 1.000 1.000 1.000 1.000 1.000
MET01A0091_001 1.000 1.000 1.000 1.000 1.000
THR01A0092_001 0.003 0.003 0.003 0.004 0.003
THR01A0092_002 0.002 0.002 0.002 0.002 0.002
THR01A0092_003 0.995 0.994 0.995 0.994 0.994
TYR01A0093_001 0.708 0.709 0.707 0.708 0.708
TYR01A0093_002 0.292 0.291 0.293 0.292 0.292
TYR-1A0093_003 0.000 0.000 0.000 0.000 0.000
ASN01A0095_001 1.000 1.000 1.000 1.000 1.000
ASN01A0095_002 0.000 0.000 0.000 0.000 0.000
LEU01A0096_001 1.000 1.000 1.000 1.000 1.000
LEU01A0097_001 1.000 1.000 1.000 1.000 1.000
ASP01A0098_001 0.000 0.000 0.000 0.000 0.000
ASP01A0098_002 0.000 0.000 0.000 0.000 0.000
ASP02A0098_003 0.000 0.000 0.000 0.000 0.000
ASP02A0098_004 0.000 0.000 0.000 0.000 0.000
ASP-1A0098_005 1.000 1.000 1.000 1.000 1.000
TYR01A0099_001 0.626 0.618 0.623 0.624 0.627
TYR01A0099_002 0.374 0.382 0.377 0.376 0.373
TYR-1A0099_003 0.000 0.000 0.000 0.000 0.000
LEU01A0100_001 1.000 1.000 1.000 1.000 1.000
ARG01A0101_001 0.000 0.000 0.000 0.000 0.000
ARG02A0101_002 0.000 0.000 0.000 0.000 0.000
ARG03A0101_003 0.000 0.000 0.000 0.000 0.000
ARG+1A0101_004 1.000 1.000 1.000 1.000 1.000
GLU01A0102_001 0.000 0.000 0.000 0.000 0.000
GLU01A0102_002 0.005 0.005 0.005 0.005 0.005
GLU02A0102_003 0.000 0.000 0.000 0.000 0.000
GLU02A0102_004 0.011 0.011 0.011 0.011 0.011
GLU-1A0102_005 0.984 0.984 0.984 0.984 0.985
CYS01A0103_001 0.778 0.778 0.778 0.778 0.777
CYS01A0103_002 0.075 0.076 0.075 0.075 0.076
CYS01A0103_003 0.147 0.146 0.147 0.147 0.148
CYS-1A0103_004 0.000 0.000 0.000 0.000 0.000
ASN01A0104_001 1.000 1.000 1.000 1.000 1.000
ARG01A0105_001 0.000 0.000 0.000 0.000 0.000
ARG02A0105_002 0.000 0.000 0.000 0.000 0.000
ARG03A0105_003 0.000 0.000 0.000 0.000 0.000
ARG+1A0105_004 1.000 1.000 1.000 1.000 1.000
GLN01A0106_001 0.035 0.035 0.035 0.036 0.035
GLN01A0106_002 0.965 0.965 0.965 0.964 0.965
GLU01A0107_001 0.000 0.000 0.000 0.000 0.000
GLU01A0107_002 0.000 0.000 0.000 0.000 0.000
GLU02A0107_003 0.000 0.000 0.000 0.000 0.000
GLU02A0107_004 0.000 0.000 0.002 0.000 0.000
GLU-1A0107_005 1.000 1.000 0.998 1.000 1.000
VAL01A0108_001 1.000 1.000 1.000 1.000 1.000
SER01A0109_001 0.014 0.014 0.014 0.014 0.014
SER01A0109_002 0.986 0.986 0.986 0.986 0.986
ALA01A0110_001 1.000 1.000 1.000 1.000 1.000
VAL01A0111_001 1.000 1.000 1.000 1.000 1.000
VAL01A0112_001 1.000 1.000 1.000 1.000 1.000
LEU01A0113_001 1.000 1.000 1.000 1.000 1.000
LEU01A0114_001 1.000 1.000 1.000 1.000 1.000
TYR01A0115_001 0.432 0.433 0.433 0.431 0.432
TYR01A0115_002 0.567 0.567 0.567 0.569 0.568
TYR-1A0115_003 0.000 0.000 0.000 0.000 0.000
MET01A0116_001 1.000 1.000 1.000 1.000 1.000
ALA01A0117_001 1.000 1.000 1.000 1.000 1.000
THR01A0118_001 0.023 0.022 0.023 0.023 0.023
THR01A0118_002 0.977 0.978 0.977 0.977 0.977
GLN01A0119_001 1.000 1.000 1.000 1.000 1.000
GLN01A0119_002 0.000 0.000 0.000 0.000 0.000
ILE01A0120_001 1.000 1.000 1.000 1.000 1.000
SER01A0121_001 0.980 0.980 0.981 0.981 0.980
SER01A0121_002 0.020 0.020 0.019 0.019 0.020
SER01A0122_001 0.012 0.012 0.012 0.012 0.012
SER01A0122_002 0.988 0.988 0.988 0.988 0.988
ALA01A0123_001 1.000 1.000 1.000 1.000 1.000
MET01A0124_001 1.000 1.000 1.000 1.000 1.000
GLU01A0125_001 0.000 0.000 0.000 0.000 0.000
GLU01A0125_002 0.004 0.004 0.003 0.004 0.004
GLU02A0125_003 0.000 0.000 0.000 0.000 0.000
GLU02A0125_004 0.002 0.002 0.002 0.002 0.003
GLU-1A0125_005 0.994 0.994 0.994 0.994 0.993
TYR01A0126_001 0.989 0.988 0.989 0.989 0.989
TYR01A0126_002 0.011 0.012 0.011 0.011 0.011
TYR-1A0126_003 0.000 0.000 0.000 0.000 0.000
LEU01A0127_001 1.000 1.000 1.000 1.000 1.000
GLU01A0128_001 0.000 0.000 0.000 0.000 0.000
GLU01A0128_002 0.000 0.000 0.000 0.000 0.000
GLU02A0128_003 0.000 0.000 0.000 0.000 0.000
GLU02A0128_004 0.000 0.000 0.000 0.000 0.000
GLU-1A0128_005 1.000 1.000 1.000 1.000 1.000
LYS01A0129_001 0.000 0.000 0.000 0.000 0.000
LYS+1A0129_002 1.000 1.000 1.000 1.000 1.000
LYS01A0130_001 0.000 0.000 0.001 0.000 0.001
LYS+1A0130_002 1.000 1.000 0.999 1.000 0.999
ASN01A0131_001 0.387 0.387 0.389 0.387 0.387
ASN01A0131_002 0.613 0.613 0.611 0.613 0.613
PHE01A0132_001 1.000 1.000 1.000 1.000 1.000
ILE01A0133_001 1.000 1.000 1.000 1.000 1.000
HIS01A0134_001 1.000 1.000 1.000 1.000 1.000
HIS02A0134_002 0.000 0.000 0.000 0.000 0.000
HIS+1A0134_003 0.000 0.000 0.000 0.000 0.000
ARG01A0135_001 0.000 0.000 0.000 0.000 0.000
ARG02A0135_002 0.000 0.000 0.000 0.000 0.000
ARG03A0135_003 0.000 0.000 0.000 0.000 0.000
ARG+1A0135_004 1.000 1.000 1.000 1.000 1.000
ASP01A0136_001 0.000 0.000 0.000 0.000 0.000
ASP01A0136_002 0.000 0.000 0.000 0.000 0.000
ASP02A0136_003 0.000 0.000 0.000 0.000 0.000
ASP02A0136_004 0.000 0.000 0.000 0.000 0.000
ASP-1A0136_005 1.000 1.000 1.000 1.000 1.000
LEU01A0137_001 1.000 1.000 1.000 1.000 1.000
ALA01A0138_001 1.000 1.000 1.000 1.000 1.000
ALA01A0139_001 1.000 1.000 1.000 1.000 1.000
ARG01A0140_001 0.000 0.000 0.000 0.000 0.000
ARG02A0140_002 0.000 0.000 0.000 0.000 0.000
ARG03A0140_003 0.000 0.000 0.000 0.000 0.000
ARG03A0140_004 0.000 0.000 0.000 0.000 0.000
ARG+1A0140_005 1.000 1.000 1.000 1.000 1.000
ASN01A0141_001 1.000 1.000 1.000 1.000 1.000
ASN01A0141_002 0.000 0.000 0.000 0.000 0.000
CYS01A0142_001 0.183 0.183 0.183 0.183 0.183
CYS01A0142_002 0.653 0.654 0.654 0.654 0.653
CYS01A0142_003 0.165 0.164 0.164 0.164 0.164
CYS-1A0142_004 0.000 0.000 0.000 0.000 0.000
LEU01A0143_001 1.000 1.000 1.000 1.000 1.000
VAL01A0144_001 1.000 1.000 1.000 1.000 1.000
GLU01A0146_001 0.000 0.000 0.000 0.000 0.000
GLU01A0146_002 0.000 0.000 0.000 0.000 0.000
GLU02A0146_003 0.000 0.000 0.000 0.000 0.000
GLU02A0146_004 0.000 0.000 0.000 0.000 0.000
GLU-1A0146_005 1.000 1.000 1.000 1.000 1.000
ASN01A0147_001 0.634 0.633 0.632 0.633 0.632
ASN01A0147_002 0.366 0.367 0.368 0.367 0.368
HIS01A0148_001 0.000 0.000 0.000 0.000 0.000
HIS01A0148_002 0.396 0.404 0.398 0.397 0.395
HIS02A0148_003 0.000 0.000 0.000 0.000 0.000
HIS02A0148_004 0.381 0.375 0.379 0.379 0.381
HIS+1A0148_005 0.000 0.000 0.000 0.000 0.000
HIS+1A0148_006 0.224 0.221 0.223 0.224 0.224
LEU01A0149_001 1.000 1.000 1.000 1.000 1.000
VAL01A0150_001 1.000 1.000 1.000 1.000 1.000
LYS01A0151_001 0.000 0.000 0.000 0.000 0.000
LYS+1A0151_002 1.000 1.000 1.000 1.000 1.000
VAL01A0152_001 1.000 1.000 1.000 1.000 1.000
ALA01A0153_001 1.000 1.000 1.000 1.000 1.000
ASP01A0154_001 0.000 0.000 0.000 0.000 0.000
ASP01A0154_002 0.003 0.003 0.003 0.003 0.003
ASP02A0154_003 0.000 0.000 0.000 0.000 0.000
ASP02A0154_004 0.013 0.012 0.012 0.012 0.013
ASP-1A0154_005 0.984 0.985 0.984 0.984 0.984
PHE01A0155_001 1.000 1.000 1.000 1.000 1.000
LEU01A0157_001 1.000 1.000 1.000 1.000 1.000
SER01A0158_001 0.141 0.142 0.142 0.141 0.142
SER01A0158_002 0.859 0.858 0.858 0.859 0.858
ARG01A0159_001 0.000 0.000 0.000 0.000 0.000
ARG02A0159_002 0.000 0.000 0.000 0.000 0.000
ARG03A0159_003 0.000 0.000 0.000 0.000 0.000
ARG+1A0159_004 1.000 1.000 1.000 1.000 1.000
LEU01A0160_001 1.000 1.000 1.000 1.000 1.000
MET01A0161_001 1.000 1.000 1.000 1.000 1.000
THR01A0162_001 1.000 1.000 1.000 1.000 1.000
ASP01A0164_001 0.000 0.000 0.000 0.000 0.000
ASP01A0164_002 0.000 0.000 0.000 0.000 0.000
ASP02A0164_003 0.000 0.000 0.000 0.000 0.000
ASP02A0164_004 0.000 0.000 0.000 0.000 0.000
ASP-1A0164_005 1.000 1.000 1.000 1.000 1.000
THR01A0165_001 0.847 0.847 0.847 0.849 0.847
THR01A0165_002 0.153 0.153 0.153 0.151 0.153
TYR01A0166_001 0.000 0.000 0.000 0.000 0.000
TYR01A0166_002 1.000 1.000 1.000 1.000 1.000
TYR-1A0166_003 0.000 0.000 0.000 0.000 0.000
THR01A0167_001 0.029 0.029 0.029 0.029 0.029
THR01A0167_002 0.971 0.971 0.971 0.971 0.971
ALA01A0168_001 1.000 1.000 1.000 1.000 1.000
HIS01A0169_001 0.003 0.003 0.003 0.003 0.003
HIS01A0169_002 0.691 0.692 0.694 0.694 0.691
HIS02A0169_003 0.043 0.044 0.044 0.044 0.044
HIS02A0169_004 0.113 0.113 0.112 0.112 0.113
HIS+1A0169_005 0.002 0.002 0.002 0.002 0.002
HIS+1A0169_006 0.147 0.145 0.145 0.145 0.147
ALA01A0170_001 1.000 1.000 1.000 1.000 1.000
ALA01A0172_001 1.000 1.000 1.000 1.000 1.000
LYS01A0173_001 0.007 0.007 0.007 0.008 0.007
LYS+1A0173_002 0.993 0.993 0.993 0.992 0.993
PHE01A0174_001 1.000 1.000 1.000 1.000 1.000
PRO01A0175_001 1.000 1.000 1.000 1.000 1.000
ILE01A0176_001 1.000 1.000 1.000 1.000 1.000
LYS01A0177_001 0.013 0.013 0.013 0.013 0.013
LYS+1A0177_002 0.987 0.987 0.987 0.987 0.987
TRP01A0178_001 1.000 1.000 1.000 1.000 1.000
THR01A0179_001 0.362 0.363 0.361 0.362 0.364
THR01A0179_002 0.638 0.637 0.639 0.638 0.636
ALA01A0180_001 1.000 1.000 1.000 1.000 1.000
PRO01A0181_001 1.000 1.000 1.000 1.000 1.000
GLU01A0182_001 0.000 0.000 0.000 0.000 0.000
GLU01A0182_002 0.000 0.000 0.000 0.000 0.000
GLU02A0182_003 0.000 0.000 0.000 0.000 0.000
GLU02A0182_004 0.000 0.000 0.000 0.000 0.000
GLU-1A0182_005 1.000 1.000 1.000 1.000 1.000
SER01A0183_001 0.844 0.846 0.843 0.844 0.845
SER01A0183_002 0.029 0.029 0.029 0.029 0.029
SER01A0183_003 0.127 0.125 0.128 0.127 0.126
LEU01A0184_001 1.000 1.000 1.000 1.000 1.000
ALA01A0185_001 1.000 1.000 1.000 1.000 1.000
TYR01A0186_001 1.000 1.000 1.000 1.000 1.000
TYR-1A0186_002 0.000 0.000 0.000 0.000 0.000
ASN01A0187_001 0.000 0.000 0.000 0.000 0.000
ASN01A0187_002 1.000 1.000 1.000 1.000 1.000
LYS01A0188_001 0.000 0.000 0.000 0.000 0.000
LYS+1A0188_002 1.000 1.000 1.000 1.000 1.000
PHE01A0189_001 1.000 1.000 1.000 1.000 1.000
SER01A0190_001 1.000 1.000 1.000 1.000 1.000
SER01A0190_002 0.000 0.000 0.000 0.000 0.000
ILE01A0191_001 1.000 1.000 1.000 1.000 1.000
LYS01A0192_001 0.000 0.000 0.000 0.000 0.000
LYS+1A0192_002 1.000 1.000 1.000 1.000 1.000
SER01A0193_001 0.000 0.000 0.000 0.000 0.000
SER01A0193_002 1.000 1.000 1.000 1.000 1.000
ASP01A0194_001 0.000 0.000 0.000 0.000 0.000
ASP01A0194_002 0.000 0.000 0.000 0.000 0.000
ASP02A0194_003 0.000 0.000 0.000 0.000 0.000
ASP02A0194_004 0.000 0.000 0.000 0.000 0.000
ASP-1A0194_005 1.000 1.000 1.000 1.000 1.000
VAL01A0195_001 1.000 1.000 1.000 1.000 1.000
TRP01A0196_001 1.000 1.000 1.000 1.000 1.000
ALA01A0197_001 1.000 1.000 1.000 1.000 1.000
PHE01A0198_001 1.000 1.000 1.000 1.000 1.000
VAL01A0200_001 1.000 1.000 1.000 1.000 1.000
LEU01A0201_001 1.000 1.000 1.000 1.000 1.000
LEU01A0202_001 1.000 1.000 1.000 1.000 1.000
TRP01A0203_001 1.000 1.000 1.000 1.000 1.000
GLU01A0204_001 0.000 0.000 0.000 0.000 0.000
GLU01A0204_002 0.001 0.000 0.000 0.000 0.000
GLU02A0204_003 0.000 0.000 0.000 0.000 0.000
GLU02A0204_004 0.000 0.000 0.000 0.000 0.000
GLU-1A0204_005 0.999 1.000 1.000 1.000 1.000
ILE01A0205_001 1.000 1.000 1.000 1.000 1.000
ALA01A0206_001 1.000 1.000 1.000 1.000 1.000
THR01A0207_001 0.999 1.000 1.000 1.000 1.000
THR01A0207_002 0.001 0.000 0.000 0.000 0.000
TYR01A0208_001 0.998 0.998 0.998 0.998 0.998
TYR01A0208_002 0.002 0.002 0.002 0.002 0.002
TYR-1A0208_003 0.000 0.000 0.000 0.000 0.000
MET01A0210_001 1.000 1.000 1.000 1.000 1.000
SER01A0211_001 1.000 1.000 1.000 1.000 1.000
PRO01A0212_001 1.000 1.000 1.000 1.000 1.000
TYR01A0213_001 0.969 0.970 0.970 0.970 0.970
TYR01A0213_002 0.031 0.030 0.030 0.030 0.030
TYR-1A0213_003 0.000 0.000 0.000 0.000 0.000
PRO01A0214_001 1.000 1.000 1.000 1.000 1.000
ILE01A0216_001 1.000 1.000 1.000 1.000 1.000
ASP01A0217_001 0.000 0.000 0.000 0.000 0.000
ASP01A0217_002 0.000 0.000 0.000 0.000 0.000
ASP02A0217_003 0.000 0.000 0.000 0.000 0.000
ASP02A0217_004 0.000 0.000 0.000 0.000 0.000
ASP-1A0217_005 1.000 1.000 1.000 1.000 1.000
LEU01A0218_001 1.000 1.000 1.000 1.000 1.000
SER01A0219_001 0.596 0.593 0.595 0.597 0.594
SER01A0219_002 0.234 0.237 0.236 0.234 0.237
SER01A0219_003 0.170 0.171 0.169 0.169 0.170
GLN01A0220_001 0.631 0.631 0.633 0.632 0.634
GLN01A0220_002 0.369 0.369 0.367 0.368 0.366
VAL01A0221_001 1.000 1.000 1.000 1.000 1.000
TYR01A0222_001 0.298 0.298 0.298 0.298 0.298
TYR01A0222_002 0.702 0.702 0.702 0.702 0.702
TYR-1A0222_003 0.000 0.000 0.000 0.000 0.000
GLU01A0223_001 0.000 0.000 0.000 0.000 0.000
GLU01A0223_002 0.000 0.001 0.002 0.000 0.002
GLU02A0223_003 0.000 0.000 0.000 0.000 0.000
GLU02A0223_004 0.003 0.002 0.002 0.003 0.002
GLU-1A0223_005 0.997 0.997 0.997 0.997 0.997
LEU01A0224_001 1.000 1.000 1.000 1.000 1.000
LEU01A0225_001 1.000 1.000 1.000 1.000 1.000
GLU01A0226_001 0.000 0.000 0.000 0.000 0.000
GLU01A0226_002 0.002 0.002 0.002 0.002 0.002
GLU02A0226_003 0.000 0.000 0.000 0.000 0.000
GLU02A0226_004 0.004 0.004 0.004 0.004 0.004
GLU-1A0226_005 0.994 0.994 0.994 0.994 0.994
LYS01A0227_001 0.000 0.000 0.000 0.000 0.000
LYS+1A0227_002 1.000 1.000 1.000 1.000 1.000
ASP01A0228_001 0.000 0.000 0.000 0.000 0.000
ASP01A0228_002 0.000 0.000 0.000 0.000 0.000
ASP02A0228_003 0.000 0.000 0.000 0.000 0.000
ASP02A0228_004 0.000 0.000 0.000 0.000 0.000
ASP-1A0228_005 1.000 1.000 1.000 1.000 1.000
TYR01A0229_001 1.000 1.000 1.000 1.000 1.000
TYR-1A0229_002 0.000 0.000 0.000 0.000 0.000
ARG01A0230_001 0.000 0.000 0.000 0.000 0.000
ARG02A0230_002 0.000 0.000 0.000 0.000 0.000
ARG02A0230_003 0.000 0.000 0.000 0.000 0.000
ARG03A0230_004 0.000 0.000 0.000 0.000 0.000
ARG+1A0230_005 1.000 1.000 1.000 1.000 1.000
MET01A0231_001 1.000 1.000 1.000 1.000 1.000
GLU01A0232_001 0.000 0.000 0.000 0.000 0.000
GLU01A0232_002 0.000 0.000 0.000 0.000 0.000
GLU02A0232_003 0.000 0.000 0.000 0.000 0.000
GLU02A0232_004 0.000 0.000 0.000 0.000 0.000
GLU-1A0232_005 1.000 1.000 1.000 1.000 1.000
ARG01A0233_001 0.000 0.000 0.000 0.000 0.000
ARG02A0233_002 0.000 0.000 0.000 0.000 0.000
ARG03A0233_003 0.000 0.000 0.000 0.000 0.000
ARG+1A0233_004 1.000 1.000 1.000 1.000 1.000
PRO01A0234_001 1.000 1.000 1.000 1.000 1.000
GLU01A0235_001 0.000 0.000 0.000 0.000 0.000
GLU01A0235_002 0.000 0.000 0.000 0.000 0.000
GLU02A0235_003 0.000 0.000 0.000 0.000 0.000
GLU02A0235_004 0.000 0.000 0.000 0.000 0.000
GLU-1A0235_005 1.000 1.000 1.000 1.000 1.000
CYS01A0237_001 0.273 0.274 0.274 0.273 0.273
CYS01A0237_002 0.564 0.563 0.562 0.563 0.564
CYS01A0237_003 0.163 0.162 0.163 0.163 0.163
CYS-1A0237_004 0.000 0.000 0.000 0.000 0.000
PRO01A0238_001 1.000 1.000 1.000 1.000 1.000
GLU01A0239_001 0.000 0.000 0.000 0.000 0.000
GLU01A0239_002 0.000 0.000 0.002 0.000 0.000
GLU02A0239_003 0.000 0.000 0.000 0.000 0.000
GLU02A0239_004 0.002 0.002 0.000 0.000 0.000
GLU-1A0239_005 0.998 0.998 0.998 1.000 1.000
LYS01A0240_001 0.000 0.000 0.000 0.000 0.000
LYS+1A0240_002 1.000 1.000 1.000 1.000 1.000
VAL01A0241_001 1.000 1.000 1.000 1.000 1.000
TYR01A0242_001 0.997 0.997 0.997 0.997 0.997
TYR01A0242_002 0.003 0.003 0.003 0.003 0.003
TYR-1A0242_003 0.000 0.000 0.000 0.000 0.000
GLU01A0243_001 0.000 0.000 0.000 0.000 0.000
GLU01A0243_002 0.004 0.003 0.003 0.004 0.003
GLU02A0243_003 0.000 0.000 0.000 0.000 0.000
GLU02A0243_004 0.002 0.002 0.002 0.002 0.002
GLU-1A0243_005 0.994 0.995 0.995 0.994 0.995
LEU01A0244_001 1.000 1.000 1.000 1.000 1.000
MET01A0245_001 1.000 1.000 1.000 1.000 1.000
ARG01A0246_001 0.000 0.000 0.000 0.000 0.000
ARG02A0246_002 0.000 0.000 0.000 0.000 0.000
ARG02A0246_003 0.000 0.000 0.000 0.000 0.000
ARG03A0246_004 0.000 0.000 0.000 0.000 0.000
ARG+1A0246_005 1.000 1.000 1.000 1.000 1.000
ALA01A0247_001 1.000 1.000 1.000 1.000 1.000
CYS01A0248_001 0.316 0.316 0.315 0.317 0.317
CYS01A0248_002 0.424 0.424 0.425 0.424 0.423
CYS01A0248_003 0.259 0.260 0.260 0.259 0.259
CYS-1A0248_004 0.000 0.000 0.000 0.000 0.000
TRP01A0249_001 1.000 1.000 1.000 1.000 1.000
GLN01A0250_001 0.920 0.920 0.921 0.920 0.921
GLN01A0250_002 0.080 0.080 0.079 0.080 0.079
TRP01A0251_001 1.000 1.000 1.000 1.000 1.000
ASN01A0252_001 1.000 1.000 1.000 1.000 1.000
ASN01A0252_002 0.000 0.000 0.000 0.000 0.000
PRO01A0253_001 1.000 1.000 1.000 1.000 1.000
SER01A0254_001 0.149 0.148 0.147 0.147 0.147
SER01A0254_002 0.111 0.111 0.111 0.111 0.110
SER01A0254_003 0.740 0.741 0.742 0.742 0.742
ASP01A0255_001 0.000 0.000 0.000 0.000 0.000
ASP01A0255_002 0.000 0.000 0.000 0.000 0.000
ASP02A0255_003 0.000 0.000 0.000 0.000 0.000
ASP02A0255_004 0.000 0.000 0.000 0.000 0.000
ASP-1A0255_005 1.000 1.000 1.000 1.000 1.000
ARG01A0256_001 0.000 0.000 0.000 0.000 0.000
ARG02A0256_002 0.000 0.000 0.000 0.000 0.000
ARG02A0256_003 0.000 0.000 0.000 0.000 0.000
ARG03A0256_004 0.000 0.000 0.000 0.000 0.000
ARG03A0256_005 0.000 0.000 0.000 0.000 0.000
ARG+1A0256_006 1.000 1.000 1.000 1.000 1.000
PRO01A0257_001 1.000 1.000 1.000 1.000 1.000
SER01A0258_001 0.155 0.155 0.153 0.155 0.154
SER01A0258_002 0.000 0.000 0.000 0.000 0.000
SER01A0258_003 0.845 0.845 0.847 0.845 0.846
PHE01A0259_001 1.000 1.000 1.000 1.000 1.000
ALA01A0260_001 1.000 1.000 1.000 1.000 1.000
GLU01A0261_001 0.000 0.000 0.000 0.000 0.000
GLU01A0261_002 0.000 0.000 0.000 0.000 0.000
GLU02A0261_003 0.000 0.000 0.000 0.000 0.000
GLU02A0261_004 0.000 0.000 0.000 0.000 0.000
GLU-1A0261_005 1.000 1.000 1.000 1.000 1.000
ILE01A0262_001 1.000 1.000 1.000 1.000 1.000
HIS01A0263_001 0.005 0.005 0.005 0.005 0.005
HIS01A0263_002 0.027 0.027 0.027 0.027 0.027
HIS02A0263_003 0.218 0.217 0.217 0.219 0.217
HIS02A0263_004 0.011 0.011 0.011 0.011 0.012
HIS+1A0263_005 0.239 0.239 0.238 0.238 0.238
HIS+1A0263_006 0.501 0.501 0.502 0.499 0.501
GLN01A0264_001 0.367 0.367 0.366 0.367 0.366
GLN01A0264_002 0.633 0.633 0.634 0.633 0.634
ALA01A0265_001 1.000 1.000 1.000 1.000 1.000
PHE01A0266_001 1.000 1.000 1.000 1.000 1.000
GLU01A0267_001 0.000 0.000 0.000 0.000 0.000
GLU01A0267_002 0.004 0.002 0.004 0.003 0.004
GLU02A0267_003 0.000 0.000 0.000 0.000 0.000
GLU02A0267_004 0.000 0.001 0.000 0.001 0.000
GLU-1A0267_005 0.996 0.996 0.996 0.996 0.996
THR01A0268_001 0.371 0.371 0.371 0.371 0.370
THR01A0268_002 0.629 0.629 0.629 0.629 0.630
MET01A0269_001 1.000 1.000 1.000 1.000 1.000
PHE01A0270_001 1.000 1.000 1.000 1.000 1.000
GLN01A0271_001 1.000 1.000 1.000 1.000 1.000
GLU01A0272_001 0.000 0.000 0.000 0.000 0.000
GLU01A0272_002 0.000 0.000 0.000 0.000 0.000
GLU02A0272_003 0.000 0.000 0.000 0.000 0.000
GLU02A0272_004 0.000 0.000 0.000 0.000 0.000
GLU-1A0272_005 1.000 1.000 1.000 1.000 1.000
SER01A0273_001 1.000 1.000 1.000 1.000 1.000
SER01A0274_001 0.244 0.245 0.246 0.245 0.245
SER01A0274_002 0.756 0.755 0.754 0.755 0.755
ILE01A0275_001 1.000 1.000 1.000 1.000 1.000
SER01A0276_001 1.000 1.000 1.000 1.000 1.000
ASP01A0277_001 0.000 0.000 0.000 0.000 0.000
ASP01A0277_002 0.006 0.006 0.006 0.005 0.006
ASP02A0277_003 0.000 0.000 0.000 0.000 0.000
ASP02A0277_004 0.002 0.002 0.002 0.002 0.002
ASP-1A0277_005 0.993 0.993 0.993 0.993 0.993
GLU01A0278_001 0.000 0.000 0.000 0.000 0.000
GLU01A0278_002 0.000 0.000 0.000 0.000 0.000
GLU02A0278_003 0.000 0.000 0.000 0.000 0.000
GLU02A0278_004 0.000 0.000 0.000 0.000 0.000
GLU-1A0278_005 1.000 1.000 1.000 1.000 1.000
VAL01A0279_001 1.000 1.000 1.000 1.000 1.000
GLU01A0280_001 0.000 0.000 0.000 0.000 0.000
GLU01A0280_002 0.000 0.000 0.000 0.000 0.000
GLU02A0280_003 0.000 0.000 0.000 0.000 0.000
GLU02A0280_004 0.003 0.004 0.003 0.003 0.004
GLU-1A0280_005 0.997 0.996 0.996 0.996 0.996
LYS01A0281_001 0.000 0.000 0.000 0.000 0.000
LYS+1A0281_002 1.000 1.000 1.000 1.000 1.000
GLU01A0282_001 0.000 0.000 0.000 0.000 0.000
GLU01A0282_002 0.000 0.000 0.000 0.000 0.000
GLU02A0282_003 0.000 0.000 0.000 0.000 0.000
GLU02A0282_004 0.000 0.000 0.000 0.000 0.000
GLU-1A0282_005 1.000 1.000 1.000 1.000 1.000
LEU01A0283_001 1.000 1.000 1.000 1.000 1.000
LYS01A0285_001 0.000 0.000 0.000 0.000 0.000
LYS+1A0285_002 1.000 1.000 1.000 1.000 1.000
ARG01A0286_001 0.000 0.000 0.000 0.000 0.000
ARG02A0286_002 0.000 0.000 0.000 0.000 0.000
ARG02A0286_003 0.000 0.000 0.000 0.000 0.000
ARG03A0286_004 0.000 0.000 0.000 0.000 0.000
ARG+1A0286_005 1.000 1.000 1.000 1.000 1.000
THR01A0288_001 1.000 1.000 1.000 1.000 1.000
SER01B0002_001 0.382 0.382 0.382 0.382 0.382
SER01B0002_002 0.618 0.618 0.618 0.618 0.618
PRO01B0003_001 1.000 1.000 1.000 1.000 1.000
ASN01B0004_001 0.000 0.000 0.000 0.000 0.000
ASN01B0004_002 1.000 1.000 1.000 1.000 1.000
TYR01B0005_001 1.000 1.000 1.000 1.000 1.000
TYR-1B0005_002 0.000 0.000 0.000 0.000 0.000
ASP01B0006_001 0.000 0.000 0.000 0.000 0.000
ASP01B0006_002 0.000 0.000 0.000 0.000 0.000
ASP02B0006_003 0.000 0.000 0.000 0.000 0.000
ASP02B0006_004 0.000 0.000 0.000 0.000 0.000
ASP-1B0006_005 1.000 1.000 1.000 1.000 1.000
LYS01B0007_001 0.000 0.000 0.000 0.000 0.000
LYS+1B0007_002 1.000 1.000 1.000 1.000 1.000
TRP01B0008_001 1.000 1.000 1.000 1.000 1.000
GLU01B0009_001 0.000 0.000 0.000 0.000 0.000
GLU01B0009_002 0.000 0.000 0.000 0.000 0.000
GLU02B0009_003 0.000 0.000 0.000 0.000 0.000
GLU02B0009_004 0.000 0.000 0.000 0.000 0.000
GLU-1B0009_005 1.000 1.000 1.000 1.000 1.000
MET01B0010_001 1.000 1.000 1.000 1.000 1.000
GLU01B0011_001 0.000 0.000 0.000 0.000 0.000
GLU01B0011_002 0.000 0.000 0.000 0.000 0.000
GLU02B0011_003 0.000 0.000 0.000 0.000 0.000
GLU02B0011_004 0.000 0.000 0.000 0.000 0.000
GLU-1B0011_005 1.000 1.000 1.000 1.000 1.000
ARG01B0012_001 0.000 0.000 0.000 0.000 0.000
ARG02B0012_002 0.000 0.000 0.000 0.000 0.000
ARG03B0012_003 0.000 0.000 0.000 0.000 0.000
ARG03B0012_004 0.000 0.000 0.000 0.000 0.000
ARG+1B0012_005 1.000 1.000 1.000 1.000 1.000
THR01B0013_001 0.228 0.227 0.228 0.228 0.227
THR01B0013_002 0.772 0.773 0.772 0.772 0.773
ASP01B0014_001 0.000 0.000 0.000 0.000 0.000
ASP01B0014_002 0.000 0.000 0.000 0.002 0.000
ASP02B0014_003 0.000 0.000 0.000 0.000 0.000
ASP02B0014_004 0.000 0.002 0.000 0.000 0.000
ASP-1B0014_005 1.000 0.998 1.000 0.998 1.000
ILE01B0015_001 1.000 1.000 1.000 1.000 1.000
THR01B0016_001 0.097 0.097 0.096 0.097 0.097
THR01B0016_002 0.903 0.903 0.904 0.903 0.903
MET01B0017_001 1.000 1.000 1.000 1.000 1.000
LYS01B0018_001 0.000 0.000 0.000 0.000 0.001
LYS+1B0018_002 1.000 1.000 1.000 1.000 0.999
HIS01B0019_001 0.147 0.146 0.147 0.147 0.146
HIS01B0019_002 0.449 0.448 0.448 0.447 0.445
HIS02B0019_003 0.027 0.027 0.028 0.027 0.028
HIS02B0019_004 0.080 0.080 0.080 0.080 0.081
HIS+1B0019_005 0.178 0.179 0.178 0.179 0.180
HIS+1B0019_006 0.119 0.120 0.119 0.119 0.120
LYS01B0020_001 0.000 0.000 0.000 0.000 0.000
LYS+1B0020_002 1.000 1.000 1.000 1.000 1.000
LEU01B0021_001 1.000 1.000 1.000 1.000 1.000
GLN01B0025_001 0.290 0.291 0.291 0.290 0.290
GLN01B0025_002 0.710 0.709 0.709 0.710 0.710
TYR01B0026_001 0.997 0.997 0.997 0.996 0.997
TYR01B0026_002 0.003 0.003 0.003 0.004 0.003
TYR-1B0026_003 0.000 0.000 0.000 0.000 0.000
GLU01B0028_001 0.000 0.000 0.000 0.000 0.000
GLU01B0028_002 0.000 0.000 0.000 0.000 0.000
GLU02B0028_003 0.000 0.000 0.000 0.000 0.000
GLU02B0028_004 0.000 0.000 0.000 0.000 0.000
GLU-1B0028_005 1.000 1.000 1.000 1.000 1.000
VAL01B0029_001 1.000 1.000 1.000 1.000 1.000
TYR01B0030_001 0.992 0.992 0.992 0.992 0.992
TYR01B0030_002 0.008 0.008 0.008 0.008 0.008
TYR-1B0030_003 0.000 0.000 0.000 0.000 0.000
GLU01B0031_001 0.000 0.000 0.000 0.000 0.000
GLU01B0031_002 0.011 0.010 0.011 0.011 0.010
GLU02B0031_003 0.000 0.000 0.000 0.000 0.000
GLU02B0031_004 0.005 0.004 0.005 0.005 0.005
GLU-1B0031_005 0.985 0.985 0.985 0.985 0.985
VAL01B0033_001 1.000 1.000 1.000 1.000 1.000
TRP01B0034_001 1.000 1.000 1.000 1.000 1.000
LYS01B0035_001 0.000 0.000 0.000 0.000 0.000
LYS+1B0035_002 1.000 1.000 1.000 1.000 1.000
LYS01B0036_001 0.000 0.000 0.000 0.000 0.000
LYS+1B0036_002 1.000 1.000 1.000 1.000 1.000
TYR01B0037_001 0.993 0.993 0.993 0.992 0.993
TYR-1B0037_002 0.007 0.007 0.007 0.008 0.007
SER01B0038_001 0.685 0.685 0.684 0.685 0.685
SER01B0038_002 0.315 0.315 0.316 0.315 0.315
LEU01B0039_001 1.000 1.000 1.000 1.000 1.000
THR01B0040_001 0.198 0.199 0.199 0.199 0.198
THR01B0040_002 0.802 0.801 0.801 0.801 0.802
VAL01B0041_001 1.000 1.000 1.000 1.000 1.000
ALA01B0042_001 1.000 1.000 1.000 1.000 1.000
VAL01B0043_001 1.000 1.000 1.000 1.000 1.000
LYS01B0044_001 0.000 0.000 0.000 0.000 0.000
LYS+1B0044_002 1.000 1.000 1.000 1.000 1.000
THR01B0045_001 1.000 1.000 1.000 1.000 1.000
LEU01B0046_001 1.000 1.000 1.000 1.000 1.000
LYS01B0047_001 0.000 0.000 0.000 0.000 0.000
LYS+1B0047_002 1.000 1.000 1.000 1.000 1.000
GLU01B0048_001 0.000 0.000 0.000 0.000 0.000
GLU01B0048_002 0.000 0.000 0.000 0.000 0.000
GLU02B0048_003 0.000 0.000 0.000 0.000 0.000
GLU02B0048_004 0.004 0.005 0.004 0.005 0.004
GLU-1B0048_005 0.996 0.995 0.996 0.995 0.996
ASP01B0049_001 0.000 0.000 0.000 0.000 0.000
ASP01B0049_002 0.003 0.003 0.003 0.003 0.003
ASP02B0049_003 0.000 0.000 0.000 0.000 0.000
ASP02B0049_004 0.000 0.000 0.000 0.000 0.000
ASP-1B0049_005 0.997 0.997 0.997 0.997 0.997
THR01B0050_001 0.813 0.813 0.812 0.812 0.812
THR01B0050_002 0.000 0.000 0.000 0.000 0.000
THR01B0050_003 0.187 0.187 0.188 0.188 0.188
MET01B0051_001 1.000 1.000 1.000 1.000 1.000
GLU01B0052_001 0.000 0.000 0.000 0.000 0.000
GLU01B0052_002 0.002 0.000 0.002 0.001 0.001
GLU02B0052_003 0.000 0.000 0.000 0.000 0.000
GLU02B0052_004 0.002 0.004 0.002 0.002 0.003
GLU-1B0052_005 0.996 0.996 0.996 0.996 0.996
VAL01B0053_001 1.000 1.000 1.000 1.000 1.000
GLU01B0054_001 0.000 0.000 0.000 0.000 0.000
GLU01B0054_002 0.006 0.006 0.006 0.006 0.005
GLU02B0054_003 0.000 0.000 0.000 0.000 0.000
GLU02B0054_004 0.000 0.000 0.000 0.000 0.000
GLU-1B0054_005 0.994 0.994 0.994 0.994 0.995
GLU01B0055_001 0.000 0.000 0.000 0.000 0.000
GLU01B0055_002 0.002 0.002 0.002 0.003 0.002
GLU02B0055_003 0.000 0.000 0.000 0.000 0.000
GLU02B0055_004 0.003 0.003 0.003 0.003 0.003
GLU-1B0055_005 0.994 0.995 0.994 0.994 0.995
PHE01B0056_001 1.000 1.000 1.000 1.000 1.000
LEU01B0057_001 1.000 1.000 1.000 1.000 1.000
LYS01B0058_001 0.000 0.000 0.000 0.000 0.000
LYS+1B0058_002 1.000 1.000 1.000 1.000 1.000
GLU01B0059_001 0.000 0.000 0.000 0.000 0.000
GLU01B0059_002 0.000 0.000 0.000 0.000 0.000
GLU02B0059_003 0.000 0.000 0.000 0.000 0.000
GLU02B0059_004 0.000 0.000 0.000 0.000 0.000
GLU-1B0059_005 1.000 1.000 1.000 1.000 1.000
ALA01B0060_001 1.000 1.000 1.000 1.000 1.000
ALA01B0061_001 1.000 1.000 1.000 1.000 1.000
VAL01B0062_001 1.000 1.000 1.000 1.000 1.000
MET01B0063_001 1.000 1.000 1.000 1.000 1.000
LYS01B0064_001 0.000 0.000 0.000 0.000 0.000
LYS+1B0064_002 1.000 1.000 1.000 1.000 1.000
GLU01B0065_001 0.000 0.000 0.000 0.000 0.000
GLU01B0065_002 0.000 0.000 0.000 0.000 0.000
GLU02B0065_003 0.000 0.000 0.000 0.000 0.000
GLU02B0065_004 0.000 0.000 0.000 0.000 0.000
GLU-1B0065_005 1.000 1.000 1.000 1.000 1.000
ILE01B0066_001 1.000 1.000 1.000 1.000 1.000
LYS01B0067_001 0.000 0.000 0.000 0.000 0.000
LYS+1B0067_002 1.000 1.000 1.000 1.000 1.000
HIS01B0068_001 1.000 1.000 1.000 1.000 1.000
HIS02B0068_002 0.000 0.000 0.000 0.000 0.000
HIS+1B0068_003 0.000 0.000 0.000 0.000 0.000
PRO01B0069_001 1.000 1.000 1.000 1.000 1.000
ASN01B0070_001 0.996 0.996 0.996 0.996 0.996
ASN01B0070_002 0.004 0.004 0.004 0.004 0.004
LEU01B0071_001 1.000 1.000 1.000 1.000 1.000
VAL01B0072_001 1.000 1.000 1.000 1.000 1.000
GLN01B0073_001 0.874 0.873 0.873 0.874 0.873
GLN01B0073_002 0.126 0.127 0.127 0.126 0.127
LEU01B0074_001 1.000 1.000 1.000 1.000 1.000
LEU01B0075_001 1.000 1.000 1.000 1.000 1.000
VAL01B0077_001 1.000 1.000 1.000 1.000 1.000
CYS01B0078_001 0.866 0.864 0.866 0.865 0.867
CYS01B0078_002 0.049 0.050 0.050 0.050 0.050
CYS01B0078_003 0.084 0.086 0.084 0.085 0.083
CYS-1B0078_004 0.000 0.000 0.000 0.000 0.000
THR01B0079_001 0.975 0.975 0.974 0.974 0.974
THR01B0079_002 0.014 0.015 0.015 0.015 0.015
THR01B0079_003 0.011 0.011 0.011 0.011 0.011
ARG01B0080_001 0.000 0.000 0.000 0.000 0.000
ARG02B0080_002 0.000 0.000 0.000 0.000 0.000
ARG03B0080_003 0.000 0.000 0.000 0.000 0.000
ARG+1B0080_004 1.000 1.000 1.000 1.000 1.000
GLU01B0081_001 0.000 0.000 0.000 0.000 0.000
GLU01B0081_002 0.000 0.000 0.000 0.000 0.000
GLU02B0081_003 0.000 0.000 0.000 0.000 0.000
GLU02B0081_004 0.000 0.000 0.000 0.000 0.000
GLU-1B0081_005 1.000 1.000 1.000 1.000 1.000
PRO01B0082_001 1.000 1.000 1.000 1.000 1.000
PRO01B0083_001 1.000 1.000 1.000 1.000 1.000
PHE01B0084_001 1.000 1.000 1.000 1.000 1.000
TYR01B0085_001 0.534 0.534 0.535 0.535 0.535
TYR01B0085_002 0.466 0.466 0.465 0.465 0.465
TYR-1B0085_003 0.000 0.000 0.000 0.000 0.000
ILE01B0086_001 1.000 1.000 1.000 1.000 1.000
ILE01B0087_001 1.000 1.000 1.000 1.000 1.000
ILE01B0088_001 1.000 1.000 1.000 1.000 1.000
GLU01B0089_001 0.000 0.000 0.000 0.000 0.000
GLU01B0089_002 0.000 0.000 0.000 0.000 0.000
GLU02B0089_003 0.000 0.000 0.000 0.000 0.000
GLU02B0089_004 0.000 0.000 0.000 0.000 0.000
GLU-1B0089_005 1.000 1.000 1.000 1.000 1.000
PHE01B0090_001 1.000 1.000 1.000 1.000 1.000
MET01B0091_001 1.000 1.000 1.000 1.000 1.000
THR01B0092_001 0.229 0.230 0.228 0.230 0.229
THR01B0092_002 0.771 0.770 0.772 0.770 0.771
TYR01B0093_001 0.664 0.665 0.665 0.666 0.663
TYR01B0093_002 0.336 0.335 0.335 0.334 0.337
TYR-1B0093_003 0.000 0.000 0.000 0.000 0.000
ASN01B0095_001 1.000 1.000 1.000 1.000 1.000
ASN01B0095_002 0.000 0.000 0.000 0.000 0.000
LEU01B0096_001 1.000 1.000 1.000 1.000 1.000
LEU01B0097_001 1.000 1.000 1.000 1.000 1.000
ASP01B0098_001 0.000 0.000 0.000 0.000 0.000
ASP01B0098_002 0.000 0.000 0.000 0.000 0.000
ASP02B0098_003 0.000 0.000 0.000 0.000 0.000
ASP02B0098_004 0.000 0.000 0.000 0.000 0.000
ASP-1B0098_005 1.000 1.000 1.000 1.000 1.000
TYR01B0099_001 0.835 0.836 0.834 0.836 0.835
TYR01B0099_002 0.165 0.164 0.166 0.164 0.165
TYR-1B0099_003 0.000 0.000 0.000 0.000 0.000
LEU01B0100_001 1.000 1.000 1.000 1.000 1.000
ARG01B0101_001 0.000 0.000 0.000 0.000 0.000
ARG02B0101_002 0.000 0.000 0.000 0.000 0.000
ARG03B0101_003 0.000 0.000 0.000 0.000 0.000
ARG+1B0101_004 1.000 1.000 1.000 1.000 1.000
GLU01B0102_001 0.000 0.000 0.000 0.000 0.000
GLU01B0102_002 0.004 0.004 0.004 0.004 0.004
GLU02B0102_003 0.000 0.000 0.000 0.000 0.000
GLU02B0102_004 0.015 0.015 0.015 0.015 0.014
GLU-1B0102_005 0.980 0.980 0.980 0.980 0.981
CYS01B0103_001 0.771 0.771 0.769 0.770 0.768
CYS01B0103_002 0.085 0.085 0.086 0.086 0.087
CYS01B0103_003 0.144 0.144 0.145 0.144 0.145
CYS-1B0103_004 0.000 0.000 0.000 0.000 0.000
ASN01B0104_001 1.000 1.000 1.000 1.000 1.000
ARG01B0105_001 0.000 0.000 0.000 0.000 0.000
ARG02B0105_002 0.000 0.000 0.000 0.000 0.000
ARG03B0105_003 0.000 0.000 0.000 0.000 0.000
ARG+1B0105_004 1.000 1.000 1.000 1.000 1.000
GLN01B0106_001 1.000 1.000 1.000 1.000 1.000
GLU01B0107_001 0.000 0.000 0.000 0.000 0.000
GLU01B0107_002 0.000 0.001 0.001 0.000 0.000
GLU02B0107_003 0.000 0.000 0.000 0.000 0.000
GLU02B0107_004 0.000 0.000 0.000 0.000 0.000
GLU-1B0107_005 1.000 0.999 0.999 1.000 1.000
VAL01B0108_001 1.000 1.000 1.000 1.000 1.000
SER01B0109_001 0.015 0.015 0.015 0.015 0.015
SER01B0109_002 0.985 0.985 0.985 0.985 0.985
ALA01B0110_001 1.000 1.000 1.000 1.000 1.000
VAL01B0111_001 1.000 1.000 1.000 1.000 1.000
VAL01B0112_001 1.000 1.000 1.000 1.000 1.000
LEU01B0113_001 1.000 1.000 1.000 1.000 1.000
LEU01B0114_001 1.000 1.000 1.000 1.000 1.000
TYR01B0115_001 0.513 0.515 0.514 0.514 0.514
TYR01B0115_002 0.487 0.485 0.486 0.486 0.486
TYR-1B0115_003 0.000 0.000 0.000 0.000 0.000
MET01B0116_001 1.000 1.000 1.000 1.000 1.000
ALA01B0117_001 1.000 1.000 1.000 1.000 1.000
THR01B0118_001 0.025 0.026 0.026 0.025 0.025
THR01B0118_002 0.533 0.530 0.532 0.533 0.532
THR01B0118_003 0.442 0.444 0.442 0.442 0.443
GLN01B0119_001 1.000 1.000 1.000 1.000 1.000
GLN01B0119_002 0.000 0.000 0.000 0.000 0.000
ILE01B0120_001 1.000 1.000 1.000 1.000 1.000
SER01B0121_001 0.982 0.981 0.982 0.981 0.982
SER01B0121_002 0.018 0.019 0.018 0.019 0.018
SER01B0122_001 0.023 0.023 0.023 0.023 0.023
SER01B0122_002 0.977 0.977 0.977 0.977 0.977
ALA01B0123_001 1.000 1.000 1.000 1.000 1.000
MET01B0124_001 1.000 1.000 1.000 1.000 1.000
GLU01B0125_001 0.000 0.000 0.000 0.000 0.000
GLU01B0125_002 0.000 0.002 0.002 0.002 0.002
GLU02B0125_003 0.000 0.000 0.000 0.000 0.000
GLU02B0125_004 0.000 0.000 0.000 0.000 0.000
GLU-1B0125_005 1.000 0.998 0.998 0.998 0.998
TYR01B0126_001 0.977 0.976 0.977 0.978 0.977
TYR01B0126_002 0.023 0.024 0.023 0.022 0.023
TYR-1B0126_003 0.000 0.000 0.000 0.000 0.000
LEU01B0127_001 1.000 1.000 1.000 1.000 1.000
GLU01B0128_001 0.000 0.000 0.000 0.000 0.000
GLU01B0128_002 0.000 0.000 0.000 0.000 0.000
GLU02B0128_003 0.000 0.000 0.000 0.000 0.000
GLU02B0128_004 0.000 0.000 0.000 0.000 0.000
GLU-1B0128_005 1.000 1.000 1.000 1.000 1.000
LYS01B0129_001 0.004 0.004 0.004 0.004 0.004
LYS+1B0129_002 0.996 0.996 0.996 0.996 0.996
LYS01B0130_001 0.000 0.000 0.000 0.000 0.000
LYS+1B0130_002 1.000 1.000 1.000 1.000 1.000
ASN01B0131_001 0.831 0.831 0.830 0.831 0.829
ASN01B0131_002 0.169 0.169 0.170 0.169 0.171
PHE01B0132_001 1.000 1.000 1.000 1.000 1.000
ILE01B0133_001 1.000 1.000 1.000 1.000 1.000
HIS01B0134_001 1.000 1.000 1.000 1.000 1.000
HIS02B0134_002 0.000 0.000 0.000 0.000 0.000
HIS+1B0134_003 0.000 0.000 0.000 0.000 0.000
ARG01B0135_001 0.000 0.000 0.000 0.000 0.000
ARG02B0135_002 0.000 0.000 0.000 0.000 0.000
ARG03B0135_003 0.000 0.000 0.000 0.000 0.000
ARG+1B0135_004 1.000 1.000 1.000 1.000 1.000
ASP01B0136_001 0.000 0.000 0.000 0.000 0.000
ASP01B0136_002 0.000 0.000 0.000 0.000 0.000
ASP02B0136_003 0.000 0.000 0.000 0.000 0.000
ASP02B0136_004 0.000 0.000 0.000 0.000 0.000
ASP-1B0136_005 1.000 1.000 1.000 1.000 1.000
LEU01B0137_001 1.000 1.000 1.000 1.000 1.000
ALA01B0138_001 1.000 1.000 1.000 1.000 1.000
ALA01B0139_001 1.000 1.000 1.000 1.000 1.000
ARG01B0140_001 0.000 0.000 0.000 0.000 0.000
ARG02B0140_002 0.000 0.000 0.000 0.000 0.000
ARG03B0140_003 0.000 0.000 0.000 0.000 0.000
ARG03B0140_004 0.000 0.000 0.000 0.000 0.000
ARG+1B0140_005 1.000 1.000 1.000 1.000 1.000
ASN01B0141_001 1.000 1.000 1.000 1.000 1.000
ASN01B0141_002 0.000 0.000 0.000 0.000 0.000
CYS01B0142_001 0.237 0.236 0.236 0.237 0.237
CYS01B0142_002 0.557 0.557 0.557 0.556 0.558
CYS01B0142_003 0.206 0.207 0.206 0.207 0.205
CYS-1B0142_004 0.000 0.000 0.000 0.000 0.000
LEU01B0143_001 1.000 1.000 1.000 1.000 1.000
VAL01B0144_001 1.000 1.000 1.000 1.000 1.000
GLU01B0146_001 0.000 0.000 0.000 0.000 0.000
GLU01B0146_002 0.000 0.000 0.000 0.000 0.000
GLU02B0146_003 0.000 0.000 0.000 0.000 0.000
GLU02B0146_004 0.000 0.000 0.000 0.000 0.000
GLU-1B0146_005 1.000 1.000 1.000 1.000 1.000
ASN01B0147_001 0.765 0.766 0.765 0.764 0.765
ASN01B0147_002 0.235 0.234 0.235 0.236 0.235
HIS01B0148_001 0.070 0.070 0.069 0.069 0.069
HIS01B0148_002 0.183 0.182 0.184 0.182 0.183
HIS02B0148_003 0.026 0.026 0.026 0.026 0.026
HIS02B0148_004 0.295 0.295 0.294 0.299 0.295
HIS+1B0148_005 0.090 0.090 0.090 0.089 0.089
HIS+1B0148_006 0.336 0.336 0.337 0.335 0.337
LEU01B0149_001 1.000 1.000 1.000 1.000 1.000
VAL01B0150_001 1.000 1.000 1.000 1.000 1.000
LYS01B0151_001 0.000 0.000 0.000 0.000 0.000
LYS+1B0151_002 1.000 1.000 1.000 1.000 1.000
VAL01B0152_001 1.000 1.000 1.000 1.000 1.000
ALA01B0153_001 1.000 1.000 1.000 1.000 1.000
ASP01B0154_001 0.000 0.000 0.000 0.000 0.000
ASP01B0154_002 0.011 0.011 0.011 0.011 0.011
ASP02B0154_003 0.000 0.000 0.000 0.000 0.000
ASP02B0154_004 0.014 0.014 0.014 0.014 0.013
ASP-1B0154_005 0.976 0.975 0.975 0.975 0.976
PHE01B0155_001 1.000 1.000 1.000 1.000 1.000
LEU01B0157_001 1.000 1.000 1.000 1.000 1.000
SER01B0158_001 0.118 0.118 0.118 0.118 0.118
SER01B0158_002 0.032 0.032 0.032 0.032 0.032
SER01B0158_003 0.850 0.850 0.850 0.850 0.850
ARG01B0159_001 0.000 0.000 0.000 0.000 0.000
ARG02B0159_002 0.000 0.000 0.000 0.000 0.000
ARG03B0159_003 0.000 0.000 0.000 0.000 0.000
ARG03B0159_004 1.000 1.000 1.000 1.000 1.000
ARG+1B0159_005 0.000 0.000 0.000 0.000 0.000
LEU01B0160_001 1.000 1.000 1.000 1.000 1.000
MET01B0161_001 1.000 1.000 1.000 1.000 1.000
THR01B0162_001 0.056 0.056 0.057 0.056 0.056
THR01B0162_002 0.944 0.944 0.943 0.944 0.944
ASP01B0164_001 0.000 0.000 0.000 0.000 0.000
ASP01B0164_002 0.000 0.000 0.000 0.000 0.000
ASP02B0164_003 0.000 0.000 0.000 0.000 0.000
ASP02B0164_004 0.000 0.000 0.000 0.000 0.000
ASP-1B0164_005 1.000 1.000 1.000 1.000 1.000
THR01B0165_001 1.000 1.000 1.000 1.000 1.000
TYR01B0166_001 0.000 0.000 0.000 0.000 0.000
TYR01B0166_002 1.000 1.000 1.000 1.000 1.000
TYR-1B0166_003 0.000 0.000 0.000 0.000 0.000
THR01B0167_001 0.344 0.342 0.343 0.343 0.342
THR01B0167_002 0.656 0.658 0.657 0.657 0.658
ALA01B0168_001 1.000 1.000 1.000 1.000 1.000
HIS01B0169_001 0.008 0.008 0.008 0.008 0.008
HIS01B0169_002 0.698 0.694 0.698 0.698 0.700
HIS02B0169_003 0.032 0.032 0.031 0.032 0.031
HIS02B0169_004 0.154 0.153 0.154 0.153 0.152
HIS+1B0169_005 0.001 0.001 0.001 0.001 0.001
HIS+1B0169_006 0.108 0.113 0.107 0.108 0.108
ALA01B0170_001 1.000 1.000 1.000 1.000 1.000
ALA01B0172_001 1.000 1.000 1.000 1.000 1.000
LYS01B0173_001 0.000 0.000 0.000 0.000 0.000
LYS+1B0173_002 1.000 1.000 1.000 1.000 1.000
PHE01B0174_001 1.000 1.000 1.000 1.000 1.000
PRO01B0175_001 1.000 1.000 1.000 1.000 1.000
ILE01B0176_001 1.000 1.000 1.000 1.000 1.000
LYS01B0177_001 0.002 0.002 0.002 0.002 0.002
LYS+1B0177_002 0.998 0.998 0.998 0.998 0.998
TRP01B0178_001 1.000 1.000 1.000 1.000 1.000
THR01B0179_001 0.449 0.448 0.447 0.449 0.449
THR01B0179_002 0.517 0.518 0.519 0.517 0.518
THR01B0179_003 0.034 0.034 0.034 0.034 0.033
ALA01B0180_001 1.000 1.000 1.000 1.000 1.000
PRO01B0181_001 1.000 1.000 1.000 1.000 1.000
GLU01B0182_001 0.000 0.000 0.000 0.000 0.000
GLU01B0182_002 0.000 0.000 0.000 0.000 0.000
GLU02B0182_003 0.000 0.000 0.000 0.000 0.000
GLU02B0182_004 0.000 0.000 0.000 0.000 0.000
GLU-1B0182_005 1.000 1.000 1.000 1.000 1.000
SER01B0183_001 0.928 0.929 0.927 0.927 0.927
SER01B0183_002 0.006 0.006 0.006 0.007 0.007
SER01B0183_003 0.066 0.065 0.067 0.066 0.066
LEU01B0184_001 1.000 1.000 1.000 1.000 1.000
ALA01B0185_001 1.000 1.000 1.000 1.000 1.000
TYR01B0186_001 1.000 1.000 1.000 1.000 1.000
TYR-1B0186_002 0.000 0.000 0.000 0.000 0.000
ASN01B0187_001 0.227 0.227 0.227 0.226 0.227
ASN01B0187_002 0.773 0.773 0.773 0.774 0.773
LYS01B0188_001 0.000 0.000 0.000 0.000 0.000
LYS+1B0188_002 1.000 1.000 1.000 1.000 1.000
PHE01B0189_001 1.000 1.000 1.000 1.000 1.000
SER01B0190_001 1.000 1.000 1.000 1.000 1.000
SER01B0190_002 0.000 0.000 0.000 0.000 0.000
ILE01B0191_001 1.000 1.000 1.000 1.000 1.000
LYS01B0192_001 0.005 0.005 0.005 0.005 0.004
LYS+1B0192_002 0.995 0.995 0.995 0.995 0.996
SER01B0193_001 0.000 0.000 0.000 0.000 0.000
SER01B0193_002 1.000 1.000 1.000 1.000 1.000
ASP01B0194_001 0.000 0.000 0.000 0.000 0.000
ASP01B0194_002 0.000 0.000 0.000 0.000 0.000
ASP02B0194_003 0.000 0.000 0.000 0.000 0.000
ASP02B0194_004 0.000 0.000 0.000 0.000 0.000
ASP-1B0194_005 1.000 1.000 1.000 1.000 1.000
VAL01B0195_001 1.000 1.000 1.000 1.000 1.000
TRP01B0196_001 1.000 1.000 1.000 1.000 1.000
ALA01B0197_001 1.000 1.000 1.000 1.000 1.000
PHE01B0198_001 1.000 1.000 1.000 1.000 1.000
VAL01B0200_001 1.000 1.000 1.000 1.000 1.000
LEU01B0201_001 1.000 1.000 1.000 1.000 1.000
LEU01B0202_001 1.000 1.000 1.000 1.000 1.000
TRP01B0203_001 1.000 1.000 1.000 1.000 1.000
GLU01B0204_001 0.000 0.000 0.000 0.000 0.000
GLU01B0204_002 0.000 0.000 0.000 0.000 0.000
GLU02B0204_003 0.000 0.000 0.000 0.000 0.000
GLU02B0204_004 0.000 0.000 0.000 0.000 0.000
GLU-1B0204_005 1.000 1.000 1.000 1.000 1.000
ILE01B0205_001 1.000 1.000 1.000 1.000 1.000
ALA01B0206_001 1.000 1.000 1.000 1.000 1.000
THR01B0207_001 0.689 0.690 0.688 0.690 0.689
THR01B0207_002 0.311 0.310 0.312 0.310 0.311
TYR01B0208_001 0.995 0.995 0.996 0.995 0.996
TYR01B0208_002 0.005 0.005 0.004 0.005 0.004
TYR-1B0208_003 0.000 0.000 0.000 0.000 0.000
MET01B0210_001 1.000 1.000 1.000 1.000 1.000
SER01B0211_001 0.035 0.035 0.035 0.035 0.035
SER01B0211_002 0.965 0.965 0.965 0.965 0.965
PRO01B0212_001 1.000 1.000 1.000 1.000 1.000
TYR01B0213_001 1.000 1.000 1.000 1.000 1.000
TYR-1B0213_002 0.000 0.000 0.000 0.000 0.000
PRO01B0214_001 1.000 1.000 1.000 1.000 1.000
ILE01B0216_001 1.000 1.000 1.000 1.000 1.000
ASP01B0217_001 0.000 0.000 0.000 0.000 0.000
ASP01B0217_002 0.000 0.000 0.000 0.000 0.000
ASP02B0217_003 0.000 0.000 0.000 0.000 0.000
ASP02B0217_004 0.000 0.000 0.000 0.000 0.000
ASP-1B0217_005 1.000 1.000 1.000 1.000 1.000
LEU01B0218_001 1.000 1.000 1.000 1.000 1.000
SER01B0219_001 0.248 0.248 0.247 0.247 0.248
SER01B0219_002 0.752 0.752 0.753 0.753 0.752
GLN01B0220_001 0.477 0.477 0.477 0.476 0.476
GLN01B0220_002 0.523 0.523 0.523 0.524 0.524
VAL01B0221_001 1.000 1.000 1.000 1.000 1.000
TYR01B0222_001 0.325 0.324 0.326 0.327 0.324
TYR01B0222_002 0.675 0.676 0.674 0.673 0.676
TYR-1B0222_003 0.000 0.000 0.000 0.000 0.000
GLU01B0223_001 0.000 0.000 0.000 0.000 0.000
GLU01B0223_002 0.000 0.000 0.000 0.000 0.000
GLU02B0223_003 0.000 0.000 0.000 0.000 0.000
GLU02B0223_004 0.000 0.000 0.000 0.000 0.000
GLU-1B0223_005 1.000 1.000 1.000 1.000 1.000
LEU01B0224_001 1.000 1.000 1.000 1.000 1.000
LEU01B0225_001 1.000 1.000 1.000 1.000 1.000
GLU01B0226_001 0.000 0.000 0.000 0.000 0.000
GLU01B0226_002 0.002 0.002 0.002 0.000 0.002
GLU02B0226_003 0.000 0.000 0.000 0.000 0.000
GLU02B0226_004 0.004 0.004 0.004 0.008 0.004
GLU-1B0226_005 0.994 0.994 0.994 0.992 0.994
LYS01B0227_001 0.000 0.000 0.000 0.000 0.000
LYS+1B0227_002 1.000 1.000 1.000 1.000 1.000
ASP01B0228_001 0.000 0.000 0.000 0.000 0.000
ASP01B0228_002 0.000 0.000 0.000 0.000 0.000
ASP02B0228_003 0.000 0.000 0.000 0.000 0.000
ASP02B0228_004 0.000 0.000 0.000 0.000 0.000
ASP-1B0228_005 1.000 1.000 1.000 1.000 1.000
TYR01B0229_001 1.000 1.000 1.000 1.000 1.000
TYR-1B0229_002 0.000 0.000 0.000 0.000 0.000
ARG01B0230_001 0.000 0.000 0.000 0.000 0.000
ARG02B0230_002 0.000 0.000 0.000 0.000 0.000
ARG02B0230_003 0.000 0.000 0.000 0.000 0.000
ARG03B0230_004 0.000 0.000 0.000 0.000 0.000
ARG+1B0230_005 1.000 1.000 1.000 1.000 1.000
MET01B0231_001 1.000 1.000 1.000 1.000 1.000
GLU01B0232_001 0.000 0.000 0.000 0.000 0.000
GLU01B0232_002 0.000 0.000 0.000 0.000 0.000
GLU02B0232_003 0.000 0.000 0.000 0.000 0.000
GLU02B0232_004 0.000 0.000 0.000 0.000 0.000
GLU-1B0232_005 1.000 1.000 1.000 1.000 1.000
ARG01B0233_001 0.000 0.000 0.000 0.000 0.000
ARG02B0233_002 0.000 0.000 0.000 0.000 0.000
ARG03B0233_003 0.000 0.000 0.000 0.000 0.000
ARG03B0233_004 0.000 0.000 0.000 0.000 0.000
ARG+1B0233_005 1.000 1.000 1.000 1.000 1.000
PRO01B0234_001 1.000 1.000 1.000 1.000 1.000
GLU01B0235_001 0.000 0.000 0.000 0.000 0.000
GLU01B0235_002 0.000 0.000 0.000 0.000 0.000
GLU02B0235_003 0.000 0.000 0.000 0.000 0.000
GLU02B0235_004 0.000 0.000 0.000 0.000 0.000
GLU-1B0235_005 1.000 1.000 1.000 1.000 1.000
CYS01B0237_001 0.221 0.222 0.222 0.223 0.222
CYS01B0237_002 0.654 0.652 0.652 0.652 0.652
CYS01B0237_003 0.125 0.126 0.125 0.125 0.126
CYS-1B0237_004 0.000 0.000 0.000 0.000 0.000
PRO01B0238_001 1.000 1.000 1.000 1.000 1.000
GLU01B0239_001 0.000 0.000 0.000 0.000 0.000
GLU01B0239_002 0.000 0.000 0.000 0.000 0.000
GLU02B0239_003 0.000 0.000 0.000 0.000 0.000
GLU02B0239_004 0.000 0.000 0.000 0.000 0.000
GLU-1B0239_005 1.000 1.000 1.000 1.000 1.000
LYS01B0240_001 0.009 0.010 0.010 0.010 0.010
LYS+1B0240_002 0.991 0.990 0.990 0.990 0.990
VAL01B0241_001 1.000 1.000 1.000 1.000 1.000
TYR01B0242_001 1.000 1.000 1.000 1.000 1.000
TYR01B0242_002 0.000 0.000 0.000 0.000 0.000
TYR-1B0242_003 0.000 0.000 0.000 0.000 0.000
GLU01B0243_001 0.000 0.000 0.000 0.000 0.000
GLU01B0243_002 0.004 0.004 0.004 0.004 0.004
GLU02B0243_003 0.000 0.000 0.000 0.000 0.000
GLU02B0243_004 0.000 0.000 0.000 0.000 0.000
GLU-1B0243_005 0.996 0.996 0.996 0.996 0.996
LEU01B0244_001 1.000 1.000 1.000 1.000 1.000
MET01B0245_001 1.000 1.000 1.000 1.000 1.000
ARG01B0246_001 0.000 0.000 0.000 0.000 0.000
ARG02B0246_002 0.000 0.000 0.000 0.000 0.000
ARG03B0246_003 0.000 0.000 0.000 0.000 0.000
ARG03B0246_004 0.000 0.000 0.000 0.000 0.000
ARG+1B0246_005 1.000 1.000 1.000 1.000 1.000
ALA01B0247_001 1.000 1.000 1.000 1.000 1.000
CYS01B0248_001 0.270 0.270 0.271 0.271 0.270
CYS01B0248_002 0.440 0.441 0.440 0.439 0.441
CYS01B0248_003 0.290 0.289 0.289 0.290 0.289
CYS-1B0248_004 0.000 0.000 0.000 0.000 0.000
TRP01B0249_001 1.000 1.000 1.000 1.000 1.000
GLN01B0250_001 0.885 0.886 0.886 0.885 0.885
GLN01B0250_002 0.115 0.114 0.114 0.115 0.115
TRP01B0251_001 1.000 1.000 1.000 1.000 1.000
ASN01B0252_001 1.000 1.000 1.000 1.000 1.000
ASN01B0252_002 0.000 0.000 0.000 0.000 0.000
PRO01B0253_001 1.000 1.000 1.000 1.000 1.000
SER01B0254_001 0.053 0.053 0.053 0.053 0.053
SER01B0254_002 0.122 0.124 0.122 0.123 0.122
SER01B0254_003 0.825 0.823 0.825 0.824 0.825
ASP01B0255_001 0.000 0.000 0.000 0.000 0.000
ASP01B0255_002 0.000 0.000 0.000 0.000 0.000
ASP02B0255_003 0.000 0.000 0.000 0.000 0.000
ASP02B0255_004 0.000 0.000 0.000 0.000 0.000
ASP-1B0255_005 1.000 1.000 1.000 1.000 1.000
ARG01B0256_001 0.000 0.000 0.000 0.000 0.000
ARG02B0256_002 0.000 0.000 0.000 0.000 0.000
ARG02B0256_003 0.000 0.000 0.000 0.000 0.000
ARG03B0256_004 0.000 0.000 0.000 0.000 0.000
ARG03B0256_005 0.000 0.000 0.000 0.000 0.000
ARG+1B0256_006 1.000 1.000 1.000 1.000 1.000
PRO01B0257_001 1.000 1.000 1.000 1.000 1.000
SER01B0258_001 0.079 0.079 0.079 0.078 0.079
SER01B0258_002 0.000 0.000 0.000 0.000 0.000
SER01B0258_003 0.921 0.921 0.921 0.922 0.921
PHE01B0259_001 1.000 1.000 1.000 1.000 1.000
ALA01B0260_001 1.000 1.000 1.000 1.000 1.000
GLU01B0261_001 0.000 0.000 0.000 0.000 0.000
GLU01B0261_002 0.000 0.000 0.000 0.000 0.000
GLU02B0261_003 0.000 0.000 0.000 0.000 0.000
GLU02B0261_004 0.000 0.000 0.000 0.000 0.000
GLU-1B0261_005 1.000 1.000 1.000 1.000 1.000
ILE01B0262_001 1.000 1.000 1.000 1.000 1.000
HIS01B0263_001 0.015 0.015 0.014 0.016 0.015
HIS01B0263_002 0.013 0.013 0.013 0.013 0.013
HIS02B0263_003 0.608 0.611 0.610 0.610 0.610
HIS02B0263_004 0.005 0.006 0.005 0.006 0.006
HIS+1B0263_005 0.261 0.259 0.261 0.258 0.260
HIS+1B0263_006 0.098 0.096 0.096 0.097 0.096
GLN01B0264_001 0.919 0.919 0.920 0.919 0.920
GLN01B0264_002 0.081 0.081 0.080 0.081 0.080
ALA01B0265_001 1.000 1.000 1.000 1.000 1.000
PHE01B0266_001 1.000 1.000 1.000 1.000 1.000
GLU01B0267_001 0.000 0.000 0.000 0.000 0.000
GLU01B0267_002 0.007 0.007 0.007 0.007 0.007
GLU02B0267_003 0.000 0.000 0.000 0.000 0.000
GLU02B0267_004 0.000 0.000 0.000 0.000 0.000
GLU-1B0267_005 0.993 0.993 0.993 0.993 0.993
THR01B0268_001 1.000 1.000 1.000 1.000 1.000
MET01B0269_001 1.000 1.000 1.000 1.000 1.000
PHE01B0270_001 1.000 1.000 1.000 1.000 1.000
GLN01B0271_001 1.000 1.000 1.000 1.000 1.000
GLU01B0272_001 0.000 0.000 0.000 0.000 0.000
GLU01B0272_002 0.000 0.000 0.000 0.000 0.000
GLU02B0272_003 0.000 0.000 0.000 0.000 0.000
GLU02B0272_004 0.000 0.000 0.000 0.000 0.000
GLU-1B0272_005 1.000 1.000 1.000 1.000 1.000
SER01B0273_001 0.379 0.379 0.379 0.380 0.378
SER01B0273_002 0.621 0.621 0.621 0.620 0.622
SER01B0274_001 0.280 0.280 0.280 0.280 0.280
SER01B0274_002 0.720 0.720 0.720 0.720 0.720
ILE01B0275_001 1.000 1.000 1.000 1.000 1.000
SER01B0276_001 1.000 1.000 1.000 1.000 1.000
ASP01B0277_001 0.000 0.000 0.000 0.000 0.000
ASP01B0277_002 0.002 0.002 0.002 0.002 0.002
ASP02B0277_003 0.000 0.000 0.000 0.000 0.000
ASP02B0277_004 0.003 0.003 0.003 0.003 0.002
ASP-1B0277_005 0.995 0.995 0.995 0.995 0.995
GLU01B0278_001 0.000 0.000 0.000 0.000 0.000
GLU01B0278_002 0.001 0.000 0.000 0.000 0.000
GLU02B0278_003 0.000 0.000 0.000 0.000 0.000
GLU02B0278_004 0.002 0.003 0.000 0.003 0.000
GLU-1B0278_005 0.997 0.997 1.000 0.997 1.000
VAL01B0279_001 1.000 1.000 1.000 1.000 1.000
GLU01B0280_001 0.000 0.000 0.000 0.000 0.000
GLU01B0280_002 0.000 0.002 0.000 0.002 0.002
GLU02B0280_003 0.000 0.000 0.000 0.000 0.000
GLU02B0280_004 0.000 0.000 0.000 0.000 0.000
GLU-1B0280_005 1.000 0.998 1.000 0.998 0.998
LYS01B0281_001 0.000 0.000 0.000 0.000 0.000
LYS+1B0281_002 1.000 1.000 1.000 1.000 1.000
GLU01B0282_001 0.000 0.000 0.000 0.000 0.000
GLU01B0282_002 0.000 0.000 0.000 0.000 0.000
GLU02B0282_003 0.000 0.000 0.000 0.000 0.000
GLU02B0282_004 0.000 0.000 0.000 0.000 0.000
GLU-1B0282_005 1.000 1.000 1.000 1.000 1.000
LEU01B0283_001 1.000 1.000 1.000 1.000 1.000
LYS01B0285_001 0.000 0.000 0.000 0.000 0.000
LYS+1B0285_002 1.000 1.000 1.000 1.000 1.000
ARG01B0286_001 0.000 0.000 0.000 0.000 0.000
ARG02B0286_002 0.000 0.000 0.000 0.000 0.000
ARG03B0286_003 0.000 0.000 0.000 0.000 0.000
ARG+1B0286_004 1.000 1.000 1.000 1.000 1.000
0LI+1C0001_001 1.000 1.000 1.000 1.000 1.000
0LI+2C0001_002 0.000 0.000 0.000 0.000 0.000
0LI01C0001_003 0.000 0.000 0.000 0.000 0.000
0LIDMC0001_004 0.000 0.000 0.000 0.000 0.000
0LI+1D0001_001 1.000 1.000 1.000 1.000 1.000
0LI+2D0001_002 0.000 0.000 0.000 0.000 0.000
0LI01D0001_003 0.000 0.000 0.000 0.000 0.000
0LIDMD0001_004 0.000 0.000 0.000 0.000 0.000
