 ph              7.4   7.4   7.4   7.4   7.4
ASN01A0001_001 0.956 0.955 0.956 0.957 0.956
ASN01A0001_002 0.044 0.045 0.044 0.043 0.044
TYR01A0002_001 0.998 0.998 0.998 0.998 0.998
TYR-1A0002_002 0.002 0.002 0.002 0.002 0.002
ASP01A0003_001 0.000 0.000 0.000 0.000 0.000
ASP01A0003_002 0.000 0.000 0.000 0.000 0.000
ASP02A0003_003 0.000 0.000 0.000 0.000 0.000
ASP02A0003_004 0.000 0.000 0.000 0.000 0.000
ASP-1A0003_005 1.000 1.000 1.000 1.000 1.000
LYS01A0004_001 0.000 0.000 0.000 0.000 0.000
LYS+1A0004_002 1.000 1.000 1.000 1.000 1.000
TRP01A0005_001 1.000 1.000 1.000 1.000 1.000
GLU01A0006_001 0.000 0.000 0.000 0.000 0.000
GLU01A0006_002 0.000 0.000 0.000 0.000 0.000
GLU02A0006_003 0.000 0.000 0.000 0.000 0.000
GLU02A0006_004 0.000 0.000 0.000 0.000 0.000
GLU-1A0006_005 1.000 1.000 1.000 1.000 1.000
MET01A0007_001 1.000 1.000 1.000 1.000 1.000
GLU01A0008_001 0.000 0.000 0.000 0.000 0.000
GLU01A0008_002 0.000 0.000 0.000 0.000 0.000
GLU02A0008_003 0.000 0.000 0.000 0.000 0.000
GLU02A0008_004 0.000 0.000 0.000 0.000 0.000
GLU-1A0008_005 1.000 1.000 1.000 1.000 1.000
ARG01A0009_001 0.000 0.000 0.000 0.000 0.000
ARG02A0009_002 0.000 0.000 0.000 0.000 0.000
ARG03A0009_003 0.000 0.000 0.000 0.000 0.000
ARG03A0009_004 0.000 0.000 0.000 0.000 0.000
ARG+1A0009_005 1.000 1.000 1.000 1.000 1.000
THR01A0010_001 0.871 0.871 0.871 0.872 0.871
THR01A0010_002 0.129 0.129 0.129 0.128 0.129
ASP01A0011_001 0.000 0.000 0.000 0.000 0.000
ASP01A0011_002 0.000 0.000 0.000 0.000 0.000
ASP02A0011_003 0.000 0.000 0.000 0.000 0.000
ASP02A0011_004 0.000 0.000 0.000 0.000 0.000
ASP-1A0011_005 1.000 1.000 1.000 1.000 1.000
ILE01A0012_001 1.000 1.000 1.000 1.000 1.000
THR01A0013_001 0.955 0.955 0.955 0.955 0.954
THR01A0013_002 0.045 0.045 0.045 0.045 0.046
MET01A0014_001 1.000 1.000 1.000 1.000 1.000
LYS01A0015_001 0.000 0.000 0.000 0.000 0.000
LYS+1A0015_002 1.000 1.000 1.000 1.000 1.000
HIS01A0016_001 0.051 0.051 0.051 0.051 0.051
HIS01A0016_002 0.403 0.404 0.403 0.404 0.403
HIS02A0016_003 0.152 0.152 0.152 0.152 0.153
HIS02A0016_004 0.175 0.174 0.175 0.174 0.174
HIS+1A0016_005 0.084 0.085 0.084 0.085 0.085
HIS+1A0016_006 0.134 0.135 0.135 0.135 0.135
LYS01A0017_001 0.000 0.000 0.000 0.000 0.000
LYS+1A0017_002 1.000 1.000 1.000 1.000 1.000
LEU01A0018_001 1.000 1.000 1.000 1.000 1.000
GLN01A0022_001 1.000 1.000 1.000 1.000 1.000
GLN01A0022_002 0.000 0.000 0.000 0.000 0.000
TYR01A0023_001 0.311 0.312 0.313 0.312 0.312
TYR01A0023_002 0.689 0.688 0.687 0.688 0.688
TYR-1A0023_003 0.000 0.000 0.000 0.000 0.000
GLU01A0025_001 0.000 0.000 0.000 0.000 0.000
GLU01A0025_002 0.000 0.000 0.000 0.000 0.000
GLU02A0025_003 0.000 0.000 0.000 0.000 0.000
GLU02A0025_004 0.000 0.000 0.000 0.000 0.000
GLU-1A0025_005 1.000 1.000 1.000 1.000 1.000
VAL01A0026_001 1.000 1.000 1.000 1.000 1.000
TYR01A0027_001 0.797 0.796 0.796 0.796 0.796
TYR01A0027_002 0.203 0.204 0.204 0.204 0.204
TYR-1A0027_003 0.000 0.000 0.000 0.000 0.000
GLU01A0028_001 0.000 0.000 0.000 0.000 0.000
GLU01A0028_002 0.000 0.000 0.000 0.000 0.000
GLU02A0028_003 0.000 0.000 0.000 0.000 0.000
GLU02A0028_004 0.004 0.004 0.004 0.004 0.004
GLU-1A0028_005 0.996 0.996 0.996 0.996 0.996
VAL01A0030_001 1.000 1.000 1.000 1.000 1.000
TRP01A0031_001 1.000 1.000 1.000 1.000 1.000
LYS01A0032_001 0.000 0.000 0.000 0.000 0.000
LYS+1A0032_002 1.000 1.000 1.000 1.000 1.000
LYS01A0033_001 0.000 0.000 0.000 0.000 0.000
LYS+1A0033_002 1.000 1.000 1.000 1.000 1.000
TYR01A0034_001 0.990 0.990 0.991 0.991 0.990
TYR-1A0034_002 0.010 0.010 0.009 0.009 0.010
SER01A0035_001 1.000 1.000 1.000 1.000 1.000
LEU01A0036_001 1.000 1.000 1.000 1.000 1.000
THR01A0037_001 0.410 0.411 0.412 0.412 0.410
THR01A0037_002 0.590 0.589 0.588 0.588 0.590
VAL01A0038_001 1.000 1.000 1.000 1.000 1.000
ALA01A0039_001 1.000 1.000 1.000 1.000 1.000
VAL01A0040_001 1.000 1.000 1.000 1.000 1.000
LYS01A0041_001 0.264 0.265 0.262 0.264 0.263
LYS+1A0041_002 0.736 0.735 0.738 0.736 0.737
THR01A0042_001 0.042 0.042 0.042 0.042 0.042
THR01A0042_002 0.958 0.958 0.958 0.958 0.958
LEU01A0043_001 1.000 1.000 1.000 1.000 1.000
LYS01A0044_001 0.000 0.000 0.000 0.000 0.000
LYS+1A0044_002 1.000 1.000 1.000 1.000 1.000
GLU01A0045_001 0.000 0.000 0.000 0.000 0.000
GLU01A0045_002 0.000 0.000 0.000 0.000 0.000
GLU02A0045_003 0.000 0.000 0.000 0.000 0.000
GLU02A0045_004 0.000 0.000 0.000 0.000 0.000
GLU-1A0045_005 1.000 1.000 1.000 1.000 1.000
ASP01A0046_001 0.000 0.000 0.000 0.000 0.000
ASP01A0046_002 0.000 0.000 0.000 0.000 0.000
ASP02A0046_003 0.000 0.000 0.000 0.000 0.000
ASP02A0046_004 0.000 0.000 0.000 0.000 0.000
ASP-1A0046_005 1.000 1.000 1.000 1.000 1.000
THR01A0047_001 0.616 0.613 0.615 0.615 0.615
THR01A0047_002 0.384 0.387 0.385 0.385 0.385
MET01A0048_001 1.000 1.000 1.000 1.000 1.000
GLU01A0049_001 0.000 0.000 0.000 0.000 0.000
GLU01A0049_002 0.000 0.000 0.000 0.000 0.000
GLU02A0049_003 0.000 0.000 0.000 0.000 0.000
GLU02A0049_004 0.000 0.000 0.000 0.000 0.000
GLU-1A0049_005 1.000 1.000 1.000 1.000 1.000
VAL01A0050_001 1.000 1.000 1.000 1.000 1.000
GLU01A0051_001 0.000 0.000 0.000 0.000 0.000
GLU01A0051_002 0.000 0.000 0.000 0.000 0.000
GLU02A0051_003 0.000 0.000 0.000 0.000 0.000
GLU02A0051_004 0.000 0.000 0.000 0.000 0.000
GLU-1A0051_005 1.000 1.000 1.000 1.000 1.000
GLU01A0052_001 0.000 0.000 0.000 0.000 0.000
GLU01A0052_002 0.000 0.000 0.000 0.000 0.000
GLU02A0052_003 0.000 0.000 0.000 0.000 0.000
GLU02A0052_004 0.000 0.000 0.000 0.000 0.000
GLU-1A0052_005 1.000 1.000 1.000 1.000 1.000
PHE01A0053_001 1.000 1.000 1.000 1.000 1.000
LEU01A0054_001 1.000 1.000 1.000 1.000 1.000
LYS01A0055_001 0.000 0.000 0.000 0.000 0.000
LYS+1A0055_002 1.000 1.000 1.000 1.000 1.000
GLU01A0056_001 0.007 0.007 0.007 0.007 0.007
GLU01A0056_002 0.719 0.719 0.718 0.720 0.722
GLU02A0056_003 0.018 0.018 0.018 0.018 0.017
GLU02A0056_004 0.257 0.256 0.256 0.255 0.253
GLU-1A0056_005 0.000 0.000 0.000 0.000 0.000
ALA01A0057_001 1.000 1.000 1.000 1.000 1.000
ALA01A0058_001 1.000 1.000 1.000 1.000 1.000
VAL01A0059_001 1.000 1.000 1.000 1.000 1.000
MET01A0060_001 1.000 1.000 1.000 1.000 1.000
LYS01A0061_001 0.000 0.000 0.000 0.000 0.000
LYS+1A0061_002 1.000 1.000 1.000 1.000 1.000
GLU01A0062_001 0.000 0.000 0.000 0.000 0.000
GLU01A0062_002 0.000 0.000 0.000 0.000 0.000
GLU02A0062_003 0.000 0.000 0.000 0.000 0.000
GLU02A0062_004 0.000 0.000 0.001 0.000 0.000
GLU-1A0062_005 1.000 1.000 0.999 1.000 1.000
ILE01A0063_001 1.000 1.000 1.000 1.000 1.000
LYS01A0064_001 0.001 0.000 0.000 0.000 0.000
LYS+1A0064_002 0.999 1.000 1.000 1.000 1.000
HIS01A0065_001 0.998 1.000 0.999 0.999 1.000
HIS01A0065_002 0.000 0.000 0.000 0.000 0.000
HIS02A0065_003 0.002 0.000 0.000 0.001 0.000
HIS02A0065_004 0.000 0.000 0.000 0.000 0.000
HIS+1A0065_005 0.000 0.000 0.000 0.000 0.000
HIS+1A0065_006 0.000 0.000 0.000 0.000 0.000
PRO01A0066_001 1.000 1.000 1.000 1.000 1.000
ASN01A0067_001 0.966 0.966 0.966 0.966 0.966
ASN01A0067_002 0.034 0.034 0.034 0.034 0.034
LEU01A0068_001 1.000 1.000 1.000 1.000 1.000
VAL01A0069_001 1.000 1.000 1.000 1.000 1.000
GLN01A0070_001 0.830 0.830 0.830 0.830 0.830
GLN01A0070_002 0.170 0.170 0.170 0.170 0.170
LEU01A0071_001 1.000 1.000 1.000 1.000 1.000
LEU01A0072_001 1.000 1.000 1.000 1.000 1.000
VAL01A0074_001 1.000 1.000 1.000 1.000 1.000
CYS01A0075_001 0.881 0.881 0.880 0.881 0.879
CYS01A0075_002 0.074 0.075 0.076 0.075 0.076
CYS01A0075_003 0.045 0.044 0.045 0.044 0.045
CYS-1A0075_004 0.000 0.000 0.000 0.000 0.000
THR01A0076_001 0.997 0.997 0.997 0.997 0.997
THR01A0076_002 0.003 0.003 0.003 0.003 0.003
ARG01A0077_001 0.000 0.000 0.000 0.000 0.000
ARG02A0077_002 0.000 0.000 0.000 0.000 0.000
ARG03A0077_003 0.000 0.000 0.000 0.000 0.000
ARG+1A0077_004 1.000 1.000 1.000 1.000 1.000
GLU01A0078_001 0.000 0.000 0.000 0.000 0.000
GLU01A0078_002 0.000 0.000 0.000 0.000 0.000
GLU02A0078_003 0.000 0.000 0.000 0.000 0.000
GLU02A0078_004 0.003 0.003 0.003 0.003 0.003
GLU-1A0078_005 0.997 0.997 0.997 0.997 0.997
PRO01A0079_001 1.000 1.000 1.000 1.000 1.000
PRO01A0080_001 1.000 1.000 1.000 1.000 1.000
PHE01A0081_001 1.000 1.000 1.000 1.000 1.000
TYR01A0082_001 0.642 0.643 0.640 0.642 0.641
TYR01A0082_002 0.358 0.357 0.360 0.358 0.359
TYR-1A0082_003 0.000 0.000 0.000 0.000 0.000
ILE01A0083_001 1.000 1.000 1.000 1.000 1.000
ILE01A0084_001 1.000 1.000 1.000 1.000 1.000
THR01A0085_001 0.273 0.274 0.275 0.274 0.274
THR01A0085_002 0.637 0.636 0.634 0.636 0.636
THR01A0085_003 0.090 0.090 0.091 0.090 0.090
GLU01A0086_001 0.000 0.000 0.000 0.000 0.000
GLU01A0086_002 0.000 0.000 0.000 0.000 0.000
GLU02A0086_003 0.000 0.000 0.000 0.000 0.000
GLU02A0086_004 0.000 0.000 0.000 0.000 0.000
GLU-1A0086_005 1.000 1.000 1.000 1.000 1.000
PHE01A0087_001 1.000 1.000 1.000 1.000 1.000
MET01A0088_001 1.000 1.000 1.000 1.000 1.000
THR01A0089_001 0.007 0.007 0.007 0.008 0.007
THR01A0089_002 0.993 0.993 0.993 0.992 0.993
TYR01A0090_001 1.000 1.000 1.000 1.000 1.000
TYR-1A0090_002 0.000 0.000 0.000 0.000 0.000
ASN01A0092_001 1.000 1.000 1.000 1.000 1.000
LEU01A0093_001 1.000 1.000 1.000 1.000 1.000
LEU01A0094_001 1.000 1.000 1.000 1.000 1.000
ASP01A0095_001 0.000 0.000 0.000 0.000 0.000
ASP01A0095_002 0.000 0.000 0.000 0.000 0.000
ASP02A0095_003 0.000 0.000 0.000 0.000 0.000
ASP02A0095_004 0.000 0.000 0.000 0.000 0.000
ASP-1A0095_005 1.000 1.000 1.000 1.000 1.000
TYR01A0096_001 0.915 0.913 0.916 0.915 0.913
TYR01A0096_002 0.085 0.087 0.084 0.085 0.087
TYR-1A0096_003 0.000 0.000 0.000 0.000 0.000
LEU01A0097_001 1.000 1.000 1.000 1.000 1.000
ARG01A0098_001 0.000 0.000 0.000 0.000 0.000
ARG02A0098_002 0.000 0.000 0.000 0.000 0.000
ARG03A0098_003 0.000 0.000 0.000 0.000 0.000
ARG+1A0098_004 1.000 1.000 1.000 1.000 1.000
GLU01A0099_001 0.000 0.000 0.000 0.000 0.000
GLU01A0099_002 0.000 0.000 0.001 0.000 0.000
GLU02A0099_003 0.000 0.000 0.000 0.000 0.000
GLU02A0099_004 0.010 0.011 0.009 0.011 0.011
GLU-1A0099_005 0.989 0.989 0.991 0.989 0.989
CYS01A0100_001 0.803 0.804 0.804 0.805 0.805
CYS01A0100_002 0.088 0.088 0.087 0.086 0.087
CYS01A0100_003 0.109 0.108 0.109 0.109 0.108
CYS-1A0100_004 0.000 0.000 0.000 0.000 0.000
ASN01A0101_001 1.000 1.000 1.000 1.000 1.000
ASN01A0101_002 0.000 0.000 0.000 0.000 0.000
ARG01A0102_001 0.000 0.000 0.000 0.000 0.000
ARG02A0102_002 0.000 0.000 0.000 0.000 0.000
ARG03A0102_003 0.000 0.000 0.000 0.000 0.000
ARG+1A0102_004 1.000 1.000 1.000 1.000 1.000
GLN01A0103_001 0.382 0.382 0.381 0.381 0.383
GLN01A0103_002 0.618 0.618 0.619 0.619 0.617
GLU01A0104_001 0.000 0.000 0.000 0.000 0.000
GLU01A0104_002 0.000 0.000 0.000 0.000 0.000
GLU02A0104_003 0.000 0.000 0.000 0.000 0.000
GLU02A0104_004 0.000 0.000 0.000 0.000 0.000
GLU-1A0104_005 1.000 1.000 1.000 1.000 1.000
VAL01A0105_001 1.000 1.000 1.000 1.000 1.000
ASN01A0106_001 1.000 1.000 1.000 1.000 1.000
ALA01A0107_001 1.000 1.000 1.000 1.000 1.000
VAL01A0108_001 1.000 1.000 1.000 1.000 1.000
VAL01A0109_001 1.000 1.000 1.000 1.000 1.000
LEU01A0110_001 1.000 1.000 1.000 1.000 1.000
LEU01A0111_001 1.000 1.000 1.000 1.000 1.000
TYR01A0112_001 1.000 1.000 1.000 1.000 1.000
TYR-1A0112_002 0.000 0.000 0.000 0.000 0.000
MET01A0113_001 1.000 1.000 1.000 1.000 1.000
ALA01A0114_001 1.000 1.000 1.000 1.000 1.000
THR01A0115_001 0.036 0.036 0.037 0.036 0.037
THR01A0115_002 0.964 0.964 0.963 0.964 0.963
GLN01A0116_001 1.000 1.000 1.000 1.000 1.000
GLN01A0116_002 0.000 0.000 0.000 0.000 0.000
ILE01A0117_001 1.000 1.000 1.000 1.000 1.000
SER01A0118_001 0.999 0.999 1.000 0.999 1.000
SER01A0118_002 0.001 0.001 0.000 0.001 0.000
SER01A0119_001 0.005 0.005 0.005 0.005 0.005
SER01A0119_002 0.995 0.995 0.995 0.995 0.995
ALA01A0120_001 1.000 1.000 1.000 1.000 1.000
MET01A0121_001 1.000 1.000 1.000 1.000 1.000
GLU01A0122_001 0.000 0.000 0.000 0.000 0.000
GLU01A0122_002 0.000 0.000 0.000 0.000 0.000
GLU02A0122_003 0.000 0.000 0.000 0.000 0.000
GLU02A0122_004 0.000 0.000 0.001 0.000 0.000
GLU-1A0122_005 1.000 1.000 0.999 1.000 1.000
TYR01A0123_001 0.954 0.954 0.954 0.954 0.954
TYR01A0123_002 0.046 0.046 0.046 0.046 0.046
TYR-1A0123_003 0.000 0.000 0.000 0.000 0.000
LEU01A0124_001 1.000 1.000 1.000 1.000 1.000
GLU01A0125_001 0.000 0.000 0.000 0.000 0.000
GLU01A0125_002 0.000 0.000 0.000 0.000 0.000
GLU02A0125_003 0.000 0.000 0.000 0.000 0.000
GLU02A0125_004 0.000 0.000 0.000 0.000 0.000
GLU-1A0125_005 1.000 1.000 1.000 1.000 1.000
LYS01A0126_001 0.000 0.000 0.000 0.000 0.000
LYS+1A0126_002 1.000 1.000 1.000 1.000 1.000
LYS01A0127_001 0.000 0.000 0.000 0.000 0.000
LYS+1A0127_002 1.000 1.000 1.000 1.000 1.000
ASN01A0128_001 0.354 0.354 0.354 0.353 0.352
ASN01A0128_002 0.646 0.646 0.646 0.647 0.648
PHE01A0129_001 1.000 1.000 1.000 1.000 1.000
ILE01A0130_001 1.000 1.000 1.000 1.000 1.000
HIS01A0131_001 1.000 1.000 1.000 1.000 1.000
HIS02A0131_002 0.000 0.000 0.000 0.000 0.000
HIS+1A0131_003 0.000 0.000 0.000 0.000 0.000
ARG01A0132_001 0.000 0.000 0.000 0.000 0.000
ARG02A0132_002 0.000 0.000 0.000 0.000 0.000
ARG02A0132_003 0.000 0.000 0.000 0.000 0.000
ARG03A0132_004 0.000 0.000 0.000 0.000 0.000
ARG03A0132_005 0.000 0.000 0.000 0.000 0.000
ARG+1A0132_006 1.000 1.000 1.000 1.000 1.000
ASP01A0133_001 0.000 0.000 0.000 0.000 0.000
ASP01A0133_002 0.000 0.000 0.000 0.000 0.000
ASP02A0133_003 0.000 0.000 0.000 0.000 0.000
ASP02A0133_004 0.000 0.000 0.000 0.000 0.000
ASP-1A0133_005 1.000 1.000 1.000 1.000 1.000
LEU01A0134_001 1.000 1.000 1.000 1.000 1.000
ALA01A0135_001 1.000 1.000 1.000 1.000 1.000
ALA01A0136_001 1.000 1.000 1.000 1.000 1.000
ARG01A0137_001 0.000 0.000 0.000 0.000 0.000
ARG02A0137_002 0.000 0.000 0.000 0.000 0.000
ARG03A0137_003 0.000 0.000 0.000 0.000 0.000
ARG03A0137_004 0.000 0.000 0.000 0.000 0.000
ARG+1A0137_005 1.000 1.000 1.000 1.000 1.000
ASN01A0138_001 1.000 1.000 1.000 1.000 1.000
ASN01A0138_002 0.000 0.000 0.000 0.000 0.000
CYS01A0139_001 0.122 0.121 0.122 0.122 0.122
CYS01A0139_002 0.690 0.693 0.691 0.691 0.691
CYS01A0139_003 0.187 0.186 0.187 0.188 0.187
CYS-1A0139_004 0.000 0.000 0.000 0.000 0.000
LEU01A0140_001 1.000 1.000 1.000 1.000 1.000
VAL01A0141_001 1.000 1.000 1.000 1.000 1.000
GLU01A0143_001 0.000 0.000 0.000 0.000 0.000
GLU01A0143_002 0.000 0.000 0.000 0.000 0.000
GLU02A0143_003 0.000 0.000 0.000 0.000 0.000
GLU02A0143_004 0.000 0.000 0.000 0.000 0.000
GLU-1A0143_005 1.000 1.000 1.000 1.000 1.000
ASN01A0144_001 0.466 0.466 0.467 0.466 0.467
ASN01A0144_002 0.534 0.534 0.533 0.534 0.533
HIS01A0145_001 0.078 0.079 0.077 0.078 0.079
HIS01A0145_002 0.279 0.278 0.280 0.278 0.279
HIS02A0145_003 0.350 0.349 0.352 0.350 0.350
HIS02A0145_004 0.007 0.007 0.007 0.007 0.007
HIS+1A0145_005 0.098 0.097 0.097 0.097 0.097
HIS+1A0145_006 0.188 0.189 0.187 0.189 0.188
LEU01A0146_001 1.000 1.000 1.000 1.000 1.000
VAL01A0147_001 1.000 1.000 1.000 1.000 1.000
LYS01A0148_001 0.000 0.000 0.000 0.000 0.000
LYS+1A0148_002 1.000 1.000 1.000 1.000 1.000
VAL01A0149_001 1.000 1.000 1.000 1.000 1.000
ALA01A0150_001 1.000 1.000 1.000 1.000 1.000
ASP01A0151_001 0.000 0.000 0.000 0.000 0.000
ASP01A0151_002 0.000 0.000 0.000 0.000 0.000
ASP02A0151_003 0.006 0.006 0.006 0.006 0.006
ASP02A0151_004 0.992 0.992 0.992 0.992 0.992
ASP-1A0151_005 0.002 0.002 0.002 0.002 0.002
PHE01A0152_001 1.000 1.000 1.000 1.000 1.000
LEU01A0154_001 1.000 1.000 1.000 1.000 1.000
SER01A0155_001 0.854 0.855 0.854 0.855 0.854
SER01A0155_002 0.000 0.000 0.000 0.000 0.000
SER01A0155_003 0.146 0.145 0.146 0.145 0.146
ARG01A0156_001 0.000 0.000 0.000 0.000 0.000
ARG02A0156_002 0.000 0.000 0.000 0.000 0.000
ARG03A0156_003 0.000 0.000 0.000 0.000 0.000
ARG+1A0156_004 1.000 1.000 1.000 1.000 1.000
LEU01A0157_001 1.000 1.000 1.000 1.000 1.000
MET01A0158_001 1.000 1.000 1.000 1.000 1.000
THR01A0159_001 0.197 0.197 0.197 0.196 0.197
THR01A0159_002 0.803 0.803 0.803 0.804 0.803
ASP01A0161_001 0.000 0.000 0.000 0.000 0.000
ASP01A0161_002 0.000 0.000 0.000 0.000 0.000
ASP02A0161_003 0.000 0.000 0.000 0.000 0.000
ASP02A0161_004 0.000 0.000 0.000 0.000 0.000
ASP-1A0161_005 1.000 1.000 1.000 1.000 1.000
THR01A0162_001 0.160 0.162 0.160 0.161 0.161
THR01A0162_002 0.840 0.838 0.840 0.839 0.839
TYR01A0163_001 0.802 0.803 0.803 0.803 0.803
TYR01A0163_002 0.197 0.197 0.197 0.197 0.197
TYR-1A0163_003 0.001 0.000 0.000 0.000 0.000
THR01A0164_001 0.026 0.026 0.026 0.026 0.025
THR01A0164_002 0.974 0.974 0.974 0.974 0.975
ALA01A0165_001 1.000 1.000 1.000 1.000 1.000
HIS01A0166_001 0.061 0.060 0.060 0.061 0.061
HIS01A0166_002 0.136 0.135 0.136 0.136 0.136
HIS02A0166_003 0.086 0.085 0.086 0.087 0.086
HIS02A0166_004 0.116 0.117 0.117 0.116 0.116
HIS+1A0166_005 0.115 0.115 0.115 0.114 0.115
HIS+1A0166_006 0.485 0.489 0.485 0.486 0.486
ALA01A0167_001 1.000 1.000 1.000 1.000 1.000
ALA01A0169_001 1.000 1.000 1.000 1.000 1.000
LYS01A0170_001 0.000 0.000 0.000 0.000 0.001
LYS+1A0170_002 1.000 1.000 1.000 1.000 0.999
PHE01A0171_001 1.000 1.000 1.000 1.000 1.000
PRO01A0172_001 1.000 1.000 1.000 1.000 1.000
ILE01A0173_001 1.000 1.000 1.000 1.000 1.000
LYS01A0174_001 0.041 0.041 0.041 0.041 0.041
LYS+1A0174_002 0.959 0.959 0.959 0.959 0.959
TRP01A0175_001 1.000 1.000 1.000 1.000 1.000
THR01A0176_001 0.050 0.050 0.050 0.050 0.049
THR01A0176_002 0.944 0.944 0.944 0.944 0.944
THR01A0176_003 0.006 0.006 0.006 0.007 0.006
ALA01A0177_001 1.000 1.000 1.000 1.000 1.000
PRO01A0178_001 1.000 1.000 1.000 1.000 1.000
GLU01A0179_001 0.000 0.000 0.000 0.000 0.000
GLU01A0179_002 0.000 0.000 0.000 0.000 0.000
GLU02A0179_003 0.000 0.000 0.000 0.000 0.000
GLU02A0179_004 0.000 0.000 0.000 0.000 0.000
GLU-1A0179_005 1.000 1.000 1.000 1.000 1.000
SER01A0180_001 0.945 0.944 0.944 0.944 0.944
SER01A0180_002 0.003 0.003 0.004 0.003 0.003
SER01A0180_003 0.052 0.052 0.052 0.053 0.052
LEU01A0181_001 1.000 1.000 1.000 1.000 1.000
ALA01A0182_001 1.000 1.000 1.000 1.000 1.000
TYR01A0183_001 0.996 0.996 0.996 0.996 0.996
TYR-1A0183_002 0.004 0.004 0.004 0.004 0.004
ASN01A0184_001 0.176 0.176 0.175 0.177 0.176
ASN01A0184_002 0.824 0.824 0.825 0.823 0.824
LYS01A0185_001 0.000 0.000 0.000 0.000 0.000
LYS+1A0185_002 1.000 1.000 1.000 1.000 1.000
PHE01A0186_001 1.000 1.000 1.000 1.000 1.000
SER01A0187_001 1.000 1.000 1.000 1.000 1.000
ILE01A0188_001 1.000 1.000 1.000 1.000 1.000
LYS01A0189_001 0.000 0.000 0.000 0.000 0.000
LYS+1A0189_002 1.000 1.000 1.000 1.000 1.000
SER01A0190_001 0.993 0.993 0.993 0.993 0.993
SER01A0190_002 0.007 0.007 0.007 0.007 0.007
ASP01A0191_001 0.004 0.004 0.004 0.004 0.004
ASP01A0191_002 0.996 0.996 0.996 0.996 0.996
ASP02A0191_003 0.000 0.000 0.000 0.000 0.000
ASP02A0191_004 0.000 0.000 0.000 0.000 0.000
ASP-1A0191_005 0.000 0.000 0.000 0.000 0.000
VAL01A0192_001 1.000 1.000 1.000 1.000 1.000
TRP01A0193_001 1.000 1.000 1.000 1.000 1.000
ALA01A0194_001 1.000 1.000 1.000 1.000 1.000
PHE01A0195_001 1.000 1.000 1.000 1.000 1.000
VAL01A0197_001 1.000 1.000 1.000 1.000 1.000
LEU01A0198_001 1.000 1.000 1.000 1.000 1.000
LEU01A0199_001 1.000 1.000 1.000 1.000 1.000
TRP01A0200_001 1.000 1.000 1.000 1.000 1.000
GLU01A0201_001 0.000 0.000 0.000 0.000 0.000
GLU01A0201_002 0.000 0.000 0.000 0.000 0.000
GLU02A0201_003 0.000 0.000 0.000 0.000 0.000
GLU02A0201_004 0.000 0.000 0.000 0.000 0.000
GLU-1A0201_005 1.000 1.000 1.000 1.000 1.000
ILE01A0202_001 1.000 1.000 1.000 1.000 1.000
ALA01A0203_001 1.000 1.000 1.000 1.000 1.000
THR01A0204_001 1.000 1.000 1.000 1.000 1.000
THR01A0204_002 0.000 0.000 0.000 0.000 0.000
TYR01A0205_001 0.996 0.996 0.996 0.996 0.996
TYR01A0205_002 0.004 0.004 0.004 0.004 0.004
TYR-1A0205_003 0.000 0.000 0.000 0.000 0.000
MET01A0207_001 1.000 1.000 1.000 1.000 1.000
SER01A0208_001 0.186 0.185 0.186 0.185 0.186
SER01A0208_002 0.814 0.815 0.814 0.815 0.814
PRO01A0209_001 1.000 1.000 1.000 1.000 1.000
TYR01A0210_001 1.000 1.000 1.000 1.000 1.000
TYR-1A0210_002 0.000 0.000 0.000 0.000 0.000
PRO01A0211_001 1.000 1.000 1.000 1.000 1.000
ILE01A0213_001 1.000 1.000 1.000 1.000 1.000
ASP01A0214_001 0.000 0.000 0.000 0.000 0.000
ASP01A0214_002 0.000 0.000 0.000 0.000 0.000
ASP02A0214_003 0.000 0.000 0.000 0.000 0.000
ASP02A0214_004 0.000 0.000 0.000 0.000 0.000
ASP-1A0214_005 1.000 1.000 1.000 1.000 1.000
LEU01A0215_001 1.000 1.000 1.000 1.000 1.000
SER01A0216_001 0.390 0.390 0.390 0.389 0.390
SER01A0216_002 0.005 0.005 0.005 0.005 0.005
SER01A0216_003 0.605 0.604 0.605 0.606 0.605
GLN01A0217_001 0.458 0.458 0.458 0.459 0.459
GLN01A0217_002 0.542 0.542 0.542 0.541 0.541
VAL01A0218_001 1.000 1.000 1.000 1.000 1.000
TYR01A0219_001 1.000 1.000 1.000 1.000 1.000
TYR-1A0219_002 0.000 0.000 0.000 0.000 0.000
GLU01A0220_001 0.000 0.000 0.000 0.000 0.000
GLU01A0220_002 0.000 0.000 0.000 0.000 0.000
GLU02A0220_003 0.000 0.000 0.000 0.000 0.000
GLU02A0220_004 0.000 0.000 0.000 0.000 0.000
GLU-1A0220_005 1.000 1.000 1.000 1.000 1.000
LEU01A0221_001 1.000 1.000 1.000 1.000 1.000
LEU01A0222_001 1.000 1.000 1.000 1.000 1.000
GLU01A0223_001 0.000 0.000 0.000 0.000 0.000
GLU01A0223_002 0.000 0.000 0.001 0.000 0.000
GLU02A0223_003 0.000 0.000 0.000 0.000 0.000
GLU02A0223_004 0.004 0.004 0.003 0.004 0.004
GLU-1A0223_005 0.996 0.996 0.996 0.996 0.996
LYS01A0224_001 0.000 0.000 0.000 0.000 0.000
LYS+1A0224_002 1.000 1.000 1.000 1.000 1.000
ASP01A0225_001 0.000 0.000 0.000 0.000 0.000
ASP01A0225_002 0.000 0.000 0.000 0.000 0.000
ASP02A0225_003 0.000 0.000 0.000 0.000 0.000
ASP02A0225_004 0.000 0.000 0.000 0.000 0.000
ASP-1A0225_005 1.000 1.000 1.000 1.000 1.000
TYR01A0226_001 0.714 0.713 0.714 0.714 0.715
TYR01A0226_002 0.283 0.285 0.284 0.284 0.283
TYR-1A0226_003 0.002 0.002 0.002 0.002 0.002
ARG01A0227_001 0.000 0.000 0.000 0.000 0.000
ARG02A0227_002 0.000 0.000 0.000 0.000 0.000
ARG02A0227_003 0.000 0.000 0.000 0.000 0.000
ARG03A0227_004 0.000 0.000 0.000 0.000 0.000
ARG+1A0227_005 1.000 1.000 1.000 1.000 1.000
MET01A0228_001 1.000 1.000 1.000 1.000 1.000
GLU01A0229_001 0.000 0.000 0.000 0.000 0.000
GLU01A0229_002 0.000 0.000 0.000 0.000 0.000
GLU02A0229_003 0.000 0.000 0.000 0.000 0.000
GLU02A0229_004 0.000 0.000 0.000 0.000 0.000
GLU-1A0229_005 1.000 1.000 1.000 1.000 1.000
ARG01A0230_001 0.000 0.000 0.000 0.000 0.000
ARG02A0230_002 0.000 0.000 0.000 0.000 0.000
ARG03A0230_003 0.000 0.000 0.000 0.000 0.000
ARG+1A0230_004 1.000 1.000 1.000 1.000 1.000
PRO01A0231_001 1.000 1.000 1.000 1.000 1.000
GLU01A0232_001 0.000 0.000 0.000 0.000 0.000
GLU01A0232_002 0.000 0.000 0.000 0.000 0.000
GLU02A0232_003 0.000 0.000 0.000 0.000 0.000
GLU02A0232_004 0.000 0.000 0.000 0.000 0.000
GLU-1A0232_005 1.000 1.000 1.000 1.000 1.000
CYS01A0234_001 0.313 0.314 0.314 0.313 0.314
CYS01A0234_002 0.410 0.410 0.409 0.409 0.410
CYS01A0234_003 0.277 0.276 0.277 0.278 0.276
CYS-1A0234_004 0.000 0.000 0.000 0.000 0.000
PRO01A0235_001 1.000 1.000 1.000 1.000 1.000
GLU01A0236_001 0.000 0.000 0.000 0.000 0.000
GLU01A0236_002 0.000 0.000 0.000 0.000 0.000
GLU02A0236_003 0.000 0.002 0.002 0.000 0.002
GLU02A0236_004 0.009 0.006 0.006 0.010 0.006
GLU-1A0236_005 0.991 0.992 0.992 0.990 0.992
LYS01A0237_001 0.000 0.000 0.000 0.000 0.000
LYS+1A0237_002 1.000 1.000 1.000 1.000 1.000
VAL01A0238_001 1.000 1.000 1.000 1.000 1.000
TYR01A0239_001 0.991 0.991 0.991 0.991 0.991
TYR01A0239_002 0.009 0.009 0.009 0.009 0.009
TYR-1A0239_003 0.000 0.000 0.000 0.000 0.000
GLU01A0240_001 0.000 0.000 0.000 0.000 0.000
GLU01A0240_002 0.004 0.005 0.005 0.005 0.004
GLU02A0240_003 0.000 0.000 0.000 0.000 0.000
GLU02A0240_004 0.005 0.005 0.005 0.005 0.005
GLU-1A0240_005 0.991 0.990 0.990 0.990 0.991
LEU01A0241_001 1.000 1.000 1.000 1.000 1.000
MET01A0242_001 1.000 1.000 1.000 1.000 1.000
ARG01A0243_001 0.000 0.000 0.000 0.000 0.000
ARG02A0243_002 0.000 0.000 0.000 0.000 0.000
ARG02A0243_003 0.000 0.000 0.000 0.000 0.000
ARG03A0243_004 0.000 0.000 0.000 0.000 0.000
ARG+1A0243_005 1.000 1.000 1.000 1.000 1.000
ALA01A0244_001 1.000 1.000 1.000 1.000 1.000
CYS01A0245_001 0.219 0.218 0.217 0.219 0.219
CYS01A0245_002 0.549 0.551 0.551 0.550 0.548
CYS01A0245_003 0.232 0.232 0.232 0.231 0.232
CYS-1A0245_004 0.000 0.000 0.000 0.000 0.000
TRP01A0246_001 1.000 1.000 1.000 1.000 1.000
GLN01A0247_001 0.937 0.938 0.937 0.938 0.937
GLN01A0247_002 0.063 0.062 0.063 0.062 0.063
TRP01A0248_001 1.000 1.000 1.000 1.000 1.000
ASN01A0249_001 0.989 0.989 0.989 0.989 0.989
ASN01A0249_002 0.011 0.011 0.011 0.011 0.011
PRO01A0250_001 1.000 1.000 1.000 1.000 1.000
SER01A0251_001 1.000 1.000 1.000 1.000 1.000
ASP01A0252_001 0.000 0.000 0.000 0.000 0.000
ASP01A0252_002 0.000 0.000 0.000 0.000 0.000
ASP02A0252_003 0.000 0.000 0.000 0.000 0.000
ASP02A0252_004 0.000 0.000 0.000 0.000 0.000
ASP-1A0252_005 1.000 1.000 1.000 1.000 1.000
ARG01A0253_001 0.000 0.000 0.000 0.000 0.000
ARG02A0253_002 0.000 0.000 0.000 0.000 0.000
ARG02A0253_003 0.000 0.000 0.000 0.000 0.000
ARG03A0253_004 0.000 0.000 0.000 0.000 0.000
ARG03A0253_005 0.000 0.000 0.000 0.000 0.000
ARG+1A0253_006 1.000 1.000 1.000 1.000 1.000
PRO01A0254_001 1.000 1.000 1.000 1.000 1.000
SER01A0255_001 0.164 0.164 0.163 0.163 0.164
SER01A0255_002 0.000 0.000 0.000 0.000 0.000
SER01A0255_003 0.836 0.836 0.837 0.837 0.836
PHE01A0256_001 1.000 1.000 1.000 1.000 1.000
ALA01A0257_001 1.000 1.000 1.000 1.000 1.000
GLU01A0258_001 0.000 0.000 0.000 0.000 0.000
GLU01A0258_002 0.000 0.000 0.000 0.000 0.000
GLU02A0258_003 0.000 0.000 0.000 0.000 0.000
GLU02A0258_004 0.000 0.000 0.000 0.000 0.000
GLU-1A0258_005 1.000 1.000 1.000 1.000 1.000
ILE01A0259_001 1.000 1.000 1.000 1.000 1.000
HIS01A0260_001 0.001 0.001 0.000 0.001 0.000
HIS01A0260_002 0.000 0.000 0.000 0.000 0.000
HIS02A0260_003 0.039 0.041 0.044 0.040 0.044
HIS02A0260_004 0.000 0.000 0.000 0.000 0.000
HIS+1A0260_005 0.841 0.839 0.837 0.841 0.836
HIS+1A0260_006 0.119 0.119 0.119 0.118 0.120
GLN01A0261_001 0.705 0.704 0.706 0.705 0.706
GLN01A0261_002 0.295 0.296 0.294 0.295 0.294
ALA01A0262_001 1.000 1.000 1.000 1.000 1.000
PHE01A0263_001 1.000 1.000 1.000 1.000 1.000
GLU01A0264_001 0.000 0.000 0.000 0.000 0.000
GLU01A0264_002 0.000 0.000 0.000 0.000 0.000
GLU02A0264_003 0.000 0.000 0.000 0.000 0.000
GLU02A0264_004 0.004 0.003 0.003 0.000 0.004
GLU-1A0264_005 0.996 0.996 0.996 1.000 0.996
THR01A0265_001 0.113 0.113 0.113 0.114 0.113
THR01A0265_002 0.887 0.887 0.887 0.886 0.887
MET01A0266_001 1.000 1.000 1.000 1.000 1.000
PHE01A0267_001 1.000 1.000 1.000 1.000 1.000
GLN01A0268_001 0.802 0.800 0.799 0.800 0.799
GLN01A0268_002 0.198 0.200 0.201 0.200 0.201
GLU01A0269_001 0.000 0.000 0.000 0.000 0.000
GLU01A0269_002 0.000 0.000 0.000 0.000 0.000
GLU02A0269_003 0.000 0.000 0.000 0.000 0.000
GLU02A0269_004 0.000 0.000 0.000 0.000 0.000
GLU-1A0269_005 1.000 1.000 1.000 1.000 1.000
SER01A0270_001 0.462 0.462 0.461 0.462 0.461
SER01A0270_002 0.538 0.538 0.539 0.538 0.539
SER01A0271_001 0.404 0.403 0.404 0.403 0.403
SER01A0271_002 0.596 0.597 0.596 0.597 0.597
ILE01A0272_001 1.000 1.000 1.000 1.000 1.000
SER01A0273_001 1.000 1.000 1.000 1.000 1.000
1N1+1B0001_001 0.000 0.000 0.000 0.000 0.000
1N1+1B0001_002 0.000 0.000 0.000 0.000 0.000
1N1+2B0001_003 0.000 0.000 0.000 0.000 0.000
1N101B0001_004 0.000 0.000 0.000 0.000 0.000
1N1+3B0001_005 0.001 0.001 0.000 0.001 0.001
1N1+3B0001_006 0.370 0.370 0.372 0.369 0.370
1N1+3B0001_007 0.001 0.000 0.001 0.001 0.001
1N1+3B0001_008 0.000 0.000 0.000 0.000 0.000
1N1+3B0001_009 0.000 0.000 0.000 0.000 0.000
1N1+3B0001_010 0.368 0.370 0.368 0.369 0.367
1N1+3B0001_011 0.082 0.082 0.082 0.082 0.083
1N1+3B0001_012 0.048 0.048 0.048 0.048 0.048
1N1+3B0001_013 0.000 0.000 0.000 0.000 0.000
1N1+3B0001_014 0.000 0.000 0.000 0.000 0.000
1N1+3B0001_015 0.081 0.081 0.081 0.081 0.082
1N1+3B0001_016 0.048 0.048 0.048 0.048 0.048
1N102B0001_017 0.000 0.000 0.000 0.000 0.000
1N1+4B0001_018 0.000 0.000 0.000 0.000 0.000
1N103B0001_019 0.000 0.000 0.000 0.000 0.000
1N103B0001_020 0.000 0.000 0.000 0.000 0.000
1N103B0001_021 0.000 0.000 0.000 0.000 0.000
1N104B0001_022 0.000 0.000 0.000 0.000 0.000
1N104B0001_023 0.000 0.000 0.000 0.000 0.000
1N104B0001_024 0.000 0.000 0.000 0.000 0.000
1N105B0001_025 0.000 0.000 0.000 0.000 0.000
1N105B0001_026 0.000 0.000 0.000 0.000 0.000
1N105B0001_027 0.000 0.000 0.000 0.000 0.000
1N106B0001_028 0.000 0.000 0.000 0.000 0.000
1N106B0001_029 0.000 0.000 0.000 0.000 0.000
1N106B0001_030 0.000 0.000 0.000 0.000 0.000
1N1DMB0001_031 0.000 0.000 0.000 0.000 0.000
