 ph              7.4   7.4   7.4   7.4   7.4
SER01A0001_001 1.000 1.000 1.000 1.000 1.000
ALA01A0002_001 1.000 1.000 1.000 1.000 1.000
LEU01A0003_001 1.000 1.000 1.000 1.000 1.000
PRO01A0004_001 1.000 1.000 1.000 1.000 1.000
THR01A0005_001 1.000 1.000 1.000 1.000 1.000
ILE01A0006_001 1.000 1.000 1.000 1.000 1.000
PRO01A0007_001 1.000 1.000 1.000 1.000 1.000
TYR01A0008_001 1.000 1.000 1.000 1.000 1.000
TYR-1A0008_002 0.000 0.000 0.000 0.000 0.000
HIS01A0009_001 0.295 0.295 0.295 0.297 0.295
HIS01A0009_002 0.120 0.121 0.120 0.121 0.121
HIS02A0009_003 0.350 0.347 0.349 0.346 0.348
HIS02A0009_004 0.188 0.190 0.189 0.188 0.189
HIS+1A0009_005 0.021 0.022 0.021 0.021 0.021
HIS+1A0009_006 0.026 0.026 0.026 0.026 0.026
LYS01A0010_001 0.000 0.000 0.000 0.000 0.000
LYS+1A0010_002 1.000 1.000 1.000 1.000 1.000
LEU01A0011_001 1.000 1.000 1.000 1.000 1.000
ALA01A0012_001 1.000 1.000 1.000 1.000 1.000
ASP01A0013_001 0.000 0.000 0.000 0.000 0.000
ASP01A0013_002 0.001 0.000 0.000 0.000 0.001
ASP02A0013_003 0.000 0.000 0.000 0.000 0.000
ASP02A0013_004 0.000 0.000 0.000 0.000 0.000
ASP-1A0013_005 0.999 1.000 1.000 1.000 0.999
LEU01A0014_001 1.000 1.000 1.000 1.000 1.000
ARG01A0015_001 0.000 0.000 0.000 0.000 0.000
ARG02A0015_002 0.000 0.000 0.000 0.000 0.000
ARG02A0015_003 1.000 1.000 1.000 1.000 1.000
ARG03A0015_004 0.000 0.000 0.000 0.000 0.000
ARG+1A0015_005 0.000 0.000 0.000 0.000 0.000
TYR01A0016_001 0.973 0.973 0.973 0.973 0.973
TYR-1A0016_002 0.027 0.027 0.027 0.027 0.027
LEU01A0017_001 1.000 1.000 1.000 1.000 1.000
SER01A0018_001 1.000 1.000 1.000 1.000 1.000
ARG01A0019_001 0.000 0.000 0.000 0.000 0.000
ARG02A0019_002 0.000 0.000 0.000 0.000 0.000
ARG03A0019_003 0.000 0.000 0.000 0.000 0.000
ARG+1A0019_004 1.000 1.000 1.000 1.000 1.000
ALA01A0021_001 1.000 1.000 1.000 1.000 1.000
SER01A0022_001 0.021 0.020 0.021 0.020 0.021
SER01A0022_002 0.002 0.002 0.002 0.002 0.002
SER01A0022_003 0.977 0.978 0.978 0.978 0.977
THR01A0024_001 0.679 0.679 0.680 0.679 0.681
THR01A0024_002 0.321 0.321 0.320 0.321 0.319
VAL01A0025_001 1.000 1.000 1.000 1.000 1.000
SER01A0026_001 0.199 0.199 0.198 0.195 0.195
SER01A0026_002 0.801 0.801 0.802 0.805 0.805
SER01A0027_001 0.105 0.105 0.106 0.105 0.105
SER01A0027_002 0.895 0.895 0.894 0.895 0.895
ALA01A0028_001 1.000 1.000 1.000 1.000 1.000
ARG01A0029_001 0.000 0.000 0.000 0.000 0.000
ARG02A0029_002 0.000 0.000 0.000 0.000 0.000
ARG03A0029_003 0.000 0.000 0.000 0.000 0.000
ARG+1A0029_004 1.000 1.000 1.000 1.000 1.000
HIS01A0030_001 1.000 1.000 1.000 1.000 1.000
HIS01A0030_002 0.000 0.000 0.000 0.000 0.000
HIS02A0030_003 0.000 0.000 0.000 0.000 0.000
HIS02A0030_004 0.000 0.000 0.000 0.000 0.000
HIS+1A0030_005 0.000 0.000 0.000 0.000 0.000
HIS+1A0030_006 0.000 0.000 0.000 0.000 0.000
ALA01A0031_001 1.000 1.000 1.000 1.000 1.000
ASP01A0032_001 0.000 0.000 0.000 0.000 0.000
ASP01A0032_002 0.000 0.000 0.000 0.000 0.000
ASP02A0032_003 0.000 0.000 0.000 0.000 0.000
ASP02A0032_004 0.000 0.000 0.000 0.000 0.000
ASP-1A0032_005 1.000 1.000 1.000 1.000 1.000
TRP01A0033_001 1.000 1.000 1.000 1.000 1.000
ARG01A0034_001 0.000 0.000 0.000 0.000 0.000
ARG02A0034_002 0.000 0.000 0.000 0.000 0.000
ARG03A0034_003 0.000 0.000 0.000 0.000 0.000
ARG03A0034_004 0.000 0.000 0.000 0.000 0.000
ARG+1A0034_005 1.000 1.000 1.000 1.000 1.000
VAL01A0035_001 1.000 1.000 1.000 1.000 1.000
GLN01A0036_001 0.560 0.558 0.559 0.560 0.559
GLN01A0036_002 0.440 0.442 0.441 0.440 0.441
VAL01A0037_001 1.000 1.000 1.000 1.000 1.000
ALA01A0038_001 1.000 1.000 1.000 1.000 1.000
VAL01A0039_001 1.000 1.000 1.000 1.000 1.000
LYS01A0040_001 0.000 0.000 0.000 0.000 0.000
LYS+1A0040_002 1.000 1.000 1.000 1.000 1.000
HIS01A0041_001 0.167 0.167 0.167 0.164 0.164
HIS02A0041_002 0.814 0.813 0.814 0.817 0.818
HIS+1A0041_003 0.019 0.019 0.019 0.019 0.019
LEU01A0042_001 1.000 1.000 1.000 1.000 1.000
HIS01A0043_001 0.043 0.043 0.042 0.042 0.043
HIS01A0043_002 0.227 0.227 0.228 0.228 0.227
HIS02A0043_003 0.193 0.192 0.191 0.193 0.191
HIS02A0043_004 0.258 0.259 0.259 0.258 0.258
HIS+1A0043_005 0.120 0.120 0.119 0.119 0.120
HIS+1A0043_006 0.159 0.160 0.160 0.160 0.160
ILE01A0044_001 1.000 1.000 1.000 1.000 1.000
HIS01A0045_001 0.115 0.115 0.116 0.116 0.116
HIS01A0045_002 0.118 0.118 0.118 0.119 0.118
HIS02A0045_003 0.139 0.140 0.140 0.139 0.139
HIS02A0045_004 0.153 0.152 0.153 0.154 0.152
HIS+1A0045_005 0.237 0.238 0.237 0.237 0.238
HIS+1A0045_006 0.237 0.237 0.237 0.236 0.236
THR01A0046_001 0.182 0.181 0.181 0.182 0.183
THR01A0046_002 0.818 0.819 0.819 0.818 0.817
PRO01A0047_001 1.000 1.000 1.000 1.000 1.000
LEU01A0048_001 1.000 1.000 1.000 1.000 1.000
LEU01A0049_001 1.000 1.000 1.000 1.000 1.000
ASP01A0050_001 0.000 0.000 0.000 0.000 0.000
ASP01A0050_002 0.000 0.000 0.000 0.000 0.000
ASP02A0050_003 0.000 0.000 0.000 0.000 0.000
ASP02A0050_004 0.000 0.000 0.000 0.000 0.000
ASP-1A0050_005 1.000 1.000 1.000 1.000 1.000
SER01A0051_001 0.918 0.918 0.918 0.918 0.918
SER01A0051_002 0.082 0.082 0.082 0.082 0.082
GLU01A0052_001 0.000 0.000 0.000 0.000 0.000
GLU01A0052_002 0.072 0.073 0.073 0.072 0.073
GLU02A0052_003 0.000 0.000 0.000 0.000 0.000
GLU02A0052_004 0.000 0.000 0.000 0.000 0.000
GLU-1A0052_005 0.928 0.927 0.927 0.928 0.927
ARG01A0053_001 0.000 0.000 0.000 0.000 0.000
ARG02A0053_002 0.000 0.000 0.000 0.000 0.000
ARG03A0053_003 0.000 0.000 0.000 0.000 0.000
ARG+1A0053_004 1.000 1.000 1.000 1.000 1.000
LYS01A0054_001 0.006 0.006 0.007 0.006 0.006
LYS+1A0054_002 0.994 0.994 0.993 0.994 0.994
ASP01A0055_001 0.000 0.000 0.000 0.000 0.000
ASP01A0055_002 0.000 0.000 0.000 0.000 0.000
ASP02A0055_003 0.000 0.000 0.000 0.000 0.000
ASP02A0055_004 0.000 0.000 0.000 0.000 0.000
ASP-1A0055_005 1.000 1.000 1.000 1.000 1.000
VAL01A0056_001 1.000 1.000 1.000 1.000 1.000
LEU01A0057_001 1.000 1.000 1.000 1.000 1.000
ARG01A0058_001 0.000 0.000 0.000 0.000 0.000
ARG02A0058_002 0.000 0.000 0.000 0.000 0.000
ARG03A0058_003 0.000 0.000 0.000 0.000 0.000
ARG+1A0058_004 1.000 1.000 1.000 1.000 1.000
GLU01A0059_001 0.000 0.000 0.000 0.000 0.000
GLU01A0059_002 0.000 0.000 0.000 0.000 0.000
GLU02A0059_003 0.000 0.000 0.000 0.000 0.000
GLU02A0059_004 0.000 0.000 0.000 0.000 0.000
GLU-1A0059_005 1.000 1.000 1.000 1.000 1.000
ALA01A0060_001 1.000 1.000 1.000 1.000 1.000
GLU01A0061_001 0.000 0.000 0.000 0.000 0.000
GLU01A0061_002 0.000 0.000 0.000 0.000 0.000
GLU02A0061_003 0.000 0.000 0.000 0.000 0.000
GLU02A0061_004 0.000 0.000 0.000 0.000 0.000
GLU-1A0061_005 1.000 1.000 1.000 1.000 1.000
ILE01A0062_001 1.000 1.000 1.000 1.000 1.000
LEU01A0063_001 1.000 1.000 1.000 1.000 1.000
HIS01A0064_001 0.462 0.462 0.462 0.461 0.462
HIS01A0064_002 0.168 0.167 0.167 0.168 0.168
HIS02A0064_003 0.059 0.059 0.059 0.059 0.058
HIS02A0064_004 0.311 0.312 0.311 0.312 0.312
HIS+1A0064_005 0.000 0.000 0.000 0.000 0.000
HIS+1A0064_006 0.000 0.000 0.000 0.000 0.000
LYS01A0065_001 0.000 0.000 0.000 0.000 0.000
LYS+1A0065_002 1.000 1.000 1.000 1.000 1.000
ALA01A0066_001 1.000 1.000 1.000 1.000 1.000
ARG01A0067_001 0.000 0.000 0.000 0.000 0.000
ARG02A0067_002 0.000 0.000 0.000 0.000 0.000
ARG02A0067_003 0.000 0.000 0.000 0.000 0.000
ARG03A0067_004 0.000 0.000 0.000 0.000 0.000
ARG+1A0067_005 1.000 1.000 1.000 1.000 1.000
PHE01A0068_001 1.000 1.000 1.000 1.000 1.000
SER01A0069_001 0.164 0.164 0.164 0.164 0.164
SER01A0069_002 0.836 0.836 0.836 0.836 0.836
TYR01A0070_001 0.557 0.558 0.558 0.557 0.557
TYR01A0070_002 0.443 0.442 0.442 0.443 0.443
TYR-1A0070_003 0.000 0.000 0.000 0.000 0.000
ILE01A0071_001 1.000 1.000 1.000 1.000 1.000
LEU01A0072_001 1.000 1.000 1.000 1.000 1.000
PRO01A0073_001 1.000 1.000 1.000 1.000 1.000
ILE01A0074_001 1.000 1.000 1.000 1.000 1.000
LEU01A0075_001 1.000 1.000 1.000 1.000 1.000
ILE01A0077_001 1.000 1.000 1.000 1.000 1.000
CYS01A0078_001 0.828 0.828 0.828 0.829 0.829
CYS01A0078_002 0.081 0.080 0.081 0.081 0.081
CYS01A0078_003 0.091 0.091 0.091 0.091 0.091
CYS-1A0078_004 0.000 0.000 0.000 0.000 0.000
ASN01A0079_001 0.975 0.974 0.974 0.973 0.974
ASN01A0079_002 0.025 0.026 0.026 0.027 0.026
GLU01A0080_001 0.000 0.000 0.000 0.000 0.000
GLU01A0080_002 0.000 0.000 0.000 0.000 0.000
GLU02A0080_003 0.000 0.000 0.000 0.000 0.000
GLU02A0080_004 0.000 0.000 0.000 0.000 0.000
GLU-1A0080_005 1.000 1.000 1.000 1.000 1.000
PRO01A0081_001 1.000 1.000 1.000 1.000 1.000
GLU01A0082_001 0.000 0.000 0.000 0.000 0.000
GLU01A0082_002 0.000 0.000 0.000 0.000 0.000
GLU02A0082_003 0.000 0.000 0.000 0.000 0.000
GLU02A0082_004 0.000 0.000 0.000 0.000 0.000
GLU-1A0082_005 1.000 1.000 1.000 1.000 1.000
PHE01A0083_001 1.000 1.000 1.000 1.000 1.000
LEU01A0084_001 1.000 1.000 1.000 1.000 1.000
ILE01A0086_001 1.000 1.000 1.000 1.000 1.000
VAL01A0087_001 1.000 1.000 1.000 1.000 1.000
THR01A0088_001 0.008 0.008 0.008 0.008 0.008
THR01A0088_002 0.701 0.702 0.702 0.703 0.703
THR01A0088_003 0.291 0.290 0.290 0.289 0.289
GLU01A0089_001 0.000 0.000 0.000 0.000 0.000
GLU01A0089_002 0.000 0.000 0.000 0.000 0.000
GLU02A0089_003 0.000 0.000 0.000 0.000 0.000
GLU02A0089_004 0.000 0.000 0.000 0.000 0.000
GLU-1A0089_005 1.000 1.000 1.000 1.000 1.000
TYR01A0090_001 1.000 1.000 1.000 1.000 1.000
TYR-1A0090_002 0.000 0.000 0.000 0.000 0.000
MET01A0091_001 1.000 1.000 1.000 1.000 1.000
PRO01A0092_001 1.000 1.000 1.000 1.000 1.000
ASN01A0093_001 1.000 1.000 1.000 1.000 1.000
SER01A0095_001 1.000 1.000 1.000 1.000 1.000
SER01A0095_002 0.000 0.000 0.000 0.000 0.000
LEU01A0096_001 1.000 1.000 1.000 1.000 1.000
ASN01A0097_001 0.781 0.781 0.781 0.784 0.781
ASN01A0097_002 0.219 0.219 0.219 0.216 0.219
GLU01A0098_001 0.000 0.000 0.000 0.000 0.000
GLU01A0098_002 0.000 0.000 0.000 0.000 0.000
GLU02A0098_003 0.000 0.000 0.000 0.000 0.000
GLU02A0098_004 0.000 0.000 0.000 0.000 0.000
GLU-1A0098_005 1.000 1.000 1.000 1.000 1.000
LEU01A0099_001 1.000 1.000 1.000 1.000 1.000
LEU01A0100_001 1.000 1.000 1.000 1.000 1.000
HIS01A0101_001 0.972 0.971 0.972 0.972 0.971
HIS02A0101_002 0.003 0.004 0.004 0.004 0.004
HIS+1A0101_003 0.025 0.025 0.025 0.024 0.025
ARG01A0102_001 0.000 0.000 0.000 0.000 0.000
ARG02A0102_002 0.000 0.000 0.000 0.000 0.000
ARG02A0102_003 0.000 0.000 0.000 0.000 0.000
ARG03A0102_004 0.000 0.000 0.000 0.000 0.000
ARG+1A0102_005 1.000 1.000 1.000 1.000 1.000
LYS01A0103_001 0.030 0.029 0.029 0.030 0.030
LYS+1A0103_002 0.970 0.971 0.971 0.970 0.970
THR01A0104_001 1.000 1.000 1.000 1.000 1.000
GLU01A0105_001 0.000 0.000 0.000 0.000 0.000
GLU01A0105_002 0.000 0.000 0.000 0.000 0.000
GLU02A0105_003 0.000 0.000 0.000 0.000 0.000
GLU02A0105_004 0.001 0.000 0.000 0.000 0.000
GLU-1A0105_005 0.999 1.000 1.000 1.000 1.000
TYR01A0106_001 1.000 1.000 1.000 1.000 1.000
TYR-1A0106_002 0.000 0.000 0.000 0.000 0.000
PRO01A0107_001 1.000 1.000 1.000 1.000 1.000
ASP01A0108_001 0.000 0.000 0.000 0.000 0.000
ASP01A0108_002 0.001 0.000 0.002 0.001 0.002
ASP02A0108_003 0.000 0.000 0.000 0.000 0.000
ASP02A0108_004 0.000 0.000 0.000 0.000 0.000
ASP-1A0108_005 0.999 1.000 0.998 0.999 0.998
VAL01A0109_001 1.000 1.000 1.000 1.000 1.000
ALA01A0110_001 1.000 1.000 1.000 1.000 1.000
TRP01A0111_001 1.000 1.000 1.000 1.000 1.000
PRO01A0112_001 1.000 1.000 1.000 1.000 1.000
LEU01A0113_001 1.000 1.000 1.000 1.000 1.000
ARG01A0114_001 0.000 0.000 0.000 0.000 0.000
ARG02A0114_002 0.000 0.000 0.000 0.000 0.000
ARG03A0114_003 0.000 0.000 0.000 0.000 0.000
ARG+1A0114_004 1.000 1.000 1.000 1.000 1.000
PHE01A0115_001 1.000 1.000 1.000 1.000 1.000
ARG01A0116_001 0.000 0.000 0.000 0.000 0.000
ARG02A0116_002 0.000 0.000 0.000 0.000 0.000
ARG03A0116_003 0.000 0.000 0.000 0.000 0.000
ARG03A0116_004 0.000 0.000 0.000 0.000 0.000
ARG+1A0116_005 1.000 1.000 1.000 1.000 1.000
ILE01A0117_001 1.000 1.000 1.000 1.000 1.000
LEU01A0118_001 1.000 1.000 1.000 1.000 1.000
HIS01A0119_001 0.511 0.510 0.511 0.510 0.511
HIS01A0119_002 0.107 0.107 0.108 0.107 0.108
HIS02A0119_003 0.122 0.122 0.122 0.122 0.123
HIS02A0119_004 0.258 0.260 0.258 0.260 0.258
HIS+1A0119_005 0.000 0.000 0.002 0.000 0.000
HIS+1A0119_006 0.002 0.000 0.000 0.000 0.000
GLU01A0120_001 0.000 0.000 0.000 0.000 0.000
GLU01A0120_002 0.000 0.000 0.000 0.000 0.000
GLU02A0120_003 0.000 0.000 0.000 0.000 0.000
GLU02A0120_004 0.000 0.000 0.000 0.000 0.000
GLU-1A0120_005 1.000 1.000 1.000 1.000 1.000
ILE01A0121_001 1.000 1.000 1.000 1.000 1.000
ALA01A0122_001 1.000 1.000 1.000 1.000 1.000
LEU01A0123_001 1.000 1.000 1.000 1.000 1.000
VAL01A0125_001 1.000 1.000 1.000 1.000 1.000
ASN01A0126_001 0.997 0.997 0.996 0.997 0.997
ASN01A0126_002 0.003 0.003 0.004 0.003 0.003
TYR01A0127_001 1.000 1.000 1.000 1.000 1.000
TYR-1A0127_002 0.000 0.000 0.000 0.000 0.000
LEU01A0128_001 1.000 1.000 1.000 1.000 1.000
HIS01A0129_001 0.962 0.963 0.963 0.963 0.962
HIS02A0129_002 0.000 0.000 0.000 0.001 0.000
HIS+1A0129_003 0.038 0.037 0.037 0.037 0.038
ASN01A0130_001 0.831 0.831 0.831 0.832 0.831
ASN01A0130_002 0.169 0.169 0.169 0.168 0.169
MET01A0131_001 1.000 1.000 1.000 1.000 1.000
THR01A0132_001 0.248 0.247 0.247 0.248 0.248
THR01A0132_002 0.752 0.753 0.753 0.752 0.752
PRO01A0133_001 1.000 1.000 1.000 1.000 1.000
PRO01A0134_001 1.000 1.000 1.000 1.000 1.000
LEU01A0135_001 1.000 1.000 1.000 1.000 1.000
LEU01A0136_001 1.000 1.000 1.000 1.000 1.000
HIS01A0137_001 1.000 1.000 1.000 1.000 1.000
HIS02A0137_002 0.000 0.000 0.000 0.000 0.000
HIS+1A0137_003 0.000 0.000 0.000 0.000 0.000
HIS01A0138_001 0.254 0.254 0.254 0.254 0.254
HIS01A0138_002 0.011 0.011 0.011 0.011 0.011
HIS02A0138_003 0.215 0.214 0.213 0.213 0.214
HIS02A0138_004 0.521 0.522 0.522 0.522 0.521
HIS+1A0138_005 0.000 0.000 0.000 0.000 0.000
HIS+1A0138_006 0.000 0.000 0.000 0.000 0.000
ASP01A0139_001 0.000 0.000 0.000 0.000 0.000
ASP01A0139_002 0.000 0.000 0.000 0.000 0.000
ASP02A0139_003 0.014 0.014 0.014 0.014 0.014
ASP02A0139_004 0.002 0.002 0.002 0.002 0.002
ASP-1A0139_005 0.985 0.985 0.985 0.984 0.984
LEU01A0140_001 1.000 1.000 1.000 1.000 1.000
LYS01A0141_001 0.000 0.000 0.000 0.000 0.000
LYS+1A0141_002 1.000 1.000 1.000 1.000 1.000
THR01A0142_001 0.294 0.293 0.294 0.290 0.294
THR01A0142_002 0.005 0.005 0.005 0.005 0.005
THR01A0142_003 0.701 0.702 0.702 0.705 0.701
GLN01A0143_001 1.000 1.000 1.000 1.000 1.000
ASN01A0144_001 1.000 1.000 1.000 1.000 1.000
ASN01A0144_002 0.000 0.000 0.000 0.000 0.000
ILE01A0145_001 1.000 1.000 1.000 1.000 1.000
LEU01A0146_001 1.000 1.000 1.000 1.000 1.000
LEU01A0147_001 1.000 1.000 1.000 1.000 1.000
ASP01A0148_001 0.000 0.000 0.000 0.000 0.000
ASP01A0148_002 0.000 0.000 0.000 0.000 0.000
ASP02A0148_003 0.000 0.000 0.000 0.000 0.000
ASP02A0148_004 0.000 0.000 0.000 0.000 0.000
ASP-1A0148_005 1.000 1.000 1.000 1.000 1.000
ASN01A0149_001 0.695 0.695 0.696 0.696 0.696
ASN01A0149_002 0.305 0.305 0.304 0.304 0.304
GLU01A0150_001 0.000 0.000 0.000 0.000 0.000
GLU01A0150_002 0.000 0.000 0.000 0.000 0.000
GLU02A0150_003 0.000 0.000 0.000 0.000 0.000
GLU02A0150_004 0.000 0.000 0.000 0.000 0.000
GLU-1A0150_005 1.000 1.000 1.000 1.000 1.000
PHE01A0151_001 1.000 1.000 1.000 1.000 1.000
HIS01A0152_001 0.000 0.000 0.000 0.000 0.000
HIS02A0152_002 0.000 0.000 0.000 0.000 0.000
HIS+1A0152_003 1.000 1.000 1.000 1.000 1.000
VAL01A0153_001 1.000 1.000 1.000 1.000 1.000
LYS01A0154_001 0.000 0.000 0.000 0.000 0.000
LYS+1A0154_002 1.000 1.000 1.000 1.000 1.000
ILE01A0155_001 1.000 1.000 1.000 1.000 1.000
ALA01A0156_001 1.000 1.000 1.000 1.000 1.000
ASP01A0157_001 0.000 0.000 0.000 0.000 0.000
ASP01A0157_002 0.532 0.533 0.533 0.533 0.532
ASP02A0157_003 0.000 0.000 0.000 0.000 0.000
ASP02A0157_004 0.000 0.000 0.000 0.000 0.000
ASP-1A0157_005 0.468 0.467 0.467 0.467 0.468
PHE01A0158_001 1.000 1.000 1.000 1.000 1.000
LEU01A0160_001 1.000 1.000 1.000 1.000 1.000
SER01A0161_001 1.000 1.000 1.000 1.000 1.000
LYS01A0162_001 0.005 0.004 0.004 0.004 0.004
LYS+1A0162_002 0.995 0.996 0.996 0.996 0.996
TRP01A0163_001 1.000 1.000 1.000 1.000 1.000
CYS01A0164_001 0.280 0.280 0.281 0.281 0.280
CYS01A0164_002 0.294 0.294 0.295 0.293 0.294
CYS01A0164_003 0.354 0.353 0.351 0.353 0.353
CYS-1A0164_004 0.073 0.073 0.073 0.072 0.073
MET01A0165_001 1.000 1.000 1.000 1.000 1.000
MET01A0166_001 1.000 1.000 1.000 1.000 1.000
SER01A0167_001 0.087 0.088 0.089 0.087 0.088
SER01A0167_002 0.913 0.912 0.911 0.913 0.912
LEU01A0168_001 1.000 1.000 1.000 1.000 1.000
SER01A0169_001 0.482 0.480 0.482 0.481 0.481
SER01A0169_002 0.518 0.520 0.518 0.519 0.519
GLN01A0170_001 0.179 0.177 0.178 0.178 0.177
GLN01A0170_002 0.821 0.823 0.822 0.822 0.823
SER01A0171_001 1.000 1.000 1.000 1.000 1.000
ARG01A0172_001 0.000 0.000 0.000 0.000 0.000
ARG02A0172_002 0.000 0.000 0.000 0.000 0.000
ARG03A0172_003 0.000 0.000 0.000 0.000 0.000
ARG+1A0172_004 1.000 1.000 1.000 1.000 1.000
SER01A0173_001 0.006 0.006 0.005 0.006 0.006
SER01A0173_002 0.994 0.994 0.995 0.994 0.994
SER01A0174_001 1.000 1.000 1.000 1.000 1.000
LYS01A0175_001 0.004 0.004 0.004 0.004 0.004
LYS+1A0175_002 0.996 0.996 0.996 0.996 0.996
SER01A0176_001 1.000 1.000 1.000 1.000 1.000
ALA01A0177_001 1.000 1.000 1.000 1.000 1.000
PRO01A0178_001 1.000 1.000 1.000 1.000 1.000
GLU01A0179_001 0.000 0.000 0.000 0.000 0.000
GLU01A0179_002 0.000 0.000 0.000 0.000 0.000
GLU02A0179_003 0.000 0.000 0.000 0.000 0.000
GLU02A0179_004 0.000 0.000 0.000 0.000 0.000
GLU-1A0179_005 1.000 1.000 1.000 1.000 1.000
THR01A0182_001 0.102 0.103 0.103 0.104 0.103
THR01A0182_002 0.898 0.897 0.897 0.896 0.897
ILE01A0183_001 1.000 1.000 1.000 1.000 1.000
ILE01A0184_001 1.000 1.000 1.000 1.000 1.000
TYR01A0185_001 0.954 0.957 0.959 0.959 0.958
TYR01A0185_002 0.046 0.043 0.041 0.041 0.042
TYR-1A0185_003 0.000 0.000 0.000 0.000 0.000
MET01A0186_001 1.000 1.000 1.000 1.000 1.000
PRO01A0187_001 1.000 1.000 1.000 1.000 1.000
PRO01A0188_001 1.000 1.000 1.000 1.000 1.000
GLU01A0189_001 0.000 0.000 0.000 0.000 0.000
GLU01A0189_002 0.000 0.000 0.000 0.000 0.000
GLU02A0189_003 0.000 0.000 0.000 0.000 0.000
GLU02A0189_004 0.000 0.000 0.000 0.000 0.000
GLU-1A0189_005 1.000 1.000 1.000 1.000 1.000
ASN01A0190_001 0.027 0.027 0.028 0.027 0.028
ASN01A0190_002 0.973 0.973 0.972 0.973 0.972
TYR01A0191_001 1.000 1.000 1.000 1.000 1.000
TYR-1A0191_002 0.000 0.000 0.000 0.000 0.000
GLU01A0192_001 0.000 0.000 0.000 0.000 0.000
GLU01A0192_002 0.008 0.008 0.008 0.008 0.009
GLU02A0192_003 0.000 0.000 0.000 0.000 0.000
GLU02A0192_004 0.006 0.006 0.006 0.006 0.006
GLU-1A0192_005 0.986 0.986 0.986 0.986 0.986
PRO01A0193_001 1.000 1.000 1.000 1.000 1.000
GLN01A0195_001 0.355 0.356 0.356 0.355 0.355
GLN01A0195_002 0.645 0.644 0.644 0.645 0.645
LYS01A0196_001 0.000 0.000 0.000 0.000 0.000
LYS+1A0196_002 1.000 1.000 1.000 1.000 1.000
SER01A0197_001 0.997 0.997 0.997 0.997 0.997
SER01A0197_002 0.003 0.003 0.003 0.003 0.003
ARG01A0198_001 0.000 0.000 0.000 0.000 0.000
ARG02A0198_002 0.000 0.000 0.000 0.000 0.000
ARG03A0198_003 0.000 0.000 0.000 0.000 0.000
ARG03A0198_004 0.000 0.000 0.000 0.000 0.000
ARG+1A0198_005 1.000 1.000 1.000 1.000 1.000
ALA01A0199_001 1.000 1.000 1.000 1.000 1.000
SER01A0200_001 0.003 0.003 0.003 0.003 0.003
SER01A0200_002 0.997 0.997 0.997 0.997 0.997
ILE01A0201_001 1.000 1.000 1.000 1.000 1.000
LYS01A0202_001 0.002 0.003 0.003 0.002 0.002
LYS+1A0202_002 0.998 0.997 0.997 0.998 0.998
HIS01A0203_001 0.893 0.893 0.893 0.892 0.892
HIS02A0203_002 0.107 0.107 0.107 0.108 0.108
HIS+1A0203_003 0.000 0.000 0.000 0.000 0.000
ASP01A0204_001 0.000 0.000 0.000 0.000 0.000
ASP01A0204_002 0.000 0.000 0.000 0.000 0.000
ASP02A0204_003 0.000 0.000 0.000 0.000 0.000
ASP02A0204_004 0.000 0.000 0.000 0.000 0.000
ASP-1A0204_005 1.000 1.000 1.000 1.000 1.000
ILE01A0205_001 1.000 1.000 1.000 1.000 1.000
TYR01A0206_001 0.983 0.983 0.983 0.983 0.983
TYR01A0206_002 0.017 0.017 0.017 0.017 0.017
TYR-1A0206_003 0.000 0.000 0.000 0.000 0.000
SER01A0207_001 0.996 0.996 0.996 0.996 0.996
SER01A0207_002 0.004 0.004 0.004 0.004 0.004
TYR01A0208_001 0.899 0.900 0.900 0.900 0.900
TYR01A0208_002 0.101 0.100 0.100 0.100 0.100
TYR-1A0208_003 0.000 0.000 0.000 0.000 0.000
ALA01A0209_001 1.000 1.000 1.000 1.000 1.000
VAL01A0210_001 1.000 1.000 1.000 1.000 1.000
ILE01A0211_001 1.000 1.000 1.000 1.000 1.000
THR01A0212_001 0.022 0.022 0.022 0.022 0.022
THR01A0212_002 0.978 0.978 0.978 0.978 0.978
TRP01A0213_001 1.000 1.000 1.000 1.000 1.000
GLU01A0214_001 0.000 0.000 0.000 0.000 0.000
GLU01A0214_002 0.044 0.042 0.039 0.040 0.040
GLU02A0214_003 0.001 0.002 0.002 0.001 0.002
GLU02A0214_004 0.008 0.007 0.007 0.007 0.007
GLU-1A0214_005 0.948 0.950 0.952 0.952 0.951
VAL01A0215_001 1.000 1.000 1.000 1.000 1.000
LEU01A0216_001 1.000 1.000 1.000 1.000 1.000
SER01A0217_001 0.583 0.582 0.584 0.585 0.583
SER01A0217_002 0.000 0.000 0.000 0.000 0.000
SER01A0217_003 0.417 0.418 0.416 0.415 0.417
ARG01A0218_001 0.000 0.000 0.000 0.000 0.000
ARG02A0218_002 0.000 0.000 0.000 0.000 0.000
ARG03A0218_003 0.000 0.000 0.000 0.000 0.000
ARG03A0218_004 0.000 0.000 0.000 0.000 0.000
ARG+1A0218_005 1.000 1.000 1.000 1.000 1.000
LYS01A0219_001 0.000 0.000 0.000 0.000 0.000
LYS+1A0219_002 1.000 1.000 1.000 1.000 1.000
GLN01A0220_001 0.772 0.772 0.773 0.773 0.772
GLN01A0220_002 0.228 0.228 0.227 0.227 0.228
PRO01A0221_001 1.000 1.000 1.000 1.000 1.000
PHE01A0222_001 1.000 1.000 1.000 1.000 1.000
GLU01A0223_001 0.000 0.000 0.000 0.000 0.000
GLU01A0223_002 0.000 0.000 0.002 0.000 0.000
GLU02A0223_003 0.000 0.000 0.000 0.000 0.000
GLU02A0223_004 0.000 0.000 0.000 0.000 0.000
GLU-1A0223_005 1.000 1.000 0.998 1.000 1.000
ASP01A0224_001 0.000 0.000 0.000 0.000 0.000
ASP01A0224_002 0.000 0.000 0.000 0.000 0.000
ASP02A0224_003 0.000 0.000 0.000 0.000 0.000
ASP02A0224_004 0.001 0.000 0.000 0.001 0.000
ASP-1A0224_005 0.999 1.000 1.000 0.999 1.000
VAL01A0225_001 1.000 1.000 1.000 1.000 1.000
THR01A0226_001 1.000 1.000 1.000 1.000 1.000
ASN01A0227_001 1.000 1.000 1.000 1.000 1.000
PRO01A0228_001 1.000 1.000 1.000 1.000 1.000
LEU01A0229_001 1.000 1.000 1.000 1.000 1.000
GLN01A0230_001 0.919 0.920 0.920 0.920 0.920
GLN01A0230_002 0.081 0.080 0.080 0.080 0.080
ILE01A0231_001 1.000 1.000 1.000 1.000 1.000
MET01A0232_001 1.000 1.000 1.000 1.000 1.000
TYR01A0233_001 0.535 0.535 0.534 0.534 0.533
TYR01A0233_002 0.462 0.463 0.463 0.463 0.464
TYR-1A0233_003 0.003 0.002 0.002 0.002 0.002
SER01A0234_001 1.000 1.000 1.000 1.000 1.000
VAL01A0235_001 1.000 1.000 1.000 1.000 1.000
SER01A0236_001 1.000 1.000 1.000 1.000 1.000
GLN01A0237_001 0.279 0.280 0.278 0.280 0.280
GLN01A0237_002 0.721 0.720 0.722 0.720 0.720
HIS01A0239_001 0.134 0.133 0.133 0.133 0.133
HIS01A0239_002 0.110 0.110 0.110 0.111 0.111
HIS02A0239_003 0.333 0.335 0.336 0.333 0.333
HIS02A0239_004 0.163 0.162 0.161 0.162 0.162
HIS+1A0239_005 0.192 0.193 0.192 0.193 0.193
HIS+1A0239_006 0.068 0.068 0.068 0.068 0.068
ARG01A0240_001 0.000 0.000 0.000 0.000 0.000
ARG02A0240_002 0.000 0.000 0.000 0.000 0.000
ARG03A0240_003 0.000 0.000 0.000 0.000 0.000
ARG03A0240_004 0.000 0.000 0.000 0.000 0.000
ARG+1A0240_005 1.000 1.000 1.000 1.000 1.000
PRO01A0241_001 1.000 1.000 1.000 1.000 1.000
VAL01A0242_001 1.000 1.000 1.000 1.000 1.000
ILE01A0243_001 1.000 1.000 1.000 1.000 1.000
ASN01A0244_001 0.541 0.541 0.542 0.543 0.542
ASN01A0244_002 0.459 0.459 0.458 0.457 0.458
GLU01A0245_001 0.000 0.000 0.000 0.000 0.000
GLU01A0245_002 0.004 0.003 0.004 0.004 0.004
GLU02A0245_003 0.000 0.000 0.000 0.000 0.000
GLU02A0245_004 0.000 0.000 0.000 0.000 0.000
GLU-1A0245_005 0.996 0.996 0.996 0.996 0.996
GLU01A0246_001 0.000 0.000 0.000 0.000 0.000
GLU01A0246_002 0.000 0.000 0.000 0.000 0.000
GLU02A0246_003 0.000 0.000 0.000 0.000 0.000
GLU02A0246_004 0.005 0.005 0.004 0.004 0.004
GLU-1A0246_005 0.995 0.995 0.996 0.996 0.996
SER01A0247_001 0.000 0.000 0.000 0.000 0.000
SER01A0247_002 1.000 1.000 1.000 1.000 1.000
LEU01A0248_001 1.000 1.000 1.000 1.000 1.000
PRO01A0249_001 1.000 1.000 1.000 1.000 1.000
TYR01A0250_001 0.434 0.434 0.434 0.434 0.433
TYR01A0250_002 0.566 0.566 0.566 0.566 0.567
TYR-1A0250_003 0.000 0.000 0.000 0.000 0.000
ASP01A0251_001 0.000 0.000 0.000 0.000 0.000
ASP01A0251_002 0.000 0.000 0.000 0.000 0.000
ASP02A0251_003 0.000 0.000 0.000 0.000 0.000
ASP02A0251_004 0.000 0.000 0.000 0.000 0.000
ASP-1A0251_005 1.000 1.000 1.000 1.000 1.000
ILE01A0252_001 1.000 1.000 1.000 1.000 1.000
PRO01A0253_001 1.000 1.000 1.000 1.000 1.000
HIS01A0254_001 0.178 0.178 0.178 0.178 0.179
HIS01A0254_002 0.180 0.180 0.178 0.181 0.180
HIS02A0254_003 0.425 0.424 0.427 0.423 0.424
HIS02A0254_004 0.214 0.214 0.213 0.214 0.214
HIS+1A0254_005 0.002 0.002 0.002 0.002 0.002
HIS+1A0254_006 0.002 0.002 0.002 0.002 0.002
ARG01A0255_001 0.000 0.000 0.000 0.000 0.000
ARG02A0255_002 0.000 0.000 0.000 0.000 0.000
ARG03A0255_003 0.000 0.000 0.000 0.000 0.000
ARG03A0255_004 0.000 0.000 0.000 0.000 0.000
ARG+1A0255_005 1.000 1.000 1.000 1.000 1.000
ALA01A0256_001 1.000 1.000 1.000 1.000 1.000
ARG01A0257_001 0.000 0.000 0.000 0.000 0.000
ARG02A0257_002 0.000 0.000 0.000 0.000 0.000
ARG03A0257_003 0.000 0.000 0.000 0.000 0.000
ARG03A0257_004 0.000 0.000 0.000 0.000 0.000
ARG+1A0257_005 1.000 1.000 1.000 1.000 1.000
MET01A0258_001 1.000 1.000 1.000 1.000 1.000
ILE01A0259_001 1.000 1.000 1.000 1.000 1.000
SER01A0260_001 0.371 0.371 0.371 0.371 0.371
SER01A0260_002 0.629 0.629 0.629 0.629 0.629
LEU01A0261_001 1.000 1.000 1.000 1.000 1.000
ILE01A0262_001 1.000 1.000 1.000 1.000 1.000
GLU01A0263_001 0.000 0.000 0.000 0.000 0.000
GLU01A0263_002 0.002 0.002 0.002 0.002 0.002
GLU02A0263_003 0.000 0.000 0.000 0.000 0.000
GLU02A0263_004 0.002 0.002 0.002 0.002 0.002
GLU-1A0263_005 0.995 0.996 0.996 0.995 0.996
SER01A0264_001 0.104 0.103 0.103 0.103 0.103
SER01A0264_002 0.276 0.275 0.276 0.276 0.276
SER01A0264_003 0.621 0.622 0.621 0.622 0.622
TRP01A0266_001 1.000 1.000 1.000 1.000 1.000
ALA01A0267_001 1.000 1.000 1.000 1.000 1.000
GLN01A0268_001 1.000 1.000 1.000 1.000 1.000
ASN01A0269_001 1.000 1.000 1.000 1.000 1.000
ASN01A0269_002 0.000 0.000 0.000 0.000 0.000
PRO01A0270_001 1.000 1.000 1.000 1.000 1.000
ASP01A0271_001 0.000 0.000 0.000 0.000 0.000
ASP01A0271_002 0.000 0.000 0.000 0.000 0.000
ASP02A0271_003 0.000 0.000 0.000 0.000 0.000
ASP02A0271_004 0.000 0.000 0.000 0.000 0.000
ASP-1A0271_005 1.000 1.000 1.000 1.000 1.000
GLU01A0272_001 0.000 0.000 0.000 0.000 0.000
GLU01A0272_002 0.000 0.000 0.000 0.000 0.000
GLU02A0272_003 0.000 0.000 0.000 0.000 0.000
GLU02A0272_004 0.000 0.000 0.000 0.000 0.000
GLU-1A0272_005 1.000 1.000 1.000 1.000 1.000
ARG01A0273_001 0.000 0.000 0.000 0.000 0.000
ARG02A0273_002 0.000 0.000 0.000 0.000 0.000
ARG02A0273_003 0.000 0.000 0.000 0.000 0.000
ARG03A0273_004 0.000 0.000 0.000 0.000 0.000
ARG03A0273_005 0.000 0.000 0.000 0.000 0.000
ARG+1A0273_006 1.000 1.000 1.000 1.000 1.000
PRO01A0274_001 1.000 1.000 1.000 1.000 1.000
SER01A0275_001 1.000 1.000 1.000 1.000 1.000
SER01A0275_002 0.000 0.000 0.000 0.000 0.000
PHE01A0276_001 1.000 1.000 1.000 1.000 1.000
LEU01A0277_001 1.000 1.000 1.000 1.000 1.000
LYS01A0278_001 1.000 1.000 1.000 1.000 1.000
LYS+1A0278_002 0.000 0.000 0.000 0.000 0.000
CYS01A0279_001 0.323 0.323 0.323 0.324 0.323
CYS01A0279_002 0.292 0.291 0.292 0.291 0.292
CYS01A0279_003 0.385 0.386 0.385 0.385 0.385
CYS-1A0279_004 0.000 0.000 0.000 0.000 0.000
LEU01A0280_001 1.000 1.000 1.000 1.000 1.000
ILE01A0281_001 1.000 1.000 1.000 1.000 1.000
GLU01A0282_001 0.000 0.000 0.000 0.000 0.000
GLU01A0282_002 0.000 0.000 0.000 0.000 0.000
GLU02A0282_003 0.000 0.000 0.000 0.000 0.000
GLU02A0282_004 0.000 0.000 0.000 0.000 0.000
GLU-1A0282_005 1.000 1.000 1.000 1.000 1.000
LEU01A0283_001 1.000 1.000 1.000 1.000 1.000
GLU01A0284_001 0.000 0.000 0.000 0.000 0.000
GLU01A0284_002 0.000 0.000 0.000 0.000 0.000
GLU02A0284_003 0.000 0.000 0.000 0.000 0.000
GLU02A0284_004 0.000 0.000 0.000 0.000 0.000
GLU-1A0284_005 1.000 1.000 1.000 1.000 1.000
PRO01A0285_001 1.000 1.000 1.000 1.000 1.000
VAL01A0286_001 1.000 1.000 1.000 1.000 1.000
LEU01A0287_001 1.000 1.000 1.000 1.000 1.000
ARG01A0288_001 0.000 0.000 0.000 0.000 0.000
ARG02A0288_002 0.000 0.000 0.000 0.000 0.000
ARG03A0288_003 0.000 0.000 0.000 0.000 0.000
ARG+1A0288_004 1.000 1.000 1.000 1.000 1.000
THR01A0289_001 0.551 0.551 0.550 0.550 0.550
THR01A0289_002 0.449 0.449 0.450 0.450 0.450
PHE01A0290_001 1.000 1.000 1.000 1.000 1.000
GLU01A0291_001 0.000 0.000 0.000 0.000 0.000
GLU01A0291_002 0.005 0.005 0.005 0.005 0.005
GLU02A0291_003 0.000 0.000 0.000 0.000 0.000
GLU02A0291_004 0.000 0.000 0.000 0.000 0.000
GLU-1A0291_005 0.995 0.995 0.995 0.995 0.995
GLU01A0292_001 0.000 0.000 0.000 0.000 0.000
GLU01A0292_002 0.000 0.000 0.000 0.000 0.000
GLU02A0292_003 0.000 0.000 0.000 0.000 0.000
GLU02A0292_004 0.000 0.000 0.000 0.000 0.000
GLU-1A0292_005 1.000 1.000 1.000 1.000 1.000
ILE01A0293_001 1.000 1.000 1.000 1.000 1.000
THR01A0294_001 0.999 1.000 0.999 0.999 0.999
THR01A0294_002 0.001 0.000 0.001 0.001 0.001
PHE01A0295_001 1.000 1.000 1.000 1.000 1.000
LEU01A0296_001 1.000 1.000 1.000 1.000 1.000
GLU01A0297_001 0.000 0.000 0.000 0.000 0.000
GLU01A0297_002 0.003 0.003 0.003 0.003 0.003
GLU02A0297_003 0.000 0.000 0.000 0.000 0.000
GLU02A0297_004 0.004 0.005 0.004 0.005 0.005
GLU-1A0297_005 0.992 0.992 0.992 0.992 0.992
ALA01A0298_001 1.000 1.000 1.000 1.000 1.000
VAL01A0299_001 1.000 1.000 1.000 1.000 1.000
ILE01A0300_001 1.000 1.000 1.000 1.000 1.000
GLN01A0301_001 0.929 0.929 0.930 0.930 0.930
GLN01A0301_002 0.071 0.071 0.070 0.070 0.070
LEU01A0302_001 1.000 1.000 1.000 1.000 1.000
LYS01A0303_001 0.000 0.000 0.000 0.000 0.000
LYS+1A0303_002 1.000 1.000 1.000 1.000 1.000
LYS01A0304_001 0.000 0.000 0.000 0.000 0.000
LYS+1A0304_002 1.000 1.000 1.000 1.000 1.000
THR01A0305_001 1.000 1.000 1.000 1.000 1.000
LYS01A0306_001 0.022 0.021 0.022 0.021 0.021
LYS+1A0306_002 0.978 0.979 0.978 0.979 0.979
LEU01A0307_001 1.000 1.000 1.000 1.000 1.000
GLN01A0308_001 0.795 0.794 0.795 0.796 0.795
GLN01A0308_002 0.205 0.206 0.205 0.204 0.205
SER01A0309_001 0.479 0.480 0.479 0.480 0.480
SER01A0309_002 0.521 0.520 0.521 0.520 0.520
VAL01A0310_001 1.000 1.000 1.000 1.000 1.000
MET01B0001_001 1.000 1.000 1.000 1.000 1.000
HIS01B0003_001 0.000 0.000 0.000 0.000 0.000
HIS01B0003_002 0.773 0.772 0.771 0.772 0.772
HIS02B0003_003 0.001 0.002 0.001 0.002 0.002
HIS02B0003_004 0.068 0.069 0.070 0.069 0.069
HIS+1B0003_005 0.000 0.000 0.000 0.000 0.000
HIS+1B0003_006 0.157 0.157 0.158 0.157 0.157
HIS01B0004_001 0.118 0.119 0.119 0.119 0.118
HIS01B0004_002 0.164 0.163 0.163 0.164 0.164
HIS02B0004_003 0.177 0.178 0.177 0.177 0.177
HIS02B0004_004 0.211 0.211 0.212 0.212 0.211
HIS+1B0004_005 0.120 0.120 0.120 0.119 0.120
HIS+1B0004_006 0.210 0.210 0.210 0.210 0.209
HIS01B0005_001 0.000 0.000 0.000 0.000 0.000
HIS01B0005_002 0.551 0.553 0.554 0.553 0.553
HIS02B0005_003 0.000 0.000 0.000 0.000 0.000
HIS02B0005_004 0.224 0.223 0.223 0.224 0.223
HIS+1B0005_005 0.000 0.000 0.000 0.000 0.000
HIS+1B0005_006 0.225 0.224 0.223 0.223 0.224
HIS01B0006_001 0.472 0.470 0.469 0.470 0.470
HIS02B0006_002 0.293 0.294 0.294 0.294 0.293
HIS+1B0006_003 0.235 0.236 0.236 0.236 0.238
HIS01B0007_001 0.000 0.000 0.000 0.000 0.000
HIS01B0007_002 0.933 0.934 0.934 0.934 0.934
HIS02B0007_003 0.000 0.000 0.000 0.000 0.000
HIS02B0007_004 0.062 0.061 0.062 0.061 0.061
HIS+1B0007_005 0.000 0.000 0.000 0.000 0.000
HIS+1B0007_006 0.004 0.004 0.004 0.004 0.004
HIS01B0008_001 0.033 0.033 0.033 0.033 0.033
HIS01B0008_002 0.198 0.198 0.197 0.198 0.198
HIS02B0008_003 0.158 0.157 0.157 0.157 0.158
HIS02B0008_004 0.253 0.255 0.253 0.254 0.254
HIS+1B0008_005 0.091 0.091 0.091 0.090 0.091
HIS+1B0008_006 0.266 0.268 0.269 0.267 0.266
SER01B0009_001 1.000 1.000 1.000 1.000 1.000
SER01B0010_001 0.254 0.254 0.255 0.255 0.256
SER01B0010_002 0.746 0.746 0.745 0.745 0.744
VAL01B0012_001 1.000 1.000 1.000 1.000 1.000
ASP01B0013_001 0.000 0.000 0.000 0.000 0.000
ASP01B0013_002 0.000 0.000 0.000 0.000 0.000
ASP02B0013_003 0.000 0.000 0.000 0.000 0.000
ASP02B0013_004 0.000 0.000 0.000 0.000 0.000
ASP-1B0013_005 1.000 1.000 1.000 1.000 1.000
LEU01B0014_001 1.000 1.000 1.000 1.000 1.000
THR01B0016_001 1.000 1.000 1.000 1.000 1.000
GLU01B0017_001 0.000 0.000 0.000 0.000 0.000
GLU01B0017_002 0.000 0.000 0.000 0.000 0.000
GLU02B0017_003 0.000 0.000 0.000 0.000 0.000
GLU02B0017_004 0.000 0.000 0.000 0.000 0.000
GLU-1B0017_005 1.000 1.000 1.000 1.000 1.000
ASN01B0018_001 0.000 0.000 0.000 0.000 0.000
ASN01B0018_002 1.000 1.000 1.000 1.000 1.000
LEU01B0019_001 1.000 1.000 1.000 1.000 1.000
TYR01B0020_001 0.990 0.990 0.990 0.990 0.990
TYR-1B0020_002 0.010 0.010 0.010 0.010 0.010
PHE01B0021_001 1.000 1.000 1.000 1.000 1.000
GLN01B0022_001 1.000 1.000 1.000 1.000 1.000
SER01B0023_001 1.000 1.000 1.000 1.000 1.000
MET01B0024_001 1.000 1.000 1.000 1.000 1.000
SER01B0025_001 0.365 0.365 0.365 0.364 0.365
SER01B0025_002 0.635 0.635 0.635 0.636 0.635
ALA01B0026_001 1.000 1.000 1.000 1.000 1.000
LEU01B0027_001 1.000 1.000 1.000 1.000 1.000
PRO01B0028_001 1.000 1.000 1.000 1.000 1.000
THR01B0029_001 1.000 1.000 1.000 1.000 1.000
ILE01B0030_001 1.000 1.000 1.000 1.000 1.000
PRO01B0031_001 1.000 1.000 1.000 1.000 1.000
TYR01B0032_001 1.000 1.000 1.000 1.000 1.000
TYR-1B0032_002 0.000 0.000 0.000 0.000 0.000
HIS01B0033_001 0.136 0.136 0.135 0.136 0.135
HIS01B0033_002 0.063 0.063 0.065 0.064 0.064
HIS02B0033_003 0.236 0.238 0.234 0.236 0.236
HIS02B0033_004 0.558 0.556 0.559 0.557 0.557
HIS+1B0033_005 0.004 0.003 0.003 0.003 0.004
HIS+1B0033_006 0.004 0.003 0.004 0.004 0.004
LYS01B0034_001 0.002 0.000 0.001 0.001 0.001
LYS+1B0034_002 0.998 1.000 0.999 0.999 0.999
LEU01B0035_001 1.000 1.000 1.000 1.000 1.000
ALA01B0036_001 1.000 1.000 1.000 1.000 1.000
ASP01B0037_001 0.000 0.000 0.000 0.000 0.000
ASP01B0037_002 0.000 0.000 0.000 0.000 0.000
ASP02B0037_003 0.000 0.000 0.000 0.000 0.000
ASP02B0037_004 0.000 0.000 0.000 0.000 0.000
ASP-1B0037_005 1.000 1.000 1.000 1.000 1.000
LEU01B0038_001 1.000 1.000 1.000 1.000 1.000
ARG01B0039_001 0.000 0.000 0.000 0.000 0.000
ARG02B0039_002 0.000 0.000 0.000 0.000 0.000
ARG03B0039_003 0.000 0.000 0.000 0.000 0.000
ARG+1B0039_004 1.000 1.000 1.000 1.000 1.000
TYR01B0040_001 0.781 0.780 0.781 0.781 0.780
TYR-1B0040_002 0.219 0.220 0.219 0.219 0.220
LEU01B0041_001 1.000 1.000 1.000 1.000 1.000
SER01B0042_001 0.000 0.000 0.000 0.000 0.000
SER01B0042_002 1.000 1.000 1.000 1.000 1.000
ARG01B0043_001 0.000 0.000 0.000 0.000 0.000
ARG02B0043_002 0.000 0.000 0.000 0.000 0.000
ARG02B0043_003 0.000 0.000 0.000 0.000 0.000
ARG03B0043_004 0.000 0.000 0.000 0.000 0.000
ARG+1B0043_005 1.000 1.000 1.000 1.000 1.000
ALA01B0045_001 1.000 1.000 1.000 1.000 1.000
SER01B0046_001 0.345 0.345 0.346 0.347 0.346
SER01B0046_002 0.655 0.655 0.654 0.653 0.654
THR01B0048_001 1.000 1.000 1.000 1.000 1.000
VAL01B0049_001 1.000 1.000 1.000 1.000 1.000
SER01B0050_001 0.169 0.168 0.169 0.167 0.170
SER01B0050_002 0.831 0.832 0.831 0.833 0.830
SER01B0051_001 0.357 0.357 0.356 0.356 0.356
SER01B0051_002 0.643 0.643 0.644 0.644 0.644
ALA01B0052_001 1.000 1.000 1.000 1.000 1.000
ARG01B0053_001 0.000 0.000 0.000 0.000 0.000
ARG02B0053_002 0.000 0.000 0.000 0.000 0.000
ARG02B0053_003 0.000 0.000 0.000 0.000 0.000
ARG03B0053_004 0.000 0.000 0.000 0.000 0.000
ARG+1B0053_005 1.000 1.000 1.000 1.000 1.000
HIS01B0054_001 1.000 1.000 1.000 1.000 1.000
HIS01B0054_002 0.000 0.000 0.000 0.000 0.000
HIS02B0054_003 0.000 0.000 0.000 0.000 0.000
HIS02B0054_004 0.000 0.000 0.000 0.000 0.000
HIS+1B0054_005 0.000 0.000 0.000 0.000 0.000
HIS+1B0054_006 0.000 0.000 0.000 0.000 0.000
ALA01B0055_001 1.000 1.000 1.000 1.000 1.000
ASP01B0056_001 0.000 0.000 0.000 0.000 0.000
ASP01B0056_002 0.000 0.000 0.000 0.000 0.000
ASP02B0056_003 0.000 0.000 0.000 0.000 0.000
ASP02B0056_004 0.000 0.000 0.000 0.000 0.000
ASP-1B0056_005 1.000 1.000 1.000 1.000 1.000
TRP01B0057_001 1.000 1.000 1.000 1.000 1.000
ARG01B0058_001 0.000 0.000 0.000 0.000 0.000
ARG02B0058_002 0.000 0.000 0.000 0.000 0.000
ARG03B0058_003 0.000 0.000 0.000 0.000 0.000
ARG03B0058_004 0.000 0.000 0.000 0.000 0.000
ARG+1B0058_005 1.000 1.000 1.000 1.000 1.000
VAL01B0059_001 1.000 1.000 1.000 1.000 1.000
GLN01B0060_001 0.480 0.478 0.480 0.479 0.480
GLN01B0060_002 0.520 0.522 0.520 0.521 0.520
VAL01B0061_001 1.000 1.000 1.000 1.000 1.000
ALA01B0062_001 1.000 1.000 1.000 1.000 1.000
VAL01B0063_001 1.000 1.000 1.000 1.000 1.000
LYS01B0064_001 0.110 0.111 0.110 0.110 0.111
LYS+1B0064_002 0.890 0.889 0.890 0.890 0.889
HIS01B0065_001 0.135 0.134 0.134 0.133 0.136
HIS02B0065_002 0.848 0.849 0.848 0.850 0.846
HIS+1B0065_003 0.017 0.017 0.018 0.017 0.017
LEU01B0066_001 1.000 1.000 1.000 1.000 1.000
HIS01B0067_001 0.000 0.000 0.000 0.000 0.000
HIS01B0067_002 0.087 0.087 0.087 0.087 0.087
HIS02B0067_003 0.004 0.004 0.004 0.004 0.004
HIS02B0067_004 0.504 0.503 0.503 0.502 0.500
HIS+1B0067_005 0.002 0.002 0.002 0.002 0.002
HIS+1B0067_006 0.403 0.404 0.404 0.404 0.406
ILE01B0068_001 1.000 1.000 1.000 1.000 1.000
HIS01B0069_001 0.000 0.000 0.000 0.000 0.000
HIS01B0069_002 0.579 0.580 0.581 0.580 0.581
HIS02B0069_003 0.000 0.000 0.000 0.000 0.000
HIS02B0069_004 0.371 0.370 0.370 0.370 0.369
HIS+1B0069_005 0.000 0.000 0.000 0.000 0.000
HIS+1B0069_006 0.050 0.050 0.049 0.050 0.050
THR01B0070_001 0.000 0.000 0.000 0.000 0.000
THR01B0070_002 0.003 0.003 0.003 0.003 0.003
THR01B0070_003 0.997 0.997 0.997 0.997 0.997
PRO01B0071_001 1.000 1.000 1.000 1.000 1.000
LEU01B0072_001 1.000 1.000 1.000 1.000 1.000
LEU01B0073_001 1.000 1.000 1.000 1.000 1.000
ASP01B0074_001 0.000 0.000 0.000 0.000 0.000
ASP01B0074_002 0.000 0.000 0.000 0.000 0.000
ASP02B0074_003 0.000 0.000 0.000 0.000 0.000
ASP02B0074_004 0.000 0.000 0.000 0.000 0.000
ASP-1B0074_005 1.000 1.000 1.000 1.000 1.000
SER01B0075_001 0.048 0.048 0.048 0.048 0.048
SER01B0075_002 0.952 0.952 0.952 0.952 0.952
GLU01B0076_001 0.004 0.004 0.004 0.004 0.004
GLU01B0076_002 0.034 0.034 0.034 0.034 0.034
GLU02B0076_003 0.000 0.000 0.000 0.000 0.000
GLU02B0076_004 0.009 0.009 0.009 0.009 0.009
GLU-1B0076_005 0.954 0.954 0.954 0.954 0.954
ARG01B0077_001 0.000 0.000 0.000 0.000 0.000
ARG02B0077_002 0.000 0.000 0.000 0.000 0.000
ARG03B0077_003 0.000 0.000 0.000 0.000 0.000
ARG+1B0077_004 1.000 1.000 1.000 1.000 1.000
LYS01B0078_001 0.012 0.013 0.012 0.013 0.012
LYS+1B0078_002 0.988 0.987 0.988 0.987 0.988
ASP01B0079_001 0.000 0.000 0.000 0.000 0.000
ASP01B0079_002 0.007 0.007 0.007 0.006 0.007
ASP02B0079_003 0.000 0.000 0.000 0.000 0.000
ASP02B0079_004 0.000 0.000 0.000 0.000 0.000
ASP-1B0079_005 0.993 0.993 0.993 0.994 0.993
VAL01B0080_001 1.000 1.000 1.000 1.000 1.000
LEU01B0081_001 1.000 1.000 1.000 1.000 1.000
ARG01B0082_001 0.000 0.000 0.000 0.000 0.000
ARG02B0082_002 0.000 0.000 0.000 0.000 0.000
ARG03B0082_003 0.000 0.000 0.000 0.000 0.000
ARG+1B0082_004 1.000 1.000 1.000 1.000 1.000
GLU01B0083_001 0.000 0.000 0.000 0.000 0.000
GLU01B0083_002 0.004 0.004 0.004 0.004 0.004
GLU02B0083_003 0.000 0.000 0.000 0.000 0.000
GLU02B0083_004 0.000 0.000 0.000 0.000 0.000
GLU-1B0083_005 0.996 0.996 0.996 0.996 0.996
ALA01B0084_001 1.000 1.000 1.000 1.000 1.000
GLU01B0085_001 0.000 0.000 0.000 0.000 0.000
GLU01B0085_002 0.000 0.000 0.000 0.000 0.000
GLU02B0085_003 0.000 0.000 0.000 0.000 0.000
GLU02B0085_004 0.000 0.000 0.000 0.000 0.000
GLU-1B0085_005 1.000 1.000 1.000 1.000 1.000
ILE01B0086_001 1.000 1.000 1.000 1.000 1.000
LEU01B0087_001 1.000 1.000 1.000 1.000 1.000
HIS01B0088_001 0.867 0.866 0.868 0.868 0.866
HIS01B0088_002 0.045 0.045 0.044 0.045 0.046
HIS02B0088_003 0.002 0.002 0.002 0.002 0.002
HIS02B0088_004 0.086 0.087 0.086 0.086 0.087
HIS+1B0088_005 0.000 0.000 0.000 0.000 0.000
HIS+1B0088_006 0.000 0.000 0.000 0.000 0.000
LYS01B0089_001 0.019 0.019 0.019 0.018 0.019
LYS+1B0089_002 0.981 0.981 0.981 0.982 0.981
ALA01B0090_001 1.000 1.000 1.000 1.000 1.000
ARG01B0091_001 0.000 0.000 0.000 0.000 0.000
ARG02B0091_002 0.000 0.000 0.000 0.000 0.000
ARG03B0091_003 0.000 0.000 0.000 0.000 0.000
ARG03B0091_004 0.000 0.000 0.000 0.000 0.000
ARG+1B0091_005 1.000 1.000 1.000 1.000 1.000
PHE01B0092_001 1.000 1.000 1.000 1.000 1.000
SER01B0093_001 0.360 0.359 0.358 0.359 0.359
SER01B0093_002 0.640 0.641 0.642 0.641 0.641
TYR01B0094_001 1.000 1.000 1.000 1.000 1.000
TYR-1B0094_002 0.000 0.000 0.000 0.000 0.000
ILE01B0095_001 1.000 1.000 1.000 1.000 1.000
LEU01B0096_001 1.000 1.000 1.000 1.000 1.000
PRO01B0097_001 1.000 1.000 1.000 1.000 1.000
ILE01B0098_001 1.000 1.000 1.000 1.000 1.000
LEU01B0099_001 1.000 1.000 1.000 1.000 1.000
ILE01B0101_001 1.000 1.000 1.000 1.000 1.000
CYS01B0102_001 0.831 0.830 0.832 0.830 0.833
CYS01B0102_002 0.081 0.081 0.080 0.081 0.080
CYS01B0102_003 0.088 0.089 0.088 0.088 0.088
CYS-1B0102_004 0.000 0.000 0.000 0.000 0.000
ASN01B0103_001 0.975 0.975 0.976 0.975 0.976
ASN01B0103_002 0.025 0.025 0.024 0.025 0.024
GLU01B0104_001 0.000 0.000 0.000 0.000 0.000
GLU01B0104_002 0.000 0.000 0.000 0.000 0.000
GLU02B0104_003 0.000 0.000 0.000 0.000 0.000
GLU02B0104_004 0.000 0.000 0.000 0.000 0.000
GLU-1B0104_005 1.000 1.000 1.000 1.000 1.000
PRO01B0105_001 1.000 1.000 1.000 1.000 1.000
GLU01B0106_001 0.000 0.000 0.000 0.000 0.000
GLU01B0106_002 0.000 0.000 0.000 0.000 0.000
GLU02B0106_003 0.000 0.000 0.000 0.000 0.000
GLU02B0106_004 0.000 0.000 0.001 0.002 0.001
GLU-1B0106_005 1.000 1.000 0.999 0.998 0.999
PHE01B0107_001 1.000 1.000 1.000 1.000 1.000
LEU01B0108_001 1.000 1.000 1.000 1.000 1.000
ILE01B0110_001 1.000 1.000 1.000 1.000 1.000
VAL01B0111_001 1.000 1.000 1.000 1.000 1.000
THR01B0112_001 0.012 0.012 0.012 0.012 0.012
THR01B0112_002 0.988 0.988 0.988 0.988 0.988
GLU01B0113_001 0.000 0.000 0.000 0.000 0.000
GLU01B0113_002 0.000 0.000 0.000 0.000 0.000
GLU02B0113_003 0.000 0.000 0.000 0.000 0.000
GLU02B0113_004 0.000 0.000 0.000 0.000 0.000
GLU-1B0113_005 1.000 1.000 1.000 1.000 1.000
TYR01B0114_001 1.000 1.000 1.000 1.000 1.000
TYR-1B0114_002 0.000 0.000 0.000 0.000 0.000
MET01B0115_001 1.000 1.000 1.000 1.000 1.000
PRO01B0116_001 1.000 1.000 1.000 1.000 1.000
ASN01B0117_001 0.978 0.978 0.978 0.977 0.978
ASN01B0117_002 0.022 0.022 0.022 0.023 0.022
SER01B0119_001 0.694 0.694 0.695 0.694 0.694
SER01B0119_002 0.306 0.306 0.305 0.306 0.306
LEU01B0120_001 1.000 1.000 1.000 1.000 1.000
ASN01B0121_001 0.807 0.808 0.807 0.805 0.805
ASN01B0121_002 0.193 0.192 0.193 0.195 0.195
GLU01B0122_001 0.000 0.000 0.000 0.000 0.000
GLU01B0122_002 0.000 0.000 0.000 0.000 0.000
GLU02B0122_003 0.000 0.000 0.000 0.000 0.000
GLU02B0122_004 0.000 0.000 0.000 0.000 0.000
GLU-1B0122_005 1.000 1.000 1.000 1.000 1.000
LEU01B0123_001 1.000 1.000 1.000 1.000 1.000
LEU01B0124_001 1.000 1.000 1.000 1.000 1.000
HIS01B0125_001 0.961 0.960 0.962 0.961 0.961
HIS02B0125_002 0.006 0.006 0.006 0.006 0.006
HIS+1B0125_003 0.033 0.034 0.033 0.033 0.033
ARG01B0126_001 0.000 0.000 0.000 0.000 0.000
ARG02B0126_002 0.000 0.000 0.000 0.000 0.000
ARG02B0126_003 0.000 0.000 0.000 0.000 0.000
ARG03B0126_004 0.000 0.000 0.000 0.000 0.000
ARG+1B0126_005 1.000 1.000 1.000 1.000 1.000
LYS01B0127_001 0.005 0.005 0.005 0.005 0.004
LYS+1B0127_002 0.995 0.995 0.995 0.995 0.996
THR01B0128_001 1.000 1.000 1.000 1.000 1.000
GLU01B0129_001 0.000 0.000 0.000 0.000 0.000
GLU01B0129_002 0.000 0.000 0.000 0.000 0.000
GLU02B0129_003 0.000 0.000 0.000 0.000 0.000
GLU02B0129_004 0.000 0.000 0.000 0.000 0.000
GLU-1B0129_005 1.000 1.000 1.000 1.000 1.000
TYR01B0130_001 1.000 1.000 1.000 1.000 1.000
TYR-1B0130_002 0.000 0.000 0.000 0.000 0.000
PRO01B0131_001 1.000 1.000 1.000 1.000 1.000
ASP01B0132_001 0.000 0.000 0.000 0.000 0.000
ASP01B0132_002 0.000 0.000 0.000 0.000 0.000
ASP02B0132_003 0.000 0.000 0.000 0.000 0.000
ASP02B0132_004 0.000 0.000 0.000 0.000 0.000
ASP-1B0132_005 1.000 1.000 1.000 1.000 1.000
VAL01B0133_001 1.000 1.000 1.000 1.000 1.000
ALA01B0134_001 1.000 1.000 1.000 1.000 1.000
TRP01B0135_001 1.000 1.000 1.000 1.000 1.000
PRO01B0136_001 1.000 1.000 1.000 1.000 1.000
LEU01B0137_001 1.000 1.000 1.000 1.000 1.000
ARG01B0138_001 0.000 0.000 0.000 0.000 0.000
ARG02B0138_002 0.000 0.000 0.000 0.000 0.000
ARG03B0138_003 0.000 0.000 0.000 0.000 0.000
ARG+1B0138_004 1.000 1.000 1.000 1.000 1.000
PHE01B0139_001 1.000 1.000 1.000 1.000 1.000
ARG01B0140_001 0.000 0.000 0.000 0.000 0.000
ARG02B0140_002 0.000 0.000 0.000 0.000 0.000
ARG03B0140_003 0.000 0.000 0.000 0.000 0.000
ARG03B0140_004 0.000 0.000 0.000 0.000 0.000
ARG+1B0140_005 1.000 1.000 1.000 1.000 1.000
ILE01B0141_001 1.000 1.000 1.000 1.000 1.000
LEU01B0142_001 1.000 1.000 1.000 1.000 1.000
HIS01B0143_001 0.223 0.223 0.222 0.223 0.223
HIS01B0143_002 0.060 0.060 0.061 0.061 0.060
HIS02B0143_003 0.112 0.110 0.111 0.110 0.109
HIS02B0143_004 0.567 0.568 0.567 0.567 0.567
HIS+1B0143_005 0.035 0.035 0.036 0.036 0.037
HIS+1B0143_006 0.003 0.003 0.003 0.003 0.003
GLU01B0144_001 0.000 0.000 0.000 0.000 0.000
GLU01B0144_002 0.000 0.000 0.000 0.000 0.000
GLU02B0144_003 0.000 0.000 0.000 0.000 0.000
GLU02B0144_004 0.000 0.000 0.000 0.000 0.000
GLU-1B0144_005 1.000 1.000 1.000 1.000 1.000
ILE01B0145_001 1.000 1.000 1.000 1.000 1.000
ALA01B0146_001 1.000 1.000 1.000 1.000 1.000
LEU01B0147_001 1.000 1.000 1.000 1.000 1.000
VAL01B0149_001 1.000 1.000 1.000 1.000 1.000
ASN01B0150_001 0.999 0.998 0.999 0.998 1.000
ASN01B0150_002 0.001 0.002 0.001 0.002 0.000
TYR01B0151_001 0.413 0.413 0.414 0.415 0.414
TYR01B0151_002 0.587 0.587 0.586 0.585 0.586
TYR-1B0151_003 0.000 0.000 0.000 0.000 0.000
LEU01B0152_001 1.000 1.000 1.000 1.000 1.000
HIS01B0153_001 0.934 0.934 0.934 0.934 0.933
HIS02B0153_002 0.000 0.000 0.000 0.000 0.000
HIS+1B0153_003 0.066 0.066 0.066 0.066 0.067
ASN01B0154_001 0.967 0.967 0.967 0.966 0.967
ASN01B0154_002 0.033 0.033 0.033 0.034 0.033
MET01B0155_001 1.000 1.000 1.000 1.000 1.000
THR01B0156_001 1.000 1.000 1.000 1.000 1.000
PRO01B0157_001 1.000 1.000 1.000 1.000 1.000
PRO01B0158_001 1.000 1.000 1.000 1.000 1.000
LEU01B0159_001 1.000 1.000 1.000 1.000 1.000
LEU01B0160_001 1.000 1.000 1.000 1.000 1.000
HIS01B0161_001 1.000 1.000 1.000 1.000 1.000
HIS02B0161_002 0.000 0.000 0.000 0.000 0.000
HIS+1B0161_003 0.000 0.000 0.000 0.000 0.000
HIS01B0162_001 0.860 0.860 0.862 0.859 0.860
HIS01B0162_002 0.013 0.013 0.013 0.013 0.013
HIS02B0162_003 0.074 0.074 0.074 0.075 0.075
HIS02B0162_004 0.022 0.022 0.022 0.022 0.022
HIS+1B0162_005 0.022 0.022 0.021 0.022 0.022
HIS+1B0162_006 0.009 0.009 0.009 0.009 0.009
ASP01B0163_001 0.000 0.000 0.000 0.000 0.000
ASP01B0163_002 0.000 0.000 0.000 0.000 0.000
ASP02B0163_003 0.022 0.022 0.022 0.022 0.022
ASP02B0163_004 0.000 0.000 0.000 0.000 0.000
ASP-1B0163_005 0.978 0.978 0.978 0.978 0.978
LEU01B0164_001 1.000 1.000 1.000 1.000 1.000
LYS01B0165_001 0.000 0.000 0.000 0.000 0.000
LYS+1B0165_002 1.000 1.000 1.000 1.000 1.000
THR01B0166_001 0.280 0.279 0.278 0.283 0.282
THR01B0166_002 0.017 0.018 0.018 0.018 0.018
THR01B0166_003 0.703 0.704 0.705 0.699 0.700
GLN01B0167_001 1.000 1.000 1.000 1.000 1.000
ASN01B0168_001 1.000 1.000 1.000 1.000 1.000
ASN01B0168_002 0.000 0.000 0.000 0.000 0.000
ILE01B0169_001 1.000 1.000 1.000 1.000 1.000
LEU01B0170_001 1.000 1.000 1.000 1.000 1.000
LEU01B0171_001 1.000 1.000 1.000 1.000 1.000
ASP01B0172_001 0.000 0.000 0.000 0.000 0.000
ASP01B0172_002 0.000 0.000 0.000 0.000 0.000
ASP02B0172_003 0.000 0.000 0.000 0.000 0.000
ASP02B0172_004 0.000 0.000 0.000 0.000 0.000
ASP-1B0172_005 1.000 1.000 1.000 1.000 1.000
ASN01B0173_001 0.135 0.136 0.134 0.135 0.135
ASN01B0173_002 0.865 0.864 0.866 0.865 0.865
GLU01B0174_001 0.000 0.000 0.000 0.000 0.000
GLU01B0174_002 0.000 0.000 0.000 0.000 0.000
GLU02B0174_003 0.000 0.000 0.000 0.000 0.000
GLU02B0174_004 0.000 0.000 0.000 0.000 0.000
GLU-1B0174_005 1.000 1.000 1.000 1.000 1.000
PHE01B0175_001 1.000 1.000 1.000 1.000 1.000
HIS01B0176_001 0.000 0.000 0.000 0.000 0.000
HIS02B0176_002 0.000 0.000 0.000 0.000 0.000
HIS+1B0176_003 1.000 1.000 1.000 1.000 1.000
VAL01B0177_001 1.000 1.000 1.000 1.000 1.000
LYS01B0178_001 0.000 0.000 0.000 0.000 0.000
LYS+1B0178_002 1.000 1.000 1.000 1.000 1.000
ILE01B0179_001 1.000 1.000 1.000 1.000 1.000
ALA01B0180_001 1.000 1.000 1.000 1.000 1.000
ASP01B0181_001 0.000 0.000 0.000 0.000 0.000
ASP01B0181_002 0.839 0.839 0.839 0.838 0.837
ASP02B0181_003 0.000 0.000 0.000 0.000 0.000
ASP02B0181_004 0.000 0.000 0.000 0.000 0.000
ASP-1B0181_005 0.161 0.161 0.161 0.162 0.163
PHE01B0182_001 1.000 1.000 1.000 1.000 1.000
LEU01B0184_001 1.000 1.000 1.000 1.000 1.000
SER01B0185_001 0.993 0.993 0.993 0.993 0.993
SER01B0185_002 0.007 0.007 0.007 0.007 0.007
LYS01B0186_001 0.008 0.008 0.008 0.008 0.008
LYS+1B0186_002 0.992 0.992 0.992 0.992 0.992
TRP01B0187_001 1.000 1.000 1.000 1.000 1.000
CYS01B0188_001 0.336 0.337 0.336 0.337 0.336
CYS01B0188_002 0.399 0.399 0.399 0.398 0.398
CYS01B0188_003 0.151 0.150 0.151 0.151 0.151
CYS-1B0188_004 0.115 0.114 0.114 0.115 0.115
MET01B0189_001 1.000 1.000 1.000 1.000 1.000
MET01B0190_001 1.000 1.000 1.000 1.000 1.000
SER01B0191_001 1.000 1.000 1.000 1.000 1.000
LEU01B0192_001 1.000 1.000 1.000 1.000 1.000
SER01B0193_001 1.000 1.000 1.000 1.000 1.000
GLN01B0194_001 0.000 0.000 0.000 0.000 0.000
GLN01B0194_002 1.000 1.000 1.000 1.000 1.000
SER01B0195_001 0.028 0.028 0.028 0.028 0.028
SER01B0195_002 0.972 0.972 0.972 0.972 0.972
ARG01B0196_001 0.000 0.000 0.000 0.000 0.000
ARG02B0196_002 0.000 0.000 0.000 0.000 0.000
ARG03B0196_003 0.000 0.000 0.000 0.000 0.000
ARG+1B0196_004 1.000 1.000 1.000 1.000 1.000
SER01B0197_001 1.000 1.000 1.000 1.000 1.000
SER01B0198_001 1.000 1.000 1.000 1.000 1.000
LYS01B0199_001 0.002 0.002 0.002 0.002 0.002
LYS+1B0199_002 0.998 0.998 0.998 0.998 0.998
SER01B0200_001 0.433 0.434 0.434 0.435 0.434
SER01B0200_002 0.567 0.566 0.566 0.565 0.566
ALA01B0201_001 1.000 1.000 1.000 1.000 1.000
PRO01B0202_001 1.000 1.000 1.000 1.000 1.000
GLU01B0203_001 0.000 0.000 0.000 0.000 0.000
GLU01B0203_002 0.016 0.016 0.017 0.016 0.016
GLU02B0203_003 0.000 0.000 0.000 0.000 0.000
GLU02B0203_004 0.000 0.000 0.000 0.000 0.000
GLU-1B0203_005 0.984 0.984 0.983 0.984 0.984
THR01B0206_001 0.494 0.494 0.494 0.494 0.494
THR01B0206_002 0.506 0.506 0.506 0.506 0.506
ILE01B0207_001 1.000 1.000 1.000 1.000 1.000
ILE01B0208_001 1.000 1.000 1.000 1.000 1.000
TYR01B0209_001 0.876 0.877 0.878 0.876 0.877
TYR01B0209_002 0.124 0.123 0.122 0.124 0.123
TYR-1B0209_003 0.000 0.000 0.000 0.000 0.000
MET01B0210_001 1.000 1.000 1.000 1.000 1.000
PRO01B0211_001 1.000 1.000 1.000 1.000 1.000
PRO01B0212_001 1.000 1.000 1.000 1.000 1.000
GLU01B0213_001 0.000 0.000 0.000 0.000 0.000
GLU01B0213_002 0.000 0.000 0.000 0.000 0.000
GLU02B0213_003 0.000 0.000 0.000 0.000 0.000
GLU02B0213_004 0.000 0.000 0.000 0.000 0.000
GLU-1B0213_005 1.000 1.000 1.000 1.000 1.000
ASN01B0214_001 0.967 0.967 0.966 0.967 0.967
ASN01B0214_002 0.033 0.033 0.034 0.033 0.033
TYR01B0215_001 1.000 1.000 1.000 1.000 1.000
TYR-1B0215_002 0.000 0.000 0.000 0.000 0.000
GLU01B0216_001 0.000 0.000 0.000 0.000 0.000
GLU01B0216_002 0.000 0.000 0.000 0.000 0.000
GLU02B0216_003 0.000 0.000 0.000 0.000 0.000
GLU02B0216_004 0.000 0.000 0.000 0.000 0.000
GLU-1B0216_005 1.000 1.000 1.000 1.000 1.000
PRO01B0217_001 1.000 1.000 1.000 1.000 1.000
GLN01B0219_001 1.000 1.000 1.000 1.000 1.000
LYS01B0220_001 0.000 0.000 0.000 0.000 0.000
LYS+1B0220_002 1.000 1.000 1.000 1.000 1.000
SER01B0221_001 1.000 1.000 1.000 1.000 1.000
ARG01B0222_001 0.000 0.000 0.000 0.000 0.000
ARG02B0222_002 0.000 0.000 0.000 0.000 0.000
ARG03B0222_003 0.000 0.000 0.000 0.000 0.000
ARG+1B0222_004 1.000 1.000 1.000 1.000 1.000
ALA01B0223_001 1.000 1.000 1.000 1.000 1.000
SER01B0224_001 0.000 0.000 0.000 0.000 0.000
SER01B0224_002 1.000 1.000 1.000 1.000 1.000
ILE01B0225_001 1.000 1.000 1.000 1.000 1.000
LYS01B0226_001 0.003 0.003 0.003 0.003 0.003
LYS+1B0226_002 0.997 0.997 0.997 0.997 0.997
HIS01B0227_001 0.000 0.000 0.000 0.000 0.000
HIS01B0227_002 0.099 0.099 0.099 0.099 0.098
HIS02B0227_003 0.005 0.006 0.005 0.005 0.006
HIS02B0227_004 0.884 0.884 0.884 0.885 0.885
HIS+1B0227_005 0.000 0.000 0.000 0.000 0.000
HIS+1B0227_006 0.011 0.011 0.011 0.011 0.011
ASP01B0228_001 0.000 0.000 0.000 0.000 0.000
ASP01B0228_002 0.000 0.000 0.000 0.000 0.000
ASP02B0228_003 0.000 0.000 0.000 0.000 0.000
ASP02B0228_004 0.000 0.000 0.000 0.000 0.000
ASP-1B0228_005 1.000 1.000 1.000 1.000 1.000
ILE01B0229_001 1.000 1.000 1.000 1.000 1.000
TYR01B0230_001 0.984 0.984 0.984 0.984 0.984
TYR01B0230_002 0.016 0.016 0.016 0.016 0.016
TYR-1B0230_003 0.000 0.000 0.000 0.000 0.000
SER01B0231_001 0.987 0.987 0.987 0.987 0.987
SER01B0231_002 0.013 0.013 0.013 0.013 0.013
TYR01B0232_001 0.825 0.824 0.824 0.824 0.824
TYR01B0232_002 0.175 0.176 0.176 0.176 0.176
TYR-1B0232_003 0.000 0.000 0.000 0.000 0.000
ALA01B0233_001 1.000 1.000 1.000 1.000 1.000
VAL01B0234_001 1.000 1.000 1.000 1.000 1.000
ILE01B0235_001 1.000 1.000 1.000 1.000 1.000
THR01B0236_001 0.019 0.019 0.020 0.020 0.019
THR01B0236_002 0.981 0.981 0.980 0.980 0.981
TRP01B0237_001 1.000 1.000 1.000 1.000 1.000
GLU01B0238_001 0.000 0.000 0.000 0.000 0.000
GLU01B0238_002 0.118 0.117 0.116 0.118 0.117
GLU02B0238_003 0.002 0.002 0.002 0.002 0.002
GLU02B0238_004 0.017 0.018 0.017 0.018 0.017
GLU-1B0238_005 0.862 0.863 0.865 0.862 0.864
VAL01B0239_001 1.000 1.000 1.000 1.000 1.000
LEU01B0240_001 1.000 1.000 1.000 1.000 1.000
SER01B0241_001 0.442 0.443 0.442 0.444 0.444
SER01B0241_002 0.000 0.000 0.000 0.000 0.000
SER01B0241_003 0.558 0.557 0.558 0.556 0.556
ARG01B0242_001 0.000 0.000 0.000 0.000 0.000
ARG02B0242_002 0.000 0.000 0.000 0.000 0.000
ARG03B0242_003 0.000 0.000 0.000 0.000 0.000
ARG03B0242_004 0.000 0.000 0.000 0.000 0.000
ARG+1B0242_005 1.000 1.000 1.000 1.000 1.000
LYS01B0243_001 0.000 0.000 0.000 0.000 0.000
LYS+1B0243_002 1.000 1.000 1.000 1.000 1.000
GLN01B0244_001 0.821 0.820 0.820 0.821 0.821
GLN01B0244_002 0.179 0.180 0.180 0.179 0.179
PRO01B0245_001 1.000 1.000 1.000 1.000 1.000
PHE01B0246_001 1.000 1.000 1.000 1.000 1.000
GLU01B0247_001 0.000 0.000 0.000 0.000 0.000
GLU01B0247_002 0.000 0.000 0.000 0.000 0.000
GLU02B0247_003 0.000 0.000 0.000 0.000 0.000
GLU02B0247_004 0.004 0.004 0.004 0.004 0.004
GLU-1B0247_005 0.996 0.996 0.996 0.996 0.996
ASP01B0248_001 0.000 0.000 0.000 0.000 0.000
ASP01B0248_002 0.000 0.000 0.000 0.000 0.000
ASP02B0248_003 0.000 0.000 0.000 0.000 0.000
ASP02B0248_004 0.000 0.000 0.000 0.000 0.000
ASP-1B0248_005 1.000 1.000 1.000 1.000 1.000
VAL01B0249_001 1.000 1.000 1.000 1.000 1.000
THR01B0250_001 1.000 1.000 1.000 1.000 1.000
ASN01B0251_001 1.000 1.000 1.000 1.000 1.000
PRO01B0252_001 1.000 1.000 1.000 1.000 1.000
LEU01B0253_001 1.000 1.000 1.000 1.000 1.000
GLN01B0254_001 0.000 0.000 0.000 0.000 0.000
GLN01B0254_002 1.000 1.000 1.000 1.000 1.000
ILE01B0255_001 1.000 1.000 1.000 1.000 1.000
MET01B0256_001 1.000 1.000 1.000 1.000 1.000
TYR01B0257_001 1.000 1.000 1.000 1.000 1.000
TYR-1B0257_002 0.000 0.000 0.000 0.000 0.000
SER01B0258_001 0.007 0.007 0.007 0.007 0.007
SER01B0258_002 0.879 0.878 0.878 0.879 0.878
SER01B0258_003 0.115 0.115 0.115 0.114 0.116
VAL01B0259_001 1.000 1.000 1.000 1.000 1.000
SER01B0260_001 0.215 0.215 0.216 0.215 0.216
SER01B0260_002 0.785 0.785 0.784 0.785 0.784
GLN01B0261_001 0.870 0.869 0.871 0.871 0.870
GLN01B0261_002 0.130 0.131 0.129 0.129 0.130
HIS01B0263_001 0.225 0.223 0.224 0.225 0.225
HIS01B0263_002 0.057 0.058 0.058 0.057 0.057
HIS02B0263_003 0.312 0.312 0.312 0.312 0.311
HIS02B0263_004 0.081 0.080 0.080 0.080 0.080
HIS+1B0263_005 0.266 0.268 0.266 0.268 0.267
HIS+1B0263_006 0.059 0.060 0.060 0.059 0.059
ARG01B0264_001 0.000 0.000 0.000 0.000 0.000
ARG02B0264_002 0.000 0.000 0.000 0.000 0.000
ARG03B0264_003 0.000 0.000 0.000 0.000 0.000
ARG03B0264_004 0.000 0.000 0.000 0.000 0.000
ARG+1B0264_005 1.000 1.000 1.000 1.000 1.000
PRO01B0265_001 1.000 1.000 1.000 1.000 1.000
VAL01B0266_001 1.000 1.000 1.000 1.000 1.000
ILE01B0267_001 1.000 1.000 1.000 1.000 1.000
ASN01B0268_001 1.000 1.000 1.000 1.000 1.000
GLU01B0269_001 0.000 0.000 0.000 0.000 0.000
GLU01B0269_002 0.000 0.000 0.000 0.000 0.000
GLU02B0269_003 0.000 0.000 0.000 0.000 0.000
GLU02B0269_004 0.000 0.000 0.000 0.000 0.000
GLU-1B0269_005 1.000 1.000 1.000 1.000 1.000
GLU01B0270_001 0.000 0.000 0.000 0.000 0.000
GLU01B0270_002 0.000 0.000 0.000 0.000 0.000
GLU02B0270_003 0.000 0.000 0.000 0.000 0.000
GLU02B0270_004 0.002 0.002 0.002 0.002 0.002
GLU-1B0270_005 0.998 0.998 0.998 0.998 0.998
SER01B0271_001 1.000 1.000 1.000 1.000 1.000
LEU01B0272_001 1.000 1.000 1.000 1.000 1.000
PRO01B0273_001 1.000 1.000 1.000 1.000 1.000
TYR01B0274_001 0.371 0.370 0.371 0.371 0.372
TYR01B0274_002 0.628 0.628 0.628 0.627 0.626
TYR-1B0274_003 0.001 0.002 0.001 0.001 0.001
ASP01B0275_001 0.000 0.000 0.000 0.000 0.000
ASP01B0275_002 0.000 0.000 0.000 0.000 0.000
ASP02B0275_003 0.000 0.000 0.000 0.000 0.000
ASP02B0275_004 0.000 0.000 0.000 0.000 0.000
ASP-1B0275_005 1.000 1.000 1.000 1.000 1.000
ILE01B0276_001 1.000 1.000 1.000 1.000 1.000
PRO01B0277_001 1.000 1.000 1.000 1.000 1.000
HIS01B0278_001 0.716 0.716 0.713 0.718 0.714
HIS01B0278_002 0.026 0.026 0.025 0.026 0.026
HIS02B0278_003 0.220 0.220 0.224 0.219 0.221
HIS02B0278_004 0.035 0.034 0.034 0.034 0.034
HIS+1B0278_005 0.004 0.004 0.004 0.004 0.004
HIS+1B0278_006 0.000 0.000 0.000 0.000 0.000
ARG01B0279_001 0.000 0.000 0.000 0.000 0.000
ARG02B0279_002 0.000 0.000 0.000 0.000 0.000
ARG03B0279_003 0.000 0.000 0.000 0.000 0.000
ARG+1B0279_004 1.000 1.000 1.000 1.000 1.000
ALA01B0280_001 1.000 1.000 1.000 1.000 1.000
ARG01B0281_001 0.000 0.000 0.000 0.000 0.000
ARG02B0281_002 0.000 0.000 0.000 0.000 0.000
ARG03B0281_003 0.000 0.000 0.000 0.000 0.000
ARG+1B0281_004 1.000 1.000 1.000 1.000 1.000
MET01B0282_001 1.000 1.000 1.000 1.000 1.000
ILE01B0283_001 1.000 1.000 1.000 1.000 1.000
SER01B0284_001 0.327 0.329 0.327 0.328 0.329
SER01B0284_002 0.673 0.671 0.673 0.672 0.671
LEU01B0285_001 1.000 1.000 1.000 1.000 1.000
ILE01B0286_001 1.000 1.000 1.000 1.000 1.000
GLU01B0287_001 0.000 0.000 0.000 0.000 0.000
GLU01B0287_002 0.002 0.002 0.003 0.003 0.003
GLU02B0287_003 0.000 0.000 0.000 0.000 0.000
GLU02B0287_004 0.005 0.005 0.005 0.005 0.005
GLU-1B0287_005 0.992 0.992 0.992 0.992 0.992
SER01B0288_001 0.085 0.084 0.084 0.084 0.084
SER01B0288_002 0.915 0.916 0.916 0.916 0.916
TRP01B0290_001 1.000 1.000 1.000 1.000 1.000
ALA01B0291_001 1.000 1.000 1.000 1.000 1.000
GLN01B0292_001 1.000 1.000 1.000 1.000 1.000
ASN01B0293_001 1.000 1.000 1.000 1.000 1.000
ASN01B0293_002 0.000 0.000 0.000 0.000 0.000
PRO01B0294_001 1.000 1.000 1.000 1.000 1.000
ASP01B0295_001 0.000 0.000 0.000 0.000 0.000
ASP01B0295_002 0.000 0.000 0.000 0.000 0.000
ASP02B0295_003 0.000 0.000 0.000 0.000 0.000
ASP02B0295_004 0.000 0.000 0.000 0.000 0.000
ASP-1B0295_005 1.000 1.000 1.000 1.000 1.000
GLU01B0296_001 0.000 0.000 0.000 0.000 0.000
GLU01B0296_002 0.000 0.000 0.000 0.000 0.000
GLU02B0296_003 0.000 0.000 0.000 0.000 0.000
GLU02B0296_004 0.000 0.000 0.000 0.000 0.000
GLU-1B0296_005 1.000 1.000 1.000 1.000 1.000
ARG01B0297_001 0.000 0.000 0.000 0.000 0.000
ARG02B0297_002 0.000 0.000 0.000 0.000 0.000
ARG02B0297_003 0.000 0.000 0.000 0.000 0.000
ARG03B0297_004 0.000 0.000 0.000 0.000 0.000
ARG03B0297_005 0.000 0.000 0.000 0.000 0.000
ARG+1B0297_006 1.000 1.000 1.000 1.000 1.000
PRO01B0298_001 1.000 1.000 1.000 1.000 1.000
SER01B0299_001 1.000 1.000 1.000 1.000 1.000
SER01B0299_002 0.000 0.000 0.000 0.000 0.000
PHE01B0300_001 1.000 1.000 1.000 1.000 1.000
LEU01B0301_001 1.000 1.000 1.000 1.000 1.000
LYS01B0302_001 0.000 0.000 0.000 0.000 0.000
LYS+1B0302_002 1.000 1.000 1.000 1.000 1.000
CYS01B0303_001 0.232 0.233 0.232 0.232 0.232
CYS01B0303_002 0.477 0.476 0.478 0.478 0.478
CYS01B0303_003 0.291 0.291 0.290 0.290 0.290
CYS-1B0303_004 0.000 0.000 0.000 0.000 0.000
LEU01B0304_001 1.000 1.000 1.000 1.000 1.000
ILE01B0305_001 1.000 1.000 1.000 1.000 1.000
GLU01B0306_001 0.000 0.000 0.000 0.000 0.000
GLU01B0306_002 0.002 0.002 0.002 0.002 0.002
GLU02B0306_003 0.000 0.000 0.000 0.000 0.000
GLU02B0306_004 0.003 0.003 0.003 0.003 0.003
GLU-1B0306_005 0.995 0.995 0.996 0.995 0.995
LEU01B0307_001 1.000 1.000 1.000 1.000 1.000
GLU01B0308_001 0.000 0.000 0.000 0.000 0.000
GLU01B0308_002 0.000 0.000 0.000 0.000 0.000
GLU02B0308_003 0.000 0.000 0.000 0.000 0.000
GLU02B0308_004 0.000 0.000 0.000 0.000 0.000
GLU-1B0308_005 1.000 1.000 1.000 1.000 1.000
PRO01B0309_001 1.000 1.000 1.000 1.000 1.000
VAL01B0310_001 1.000 1.000 1.000 1.000 1.000
LEU01B0311_001 1.000 1.000 1.000 1.000 1.000
ARG01B0312_001 0.000 0.000 0.000 0.000 0.000
ARG02B0312_002 0.000 0.000 0.000 0.000 0.000
ARG03B0312_003 0.000 0.000 0.000 0.000 0.000
ARG+1B0312_004 1.000 1.000 1.000 1.000 1.000
THR01B0313_001 0.810 0.811 0.810 0.811 0.810
THR01B0313_002 0.080 0.080 0.079 0.080 0.081
THR01B0313_003 0.109 0.109 0.111 0.108 0.110
PHE01B0314_001 1.000 1.000 1.000 1.000 1.000
GLU01B0315_001 0.000 0.000 0.000 0.000 0.000
GLU01B0315_002 0.000 0.000 0.000 0.000 0.000
GLU02B0315_003 0.000 0.000 0.000 0.000 0.000
GLU02B0315_004 0.000 0.000 0.000 0.000 0.000
GLU-1B0315_005 1.000 1.000 1.000 1.000 1.000
GLU01B0316_001 0.000 0.000 0.000 0.000 0.000
GLU01B0316_002 0.000 0.000 0.000 0.000 0.000
GLU02B0316_003 0.000 0.000 0.000 0.000 0.000
GLU02B0316_004 0.000 0.000 0.000 0.000 0.000
GLU-1B0316_005 1.000 1.000 1.000 1.000 1.000
ILE01B0317_001 1.000 1.000 1.000 1.000 1.000
THR01B0318_001 0.296 0.294 0.294 0.295 0.295
THR01B0318_002 0.704 0.706 0.706 0.705 0.705
PHE01B0319_001 1.000 1.000 1.000 1.000 1.000
LEU01B0320_001 1.000 1.000 1.000 1.000 1.000
GLU01B0321_001 0.000 0.000 0.000 0.000 0.000
GLU01B0321_002 0.000 0.000 0.000 0.000 0.000
GLU02B0321_003 0.000 0.000 0.000 0.000 0.000
GLU02B0321_004 0.000 0.000 0.000 0.001 0.000
GLU-1B0321_005 1.000 1.000 1.000 0.999 1.000
ALA01B0322_001 1.000 1.000 1.000 1.000 1.000
VAL01B0323_001 1.000 1.000 1.000 1.000 1.000
ILE01B0324_001 1.000 1.000 1.000 1.000 1.000
GLN01B0325_001 0.663 0.662 0.662 0.662 0.662
GLN01B0325_002 0.337 0.338 0.338 0.338 0.338
LEU01B0326_001 1.000 1.000 1.000 1.000 1.000
LYS01B0327_001 0.005 0.005 0.005 0.005 0.005
LYS+1B0327_002 0.995 0.995 0.995 0.995 0.995
LYS01B0328_001 0.000 0.000 0.000 0.000 0.000
LYS+1B0328_002 1.000 1.000 1.000 1.000 1.000
THR01B0329_001 1.000 1.000 1.000 1.000 1.000
LYS01B0330_001 0.000 0.000 0.000 0.000 0.000
LYS+1B0330_002 1.000 1.000 1.000 1.000 1.000
LEU01B0331_001 1.000 1.000 1.000 1.000 1.000
GLN01B0332_001 0.150 0.150 0.150 0.150 0.150
GLN01B0332_002 0.850 0.850 0.850 0.850 0.850
SER01B0333_001 1.000 1.000 1.000 1.000 1.000
0LI+1C0001_001 0.092 0.092 0.091 0.092 0.092
0LI+2C0001_002 0.905 0.905 0.906 0.905 0.905
0LI01C0001_003 0.003 0.003 0.003 0.003 0.003
0LIDMC0001_004 0.000 0.000 0.000 0.000 0.000
0LI+1D0001_001 0.169 0.169 0.169 0.169 0.169
0LI+2D0001_002 0.827 0.827 0.827 0.827 0.827
0LI01D0001_003 0.004 0.004 0.004 0.004 0.004
0LIDMD0001_004 0.000 0.000 0.000 0.000 0.000
