 ph              7.4   7.4   7.4   7.4   7.4
ASP01A0001_001 0.000 0.000 0.000 0.000 0.000
ASP01A0001_002 0.000 0.000 0.000 0.000 0.000
ASP02A0001_003 0.000 0.000 0.000 0.000 0.000
ASP02A0001_004 0.000 0.000 0.000 0.000 0.000
ASP-1A0001_005 1.000 1.000 1.000 1.000 1.000
TRP01A0002_001 1.000 1.000 1.000 1.000 1.000
GLU01A0003_001 0.000 0.000 0.000 0.000 0.000
GLU01A0003_002 0.000 0.000 0.000 0.000 0.000
GLU02A0003_003 0.000 0.000 0.000 0.000 0.000
GLU02A0003_004 0.000 0.000 0.000 0.000 0.000
GLU-1A0003_005 1.000 1.000 1.000 1.000 1.000
ILE01A0004_001 1.000 1.000 1.000 1.000 1.000
PRO01A0005_001 1.000 1.000 1.000 1.000 1.000
ASP01A0006_001 0.000 0.000 0.000 0.000 0.000
ASP01A0006_002 0.000 0.000 0.000 0.000 0.000
ASP02A0006_003 0.000 0.000 0.000 0.000 0.000
ASP02A0006_004 0.000 0.000 0.000 0.000 0.000
ASP-1A0006_005 1.000 1.000 1.000 1.000 1.000
GLN01A0008_001 0.979 0.979 0.979 0.979 0.979
GLN01A0008_002 0.021 0.021 0.021 0.021 0.021
ILE01A0009_001 1.000 1.000 1.000 1.000 1.000
THR01A0010_001 0.358 0.358 0.357 0.359 0.358
THR01A0010_002 0.642 0.642 0.643 0.641 0.642
VAL01A0011_001 1.000 1.000 1.000 1.000 1.000
GLN01A0013_001 0.117 0.117 0.117 0.116 0.118
GLN01A0013_002 0.883 0.883 0.883 0.884 0.882
ARG01A0014_001 0.000 0.000 0.000 0.000 0.000
ARG02A0014_002 0.000 0.000 0.000 0.000 0.000
ARG03A0014_003 0.000 0.000 0.000 0.000 0.000
ARG+1A0014_004 1.000 1.000 1.000 1.000 1.000
ILE01A0015_001 1.000 1.000 1.000 1.000 1.000
SER01A0017_001 0.611 0.614 0.612 0.613 0.611
SER01A0017_002 0.389 0.386 0.388 0.387 0.389
SER01A0019_001 0.050 0.049 0.050 0.050 0.049
SER01A0019_002 0.950 0.951 0.950 0.950 0.951
PHE01A0020_001 1.000 1.000 1.000 1.000 1.000
THR01A0022_001 0.115 0.114 0.115 0.114 0.115
THR01A0022_002 0.885 0.886 0.885 0.886 0.885
VAL01A0023_001 1.000 1.000 1.000 1.000 1.000
TYR01A0024_001 0.443 0.442 0.442 0.442 0.442
TYR01A0024_002 0.557 0.558 0.558 0.558 0.558
TYR-1A0024_003 0.000 0.000 0.000 0.000 0.000
LYS01A0025_001 0.000 0.000 0.000 0.000 0.000
LYS+1A0025_002 1.000 1.000 1.000 1.000 1.000
LYS01A0027_001 0.000 0.000 0.000 0.000 0.000
LYS+1A0027_002 1.000 1.000 1.000 1.000 1.000
TRP01A0028_001 1.000 1.000 1.000 1.000 1.000
HIS01A0029_001 0.129 0.130 0.129 0.129 0.129
HIS01A0029_002 0.185 0.186 0.185 0.186 0.185
HIS02A0029_003 0.127 0.128 0.128 0.126 0.128
HIS02A0029_004 0.322 0.321 0.322 0.322 0.321
HIS+1A0029_005 0.116 0.116 0.117 0.117 0.117
HIS+1A0029_006 0.120 0.120 0.120 0.120 0.120
ASP01A0031_001 0.000 0.000 0.000 0.000 0.000
ASP01A0031_002 0.000 0.000 0.000 0.000 0.000
ASP02A0031_003 0.000 0.000 0.000 0.000 0.000
ASP02A0031_004 0.000 0.000 0.000 0.000 0.000
ASP-1A0031_005 1.000 1.000 1.000 1.000 1.000
VAL01A0032_001 1.000 1.000 1.000 1.000 1.000
ALA01A0033_001 1.000 1.000 1.000 1.000 1.000
VAL01A0034_001 1.000 1.000 1.000 1.000 1.000
LYS01A0035_001 0.000 0.000 0.000 0.000 0.000
LYS+1A0035_002 1.000 1.000 1.000 1.000 1.000
MET01A0036_001 1.000 1.000 1.000 1.000 1.000
LEU01A0037_001 1.000 1.000 1.000 1.000 1.000
ASN01A0038_001 0.890 0.890 0.890 0.891 0.889
ASN01A0038_002 0.110 0.110 0.110 0.109 0.111
VAL01A0039_001 1.000 1.000 1.000 1.000 1.000
THR01A0040_001 0.179 0.179 0.179 0.180 0.179
THR01A0040_002 0.821 0.821 0.821 0.820 0.821
ALA01A0041_001 1.000 1.000 1.000 1.000 1.000
PRO01A0042_001 1.000 1.000 1.000 1.000 1.000
THR01A0043_001 0.372 0.374 0.373 0.374 0.373
THR01A0043_002 0.628 0.626 0.627 0.626 0.627
PRO01A0044_001 1.000 1.000 1.000 1.000 1.000
GLN01A0045_001 0.096 0.097 0.097 0.096 0.096
GLN01A0045_002 0.904 0.903 0.903 0.904 0.904
GLN01A0046_001 1.000 1.000 1.000 1.000 1.000
GLN01A0046_002 0.000 0.000 0.000 0.000 0.000
LEU01A0047_001 1.000 1.000 1.000 1.000 1.000
GLN01A0048_001 0.722 0.722 0.723 0.722 0.723
GLN01A0048_002 0.278 0.278 0.277 0.278 0.277
ALA01A0049_001 1.000 1.000 1.000 1.000 1.000
PHE01A0050_001 1.000 1.000 1.000 1.000 1.000
LYS01A0051_001 0.007 0.007 0.007 0.007 0.007
LYS+1A0051_002 0.993 0.993 0.993 0.993 0.993
ASN01A0052_001 0.871 0.870 0.870 0.869 0.870
ASN01A0052_002 0.129 0.130 0.130 0.131 0.130
GLU01A0053_001 0.003 0.002 0.003 0.003 0.003
GLU01A0053_002 0.381 0.383 0.382 0.383 0.382
GLU02A0053_003 0.026 0.026 0.026 0.026 0.027
GLU02A0053_004 0.552 0.551 0.551 0.549 0.549
GLU-1A0053_005 0.039 0.038 0.039 0.039 0.040
VAL01A0054_001 1.000 1.000 1.000 1.000 1.000
VAL01A0056_001 1.000 1.000 1.000 1.000 1.000
LEU01A0057_001 1.000 1.000 1.000 1.000 1.000
ARG01A0058_001 0.000 0.000 0.000 0.000 0.000
ARG02A0058_002 0.000 0.000 0.000 0.000 0.000
ARG03A0058_003 0.000 0.000 0.000 0.000 0.000
ARG+1A0058_004 1.000 1.000 1.000 1.000 1.000
LYS01A0059_001 0.003 0.003 0.003 0.003 0.004
LYS+1A0059_002 0.997 0.997 0.997 0.997 0.996
THR01A0060_001 0.778 0.778 0.778 0.778 0.779
THR01A0060_002 0.222 0.222 0.222 0.222 0.221
ARG01A0061_001 0.000 0.000 0.000 0.000 0.000
ARG02A0061_002 0.000 0.000 0.000 0.000 0.000
ARG03A0061_003 0.000 0.000 0.000 0.000 0.000
ARG+1A0061_004 1.000 1.000 1.000 1.000 1.000
HIS01A0062_001 1.000 1.000 1.000 1.000 1.000
HIS02A0062_002 0.000 0.000 0.000 0.000 0.000
HIS+1A0062_003 0.000 0.000 0.000 0.000 0.000
VAL01A0063_001 1.000 1.000 1.000 1.000 1.000
ASN01A0064_001 0.998 0.998 0.997 0.998 0.997
ASN01A0064_002 0.002 0.002 0.003 0.002 0.003
ILE01A0065_001 1.000 1.000 1.000 1.000 1.000
LEU01A0066_001 1.000 1.000 1.000 1.000 1.000
LEU01A0067_001 1.000 1.000 1.000 1.000 1.000
PHE01A0068_001 1.000 1.000 1.000 1.000 1.000
MET01A0069_001 1.000 1.000 1.000 1.000 1.000
TYR01A0071_001 0.911 0.910 0.910 0.910 0.910
TYR01A0071_002 0.089 0.090 0.090 0.090 0.090
TYR-1A0071_003 0.000 0.000 0.000 0.000 0.000
SER01A0072_001 1.000 1.000 1.000 1.000 1.000
THR01A0073_001 0.151 0.150 0.150 0.150 0.151
THR01A0073_002 0.849 0.850 0.850 0.850 0.849
LYS01A0074_001 0.000 0.000 0.000 0.000 0.000
LYS+1A0074_002 1.000 1.000 1.000 1.000 1.000
PRO01A0075_001 1.000 1.000 1.000 1.000 1.000
GLN01A0076_001 0.263 0.264 0.263 0.262 0.264
GLN01A0076_002 0.737 0.736 0.737 0.738 0.736
LEU01A0077_001 1.000 1.000 1.000 1.000 1.000
ALA01A0078_001 1.000 1.000 1.000 1.000 1.000
ILE01A0079_001 1.000 1.000 1.000 1.000 1.000
VAL01A0080_001 1.000 1.000 1.000 1.000 1.000
THR01A0081_001 0.068 0.067 0.068 0.067 0.068
THR01A0081_002 0.750 0.751 0.749 0.749 0.750
THR01A0081_003 0.182 0.182 0.183 0.184 0.183
GLN01A0082_001 1.000 1.000 1.000 1.000 1.000
GLN01A0082_002 0.000 0.000 0.000 0.000 0.000
TRP01A0083_001 1.000 1.000 1.000 1.000 1.000
CYS01A0084_001 0.194 0.194 0.194 0.194 0.194
CYS01A0084_002 0.454 0.454 0.455 0.454 0.454
CYS01A0084_003 0.352 0.352 0.351 0.352 0.352
CYS-1A0084_004 0.000 0.000 0.000 0.000 0.000
GLU01A0085_001 0.000 0.000 0.000 0.000 0.000
GLU01A0085_002 0.004 0.004 0.004 0.003 0.004
GLU02A0085_003 0.000 0.000 0.000 0.000 0.000
GLU02A0085_004 0.000 0.000 0.000 0.001 0.000
GLU-1A0085_005 0.996 0.996 0.996 0.996 0.996
SER01A0087_001 0.361 0.361 0.362 0.361 0.360
SER01A0087_002 0.063 0.063 0.064 0.064 0.064
SER01A0087_003 0.576 0.576 0.574 0.575 0.576
SER01A0088_001 1.000 1.000 1.000 1.000 1.000
LEU01A0089_001 1.000 1.000 1.000 1.000 1.000
TYR01A0090_001 0.480 0.478 0.479 0.481 0.481
TYR01A0090_002 0.287 0.287 0.287 0.285 0.285
TYR-1A0090_003 0.233 0.235 0.234 0.234 0.234
HIS01A0091_001 0.248 0.250 0.247 0.247 0.248
HIS01A0091_002 0.225 0.225 0.224 0.226 0.226
HIS02A0091_003 0.233 0.233 0.235 0.234 0.233
HIS02A0091_004 0.242 0.242 0.242 0.243 0.241
HIS+1A0091_005 0.014 0.013 0.013 0.013 0.013
HIS+1A0091_006 0.038 0.038 0.038 0.037 0.038
HIS01A0092_001 0.954 0.954 0.953 0.954 0.954
HIS02A0092_002 0.043 0.043 0.044 0.043 0.043
HIS+1A0092_003 0.003 0.003 0.003 0.003 0.003
LEU01A0093_001 1.000 1.000 1.000 1.000 1.000
HIS01A0094_001 0.052 0.051 0.052 0.052 0.051
HIS02A0094_002 0.045 0.044 0.045 0.044 0.044
HIS+1A0094_003 0.904 0.904 0.903 0.904 0.905
ALA01A0095_001 1.000 1.000 1.000 1.000 1.000
SER01A0096_001 0.080 0.079 0.079 0.079 0.080
SER01A0096_002 0.920 0.921 0.921 0.921 0.920
GLU01A0097_001 0.000 0.000 0.000 0.000 0.000
GLU01A0097_002 0.000 0.000 0.001 0.001 0.000
GLU02A0097_003 0.000 0.000 0.000 0.000 0.000
GLU02A0097_004 0.000 0.000 0.000 0.000 0.000
GLU-1A0097_005 1.000 1.000 0.998 0.999 1.000
THR01A0098_001 0.113 0.112 0.112 0.111 0.112
THR01A0098_002 0.003 0.003 0.003 0.003 0.003
THR01A0098_003 0.884 0.885 0.885 0.886 0.885
LYS01A0099_001 0.000 0.000 0.000 0.000 0.000
LYS+1A0099_002 1.000 1.000 1.000 1.000 1.000
PHE01A0100_001 1.000 1.000 1.000 1.000 1.000
GLU01A0101_001 0.000 0.000 0.000 0.000 0.000
GLU01A0101_002 0.000 0.000 0.000 0.000 0.000
GLU02A0101_003 0.000 0.000 0.000 0.000 0.000
GLU02A0101_004 0.000 0.000 0.000 0.000 0.000
GLU-1A0101_005 1.000 1.000 1.000 1.000 1.000
MET01A0102_001 1.000 1.000 1.000 1.000 1.000
LYS01A0103_001 0.000 0.000 0.000 0.000 0.000
LYS+1A0103_002 1.000 1.000 1.000 1.000 1.000
LYS01A0104_001 0.012 0.012 0.012 0.012 0.012
LYS+1A0104_002 0.988 0.988 0.988 0.988 0.988
LEU01A0105_001 1.000 1.000 1.000 1.000 1.000
ILE01A0106_001 1.000 1.000 1.000 1.000 1.000
ASP01A0107_001 0.000 0.000 0.000 0.000 0.000
ASP01A0107_002 0.000 0.000 0.000 0.000 0.000
ASP02A0107_003 0.000 0.000 0.000 0.000 0.000
ASP02A0107_004 0.000 0.000 0.000 0.000 0.000
ASP-1A0107_005 1.000 1.000 1.000 1.000 1.000
ILE01A0108_001 1.000 1.000 1.000 1.000 1.000
ALA01A0109_001 1.000 1.000 1.000 1.000 1.000
ARG01A0110_001 0.000 0.000 0.000 0.000 0.000
ARG02A0110_002 0.000 0.000 0.000 0.000 0.000
ARG02A0110_003 0.000 0.000 0.000 0.000 0.000
ARG03A0110_004 0.000 0.000 0.000 0.000 0.000
ARG03A0110_005 0.000 0.000 0.000 0.000 0.000
ARG+1A0110_006 1.000 1.000 1.000 1.000 1.000
GLN01A0111_001 1.000 1.000 1.000 1.000 1.000
GLN01A0111_002 0.000 0.000 0.000 0.000 0.000
THR01A0112_001 0.094 0.096 0.095 0.095 0.096
THR01A0112_002 0.906 0.904 0.905 0.905 0.904
ALA01A0113_001 1.000 1.000 1.000 1.000 1.000
ARG01A0114_001 0.000 0.000 0.000 0.000 0.000
ARG02A0114_002 0.000 0.000 0.000 0.000 0.000
ARG03A0114_003 0.000 0.000 0.000 0.000 0.000
ARG03A0114_004 0.000 0.000 0.000 0.000 0.000
ARG+1A0114_005 1.000 1.000 1.000 1.000 1.000
MET01A0116_001 1.000 1.000 1.000 1.000 1.000
ASP01A0117_001 0.000 0.000 0.000 0.000 0.000
ASP01A0117_002 0.000 0.000 0.000 0.000 0.000
ASP02A0117_003 0.000 0.000 0.000 0.000 0.000
ASP02A0117_004 0.007 0.007 0.006 0.006 0.007
ASP-1A0117_005 0.993 0.993 0.993 0.994 0.993
TYR01A0118_001 0.998 0.998 0.998 0.998 0.998
TYR01A0118_002 0.002 0.002 0.002 0.002 0.002
TYR-1A0118_003 0.000 0.000 0.000 0.000 0.000
LEU01A0119_001 1.000 1.000 1.000 1.000 1.000
HIS01A0120_001 0.676 0.676 0.677 0.678 0.675
HIS02A0120_002 0.000 0.000 0.000 0.000 0.000
HIS+1A0120_003 0.324 0.324 0.323 0.322 0.325
ALA01A0121_001 1.000 1.000 1.000 1.000 1.000
LYS01A0122_001 0.000 0.000 0.000 0.000 0.000
LYS+1A0122_002 1.000 1.000 1.000 1.000 1.000
SER01A0123_001 1.000 1.000 1.000 1.000 1.000
ILE01A0124_001 1.000 1.000 1.000 1.000 1.000
ILE01A0125_001 1.000 1.000 1.000 1.000 1.000
HIS01A0126_001 1.000 1.000 1.000 1.000 1.000
HIS02A0126_002 0.000 0.000 0.000 0.000 0.000
HIS+1A0126_003 0.000 0.000 0.000 0.000 0.000
ARG01A0127_001 0.000 0.000 0.000 0.000 0.000
ARG02A0127_002 0.000 0.000 0.000 0.000 0.000
ARG03A0127_003 0.000 0.000 0.000 0.000 0.000
ARG+1A0127_004 1.000 1.000 1.000 1.000 1.000
ASP01A0128_001 0.005 0.005 0.005 0.005 0.005
ASP01A0128_002 0.020 0.020 0.020 0.020 0.020
ASP02A0128_003 0.737 0.739 0.734 0.737 0.739
ASP02A0128_004 0.056 0.055 0.056 0.056 0.056
ASP-1A0128_005 0.182 0.181 0.185 0.181 0.180
LEU01A0129_001 1.000 1.000 1.000 1.000 1.000
LYS01A0130_001 0.000 0.000 0.000 0.000 0.000
LYS+1A0130_002 1.000 1.000 1.000 1.000 1.000
SER01A0131_001 0.001 0.000 0.002 0.002 0.002
SER01A0131_002 0.000 0.000 0.000 0.000 0.000
SER01A0131_003 0.999 1.000 0.998 0.998 0.998
ASN01A0132_001 0.985 0.985 0.985 0.985 0.985
ASN01A0132_002 0.015 0.015 0.015 0.015 0.015
ASN01A0133_001 0.002 0.002 0.002 0.002 0.002
ASN01A0133_002 0.998 0.998 0.998 0.998 0.998
ILE01A0134_001 1.000 1.000 1.000 1.000 1.000
PHE01A0135_001 1.000 1.000 1.000 1.000 1.000
LEU01A0136_001 1.000 1.000 1.000 1.000 1.000
HIS01A0137_001 0.998 0.998 0.998 0.998 0.998
HIS02A0137_002 0.002 0.002 0.002 0.002 0.002
HIS+1A0137_003 0.000 0.000 0.000 0.000 0.000
GLU01A0138_001 0.000 0.000 0.000 0.000 0.000
GLU01A0138_002 0.000 0.000 0.000 0.000 0.000
GLU02A0138_003 0.000 0.000 0.000 0.000 0.000
GLU02A0138_004 0.000 0.002 0.003 0.002 0.000
GLU-1A0138_005 1.000 0.998 0.997 0.997 1.000
ASP01A0139_001 0.000 0.000 0.000 0.000 0.000
ASP01A0139_002 0.004 0.004 0.004 0.004 0.004
ASP02A0139_003 0.000 0.000 0.000 0.000 0.000
ASP02A0139_004 0.000 0.000 0.000 0.000 0.000
ASP-1A0139_005 0.996 0.996 0.996 0.996 0.996
ASN01A0140_001 0.876 0.875 0.875 0.876 0.876
ASN01A0140_002 0.124 0.125 0.125 0.124 0.124
THR01A0141_001 0.321 0.321 0.321 0.320 0.321
THR01A0141_002 0.679 0.679 0.679 0.680 0.679
VAL01A0142_001 1.000 1.000 1.000 1.000 1.000
LYS01A0143_001 0.000 0.000 0.000 0.000 0.000
LYS+1A0143_002 1.000 1.000 1.000 1.000 1.000
ILE01A0144_001 1.000 1.000 1.000 1.000 1.000
ASP01A0146_001 0.000 0.000 0.000 0.000 0.000
ASP01A0146_002 0.000 0.000 0.000 0.000 0.000
ASP02A0146_003 0.020 0.020 0.020 0.020 0.020
ASP02A0146_004 0.180 0.179 0.183 0.180 0.179
ASP-1A0146_005 0.800 0.801 0.797 0.800 0.802
PHE01A0147_001 1.000 1.000 1.000 1.000 1.000
LEU01A0149_001 1.000 1.000 1.000 1.000 1.000
ALA01A0150_001 1.000 1.000 1.000 1.000 1.000
THR01A0151_001 1.000 1.000 1.000 1.000 1.000
GLU01A0152_001 0.000 0.000 0.000 0.000 0.000
GLU01A0152_002 0.005 0.005 0.005 0.005 0.005
GLU02A0152_003 0.000 0.000 0.000 0.000 0.000
GLU02A0152_004 0.000 0.000 0.000 0.000 0.000
GLU-1A0152_005 0.995 0.995 0.995 0.995 0.995
LYS01A0153_001 0.017 0.017 0.017 0.017 0.017
LYS+1A0153_002 0.983 0.983 0.983 0.983 0.983
SER01A0154_001 0.018 0.018 0.018 0.018 0.018
SER01A0154_002 0.017 0.018 0.018 0.017 0.018
SER01A0154_003 0.965 0.965 0.964 0.965 0.964
ARG01A0155_001 0.000 0.000 0.000 0.000 0.000
ARG02A0155_002 1.000 1.000 1.000 1.000 1.000
ARG03A0155_003 0.000 0.000 0.000 0.000 0.000
ARG+1A0155_004 0.000 0.000 0.000 0.000 0.000
TRP01A0156_001 1.000 1.000 1.000 1.000 1.000
SER01A0157_001 0.961 0.960 0.961 0.961 0.961
SER01A0157_002 0.039 0.040 0.039 0.039 0.039
SER01A0159_001 1.000 1.000 1.000 1.000 1.000
HIS01A0160_001 0.000 0.000 0.000 0.000 0.000
HIS01A0160_002 1.000 1.000 1.000 1.000 1.000
HIS02A0160_003 0.000 0.000 0.000 0.000 0.000
HIS02A0160_004 0.000 0.000 0.000 0.000 0.000
HIS+1A0160_005 0.000 0.000 0.000 0.000 0.000
HIS+1A0160_006 0.000 0.000 0.000 0.000 0.000
GLN01A0161_001 0.020 0.019 0.019 0.019 0.020
GLN01A0161_002 0.980 0.981 0.981 0.981 0.980
PHE01A0162_001 1.000 1.000 1.000 1.000 1.000
GLU01A0163_001 0.059 0.059 0.058 0.058 0.058
GLU01A0163_002 0.315 0.317 0.316 0.317 0.315
GLU02A0163_003 0.002 0.002 0.002 0.002 0.002
GLU02A0163_004 0.049 0.049 0.049 0.049 0.049
GLU-1A0163_005 0.574 0.573 0.576 0.574 0.576
GLN01A0164_001 0.000 0.000 0.000 0.000 0.000
GLN01A0164_002 1.000 1.000 1.000 1.000 1.000
LEU01A0165_001 1.000 1.000 1.000 1.000 1.000
SER01A0166_001 0.000 0.000 0.000 0.000 0.000
SER01A0166_002 0.000 0.000 0.000 0.000 0.000
SER01A0166_003 1.000 1.000 1.000 1.000 1.000
SER01A0168_001 0.556 0.557 0.556 0.558 0.556
SER01A0168_002 0.444 0.443 0.444 0.442 0.444
ILE01A0169_001 1.000 1.000 1.000 1.000 1.000
LEU01A0170_001 1.000 1.000 1.000 1.000 1.000
TRP01A0171_001 1.000 1.000 1.000 1.000 1.000
MET01A0172_001 1.000 1.000 1.000 1.000 1.000
ALA01A0173_001 1.000 1.000 1.000 1.000 1.000
PRO01A0174_001 1.000 1.000 1.000 1.000 1.000
GLU01A0175_001 0.000 0.000 0.000 0.000 0.000
GLU01A0175_002 0.000 0.000 0.000 0.000 0.000
GLU02A0175_003 0.000 0.000 0.000 0.000 0.000
GLU02A0175_004 0.000 0.000 0.000 0.000 0.000
GLU-1A0175_005 1.000 1.000 1.000 1.000 1.000
VAL01A0176_001 1.000 1.000 1.000 1.000 1.000
ILE01A0177_001 1.000 1.000 1.000 1.000 1.000
ARG01A0178_001 0.000 0.000 0.000 0.000 0.000
ARG02A0178_002 0.000 0.000 0.000 0.000 0.000
ARG03A0178_003 0.000 0.000 0.000 0.000 0.000
ARG+1A0178_004 1.000 1.000 1.000 1.000 1.000
MET01A0179_001 1.000 1.000 1.000 1.000 1.000
GLN01A0180_001 1.000 1.000 1.000 1.000 1.000
ASP01A0181_001 0.000 0.000 0.000 0.000 0.000
ASP01A0181_002 0.000 0.000 0.000 0.000 0.000
ASP02A0181_003 0.000 0.000 0.000 0.000 0.000
ASP02A0181_004 0.000 0.000 0.000 0.000 0.000
ASP-1A0181_005 1.000 1.000 1.000 1.000 1.000
SER01A0182_001 1.000 1.000 1.000 1.000 1.000
ASN01A0183_001 0.080 0.080 0.080 0.080 0.080
ASN01A0183_002 0.920 0.920 0.920 0.920 0.920
PRO01A0184_001 1.000 1.000 1.000 1.000 1.000
TYR01A0185_001 1.000 1.000 1.000 1.000 1.000
TYR-1A0185_002 0.000 0.000 0.000 0.000 0.000
SER01A0186_001 0.081 0.083 0.082 0.082 0.081
SER01A0186_002 0.919 0.917 0.918 0.918 0.919
PHE01A0187_001 1.000 1.000 1.000 1.000 1.000
GLN01A0188_001 0.997 0.996 0.996 0.996 0.997
GLN01A0188_002 0.003 0.004 0.004 0.004 0.003
SER01A0189_001 0.003 0.003 0.003 0.003 0.003
SER01A0189_002 0.997 0.997 0.997 0.997 0.997
ASP01A0190_001 0.000 0.000 0.000 0.000 0.000
ASP01A0190_002 0.000 0.000 0.000 0.000 0.000
ASP02A0190_003 0.000 0.000 0.000 0.000 0.000
ASP02A0190_004 0.000 0.000 0.000 0.000 0.000
ASP-1A0190_005 1.000 1.000 1.000 1.000 1.000
VAL01A0191_001 1.000 1.000 1.000 1.000 1.000
TYR01A0192_001 1.000 1.000 1.000 1.000 1.000
TYR-1A0192_002 0.000 0.000 0.000 0.000 0.000
ALA01A0193_001 1.000 1.000 1.000 1.000 1.000
PHE01A0194_001 1.000 1.000 1.000 1.000 1.000
ILE01A0196_001 1.000 1.000 1.000 1.000 1.000
VAL01A0197_001 1.000 1.000 1.000 1.000 1.000
LEU01A0198_001 1.000 1.000 1.000 1.000 1.000
TYR01A0199_001 1.000 1.000 1.000 1.000 1.000
TYR-1A0199_002 0.000 0.000 0.000 0.000 0.000
GLU01A0200_001 0.039 0.039 0.040 0.039 0.039
GLU01A0200_002 0.000 0.000 0.000 0.000 0.000
GLU02A0200_003 0.000 0.000 0.000 0.000 0.000
GLU02A0200_004 0.005 0.005 0.005 0.005 0.005
GLU-1A0200_005 0.956 0.956 0.955 0.956 0.956
LEU01A0201_001 1.000 1.000 1.000 1.000 1.000
MET01A0202_001 1.000 1.000 1.000 1.000 1.000
THR01A0203_001 0.019 0.019 0.019 0.019 0.019
THR01A0203_002 0.138 0.139 0.137 0.138 0.138
THR01A0203_003 0.842 0.841 0.844 0.842 0.842
GLN01A0205_001 0.878 0.878 0.878 0.879 0.879
GLN01A0205_002 0.122 0.122 0.122 0.121 0.121
LEU01A0206_001 1.000 1.000 1.000 1.000 1.000
PRO01A0207_001 1.000 1.000 1.000 1.000 1.000
TYR01A0208_001 1.000 1.000 1.000 1.000 1.000
TYR-1A0208_002 0.000 0.000 0.000 0.000 0.000
SER01A0209_001 1.000 1.000 1.000 1.000 1.000
ASN01A0210_001 0.058 0.057 0.058 0.058 0.058
ASN01A0210_002 0.942 0.943 0.942 0.942 0.942
ILE01A0211_001 1.000 1.000 1.000 1.000 1.000
ASN01A0212_001 0.919 0.920 0.920 0.919 0.919
ASN01A0212_002 0.081 0.080 0.080 0.081 0.081
ASN01A0213_001 1.000 1.000 1.000 1.000 1.000
ASN01A0213_002 0.000 0.000 0.000 0.000 0.000
ARG01A0214_001 0.000 0.000 0.000 0.000 0.000
ARG02A0214_002 0.000 0.000 0.000 0.000 0.000
ARG03A0214_003 0.000 0.000 0.000 0.000 0.000
ARG+1A0214_004 1.000 1.000 1.000 1.000 1.000
ASP01A0215_001 0.000 0.000 0.000 0.000 0.000
ASP01A0215_002 0.000 0.000 0.000 0.000 0.000
ASP02A0215_003 0.000 0.000 0.000 0.000 0.000
ASP02A0215_004 0.000 0.000 0.000 0.000 0.000
ASP-1A0215_005 1.000 1.000 1.000 1.000 1.000
GLN01A0216_001 0.316 0.319 0.316 0.316 0.316
GLN01A0216_002 0.684 0.681 0.684 0.684 0.684
ILE01A0217_001 1.000 1.000 1.000 1.000 1.000
ILE01A0218_001 1.000 1.000 1.000 1.000 1.000
GLU01A0219_001 0.000 0.000 0.000 0.000 0.000
GLU01A0219_002 0.000 0.000 0.000 0.000 0.000
GLU02A0219_003 0.000 0.000 0.000 0.000 0.000
GLU02A0219_004 0.000 0.000 0.000 0.000 0.000
GLU-1A0219_005 1.000 1.000 1.000 1.000 1.000
MET01A0220_001 1.000 1.000 1.000 1.000 1.000
VAL01A0221_001 1.000 1.000 1.000 1.000 1.000
ARG01A0223_001 0.000 0.000 0.000 0.000 0.000
ARG02A0223_002 0.000 0.000 0.000 0.000 0.000
ARG03A0223_003 0.000 0.000 0.000 0.000 0.000
ARG+1A0223_004 1.000 1.000 1.000 1.000 1.000
SER01A0225_001 0.000 0.000 0.000 0.000 0.000
SER01A0225_002 0.999 0.999 1.000 0.999 0.999
SER01A0225_003 0.001 0.001 0.000 0.001 0.001
LEU01A0226_001 1.000 1.000 1.000 1.000 1.000
SER01A0227_001 1.000 1.000 1.000 1.000 1.000
PRO01A0228_001 1.000 1.000 1.000 1.000 1.000
ASP01A0229_001 0.000 0.000 0.000 0.000 0.000
ASP01A0229_002 0.000 0.000 0.000 0.000 0.000
ASP02A0229_003 0.000 0.000 0.000 0.000 0.000
ASP02A0229_004 0.000 0.000 0.000 0.000 0.000
ASP-1A0229_005 1.000 1.000 1.000 1.000 1.000
LEU01A0230_001 1.000 1.000 1.000 1.000 1.000
SER01A0231_001 0.981 0.981 0.981 0.982 0.982
SER01A0231_002 0.019 0.019 0.019 0.018 0.018
LYS01A0232_001 0.027 0.026 0.027 0.027 0.027
LYS+1A0232_002 0.973 0.974 0.973 0.973 0.973
VAL01A0233_001 1.000 1.000 1.000 1.000 1.000
ARG01A0234_001 0.000 0.000 0.000 0.000 0.000
ARG02A0234_002 0.000 0.000 0.000 0.000 0.000
ARG03A0234_003 0.000 0.000 0.000 0.000 0.000
ARG+1A0234_004 1.000 1.000 1.000 1.000 1.000
SER01A0235_001 0.126 0.126 0.126 0.125 0.126
SER01A0235_002 0.874 0.874 0.874 0.875 0.874
ASN01A0236_001 1.000 1.000 1.000 1.000 1.000
CYS01A0237_001 0.539 0.539 0.539 0.540 0.539
CYS01A0237_002 0.255 0.255 0.255 0.254 0.255
CYS01A0237_003 0.206 0.206 0.206 0.206 0.206
CYS-1A0237_004 0.000 0.000 0.000 0.000 0.000
PRO01A0238_001 1.000 1.000 1.000 1.000 1.000
LYS01A0239_001 0.002 0.002 0.002 0.002 0.002
LYS+1A0239_002 0.998 0.998 0.998 0.998 0.998
ARG01A0240_001 0.000 0.000 0.000 0.000 0.000
ARG02A0240_002 0.000 0.000 0.000 0.000 0.000
ARG03A0240_003 0.000 0.000 0.000 0.000 0.000
ARG+1A0240_004 1.000 1.000 1.000 1.000 1.000
MET01A0241_001 1.000 1.000 1.000 1.000 1.000
LYS01A0242_001 0.004 0.004 0.004 0.004 0.004
LYS+1A0242_002 0.996 0.996 0.996 0.996 0.996
ARG01A0243_001 0.000 0.000 0.000 0.000 0.000
ARG02A0243_002 0.000 0.000 0.000 0.000 0.000
ARG03A0243_003 0.000 0.000 0.000 0.000 0.000
ARG+1A0243_004 1.000 1.000 1.000 1.000 1.000
LEU01A0244_001 1.000 1.000 1.000 1.000 1.000
MET01A0245_001 1.000 1.000 1.000 1.000 1.000
ALA01A0246_001 1.000 1.000 1.000 1.000 1.000
GLU01A0247_001 0.000 0.000 0.000 0.000 0.000
GLU01A0247_002 0.000 0.000 0.000 0.000 0.000
GLU02A0247_003 0.000 0.000 0.000 0.000 0.000
GLU02A0247_004 0.000 0.000 0.000 0.000 0.000
GLU-1A0247_005 1.000 1.000 1.000 1.000 1.000
CYS01A0248_001 0.148 0.147 0.148 0.147 0.147
CYS01A0248_002 0.676 0.677 0.675 0.677 0.677
CYS01A0248_003 0.176 0.176 0.177 0.176 0.176
CYS-1A0248_004 0.000 0.000 0.000 0.000 0.000
LEU01A0249_001 1.000 1.000 1.000 1.000 1.000
LYS01A0250_001 0.000 0.000 0.000 0.000 0.000
LYS+1A0250_002 1.000 1.000 1.000 1.000 1.000
LYS01A0251_001 0.003 0.003 0.003 0.003 0.003
LYS+1A0251_002 0.997 0.997 0.997 0.997 0.997
LYS01A0252_001 0.000 0.000 0.000 0.000 0.000
LYS+1A0252_002 1.000 1.000 1.000 1.000 1.000
ARG01A0253_001 0.000 0.000 0.000 0.000 0.000
ARG02A0253_002 0.000 0.000 0.000 0.000 0.000
ARG02A0253_003 0.000 0.000 0.000 0.000 0.000
ARG03A0253_004 0.000 0.000 0.000 0.000 0.000
ARG+1A0253_005 1.000 1.000 1.000 1.000 1.000
ASP01A0254_001 0.000 0.000 0.000 0.000 0.000
ASP01A0254_002 0.000 0.000 0.000 0.000 0.000
ASP02A0254_003 0.000 0.000 0.000 0.000 0.000
ASP02A0254_004 0.000 0.000 0.000 0.000 0.000
ASP-1A0254_005 1.000 1.000 1.000 1.000 1.000
GLU01A0255_001 0.000 0.000 0.000 0.000 0.000
GLU01A0255_002 0.000 0.000 0.000 0.000 0.000
GLU02A0255_003 0.000 0.000 0.000 0.000 0.000
GLU02A0255_004 0.000 0.000 0.000 0.000 0.000
GLU-1A0255_005 1.000 1.000 1.000 1.000 1.000
ARG01A0256_001 0.000 0.000 0.000 0.000 0.000
ARG02A0256_002 0.000 0.000 0.000 0.000 0.000
ARG02A0256_003 0.000 0.000 0.000 0.000 0.000
ARG03A0256_004 0.000 0.000 0.000 0.000 0.000
ARG03A0256_005 0.000 0.000 0.000 0.000 0.000
ARG+1A0256_006 1.000 1.000 1.000 1.000 1.000
PRO01A0257_001 1.000 1.000 1.000 1.000 1.000
SER01A0258_001 0.045 0.045 0.045 0.046 0.045
SER01A0258_002 0.955 0.955 0.955 0.954 0.955
PHE01A0259_001 1.000 1.000 1.000 1.000 1.000
PRO01A0260_001 1.000 1.000 1.000 1.000 1.000
ARG01A0261_001 0.000 0.000 0.000 0.000 0.000
ARG02A0261_002 0.000 0.000 0.000 0.000 0.000
ARG03A0261_003 0.000 0.000 0.000 0.000 0.000
ARG+1A0261_004 1.000 1.000 1.000 1.000 1.000
ILE01A0262_001 1.000 1.000 1.000 1.000 1.000
LEU01A0263_001 1.000 1.000 1.000 1.000 1.000
ALA01A0264_001 1.000 1.000 1.000 1.000 1.000
GLU01A0265_001 0.000 0.000 0.000 0.000 0.000
GLU01A0265_002 0.002 0.004 0.002 0.004 0.004
GLU02A0265_003 0.000 0.000 0.000 0.000 0.000
GLU02A0265_004 0.001 0.000 0.001 0.000 0.000
GLU-1A0265_005 0.997 0.996 0.997 0.996 0.996
ILE01A0266_001 1.000 1.000 1.000 1.000 1.000
GLU01A0267_001 0.000 0.000 0.000 0.000 0.000
GLU01A0267_002 0.000 0.000 0.000 0.000 0.000
GLU02A0267_003 0.000 0.000 0.000 0.000 0.000
GLU02A0267_004 0.000 0.000 0.000 0.000 0.000
GLU-1A0267_005 1.000 1.000 1.000 1.000 1.000
GLU01A0268_001 0.000 0.000 0.000 0.000 0.000
GLU01A0268_002 0.003 0.004 0.004 0.003 0.003
GLU02A0268_003 0.000 0.000 0.000 0.000 0.000
GLU02A0268_004 0.000 0.000 0.000 0.000 0.000
GLU-1A0268_005 0.996 0.996 0.996 0.996 0.997
LEU01A0269_001 1.000 1.000 1.000 1.000 1.000
ALA01A0270_001 1.000 1.000 1.000 1.000 1.000
ARG01A0271_001 0.000 0.000 0.000 0.000 0.000
ARG02A0271_002 0.000 0.000 0.000 0.000 0.000
ARG03A0271_003 0.000 0.000 0.000 0.000 0.000
ARG+1A0271_004 1.000 1.000 1.000 1.000 1.000
GLU01A0272_001 0.000 0.000 0.000 0.000 0.000
GLU01A0272_002 0.000 0.000 0.000 0.000 0.000
GLU02A0272_003 0.000 0.000 0.000 0.000 0.000
GLU02A0272_004 0.000 0.000 0.000 0.000 0.000
GLU-1A0272_005 1.000 1.000 1.000 1.000 1.000
P06-1B0001_001 0.917 0.916 0.917 0.916 0.916
P0601B0001_002 0.083 0.084 0.083 0.084 0.084
P06DMB0001_003 0.000 0.000 0.000 0.000 0.000
