   Rotamer making statitics:
   Residue   Start  Clean   Swap Rotate   Self  Hbond Repack  Ioni.   TorH     OH  Elect
   SERA0001      1      1      1      1      1      1      1      1      2      2      2
   THRA0002      1      1      1      1      1      1      1      1      2      2      1
   ILEA0003      1      1      1      1      1      1      1      1      1      1      1
   META0004      1      1      1      1      1      1      1      1      1      1      1
   THRA0005      1      1      1      1      1      1      1      1      3      3      3
   ASPA0006      1      1      1      1      1      1      1      3      5      5      5
   TYRA0007      1      1      1      1      1      1      1      2      2      2      2
   ASNA0008      1      1      2      2      2      2      2      2      2      2      2
   PROA0009      1      1      1      1      1      1      1      1      1      1      1
   ASNA0010      1      1      2      2      2      2      2      2      2      2      2
   TYRA0011      1      1      1      1      1      1      1      2      3      3      2
   CYSA0012      1      1      1      1      1      1      1      2      4      4      4
   PHEA0013      1      1      1      1      1      1      1      1      1      1      1
   ALAA0014      1      1      1      1      1      1      1      1      1      1      1
   GLYA0015      0      0      0      0      0      0      0      0      0      0      0
   LYSA0016      1      1      1      1      1      1      1      2      2      2      2
   THRA0017      1      1      1      1      1      1      1      1      2      2      2
   SERA0018      1      1      1      1      1      1      1      1      3      3      3
   SERA0019      1      1      1      1      1      1      1      1      2      2      2
   ILEA0020      1      1      1      1      1      1      1      1      1      1      1
   SERA0021      1      1      1      1      1      1      1      1      3      3      2
   ASPA0022      1      1      1      1      1      1      1      3      5      5      5
   LEUA0023      1      1      1      1      1      1      1      1      1      1      1
   LYSA0024      1      1      1      1      1      1      1      2      2      2      2
   GLUA0025      1      1      1      1      1      1      1      3      5      5      5
   VALA0026      1      1      1      1      1      1      1      1      1      1      1
   PROA0027      1      1      1      1      1      1      1      1      1      1      1
   ARGA0028      1      1      1      1      1      1      1      4      5      5      5
   LYSA0029      1      1      1      1      1      1      1      2      2      2      2
   ASNA0030      1      1      2      2      2      2      2      2      2      2      2
   ILEA0031      1      1      1      1      1      1      1      1      1      1      1
   THRA0032      1      1      1      1      1      1      1      1      2      2      1
   LEUA0033      1      1      1      1      1      1      1      1      1      1      1
   ILEA0034      1      1      1      1      1      1      1      1      1      1      1
   ARGA0035      1      1      1      1      1      1      1      4      5      5      5
   GLYA0036      0      0      0      0      0      0      0      0      0      0      0
   LEUA0037      1      1      1      1      1      1      1      1      1      1      1
   GLYA0038      0      0      0      0      0      0      0      0      0      0      0
   HISA0039      1      1      2      2      2      2      2      6      6      6      6
   GLYA0040      0      0      0      0      0      0      0      0      0      0      0
   ALAA0041      1      1      1      1      1      1      1      1      1      1      1
   PHEA0042      1      1      1      1      1      1      1      1      1      1      1
   GLYA0043      0      0      0      0      0      0      0      0      0      0      0
   GLUA0044      1      1      1      1      1      1      1      3      5      5      5
   VALA0045      1      1      1      1      1      1      1      1      1      1      1
   TYRA0046      1      1      1      1      1      1      1      2      3      3      3
   GLUA0047      1      1      1      1      1      1      1      3      5      5      5
   GLYA0048      0      0      0      0      0      0      0      0      0      0      0
   GLNA0049      1      1      2      2      2      2      2      2      2      2      2
   VALA0050      1      1      1      1      1      1      1      1      1      1      1
   SERA0051      1      1      1      1      1      1      1      1      2      2      2
   GLYA0052      0      0      0      0      0      0      0      0      0      0      0
   META0053      1      1      1      1      1      1      1      1      1      1      1
   PROA0054      1      1      1      1      1      1      1      1      1      1      1
   ASNA0055      1      1      2      2      2      2      2      2      2      2      2
   ASPA0056      1      1      1      1      1      1      1      3      5      5      5
   PROA0057      1      1      1      1      1      1      1      1      1      1      1
   SERA0058      1      1      1      1      1      1      1      1      2      2      2
   PROA0059      1      1      1      1      1      1      1      1      1      1      1
   LEUA0060      1      1      1      1      1      1      1      1      1      1      1
   GLNA0061      1      1      2      2      2      2      2      2      2      2      2
   VALA0062      1      1      1      1      1      1      1      1      1      1      1
   ALAA0063      1      1      1      1      1      1      1      1      1      1      1
   VALA0064      1      1      1      1      1      1      1      1      1      1      1
   LYSA0065      1      1      1      1      1      1      1      2      2      2      2
   THRA0066      1      1      1      1      1      1      1      1      3      3      3
   LEUA0067      1      1      1      1      1      1      1      1      1      1      1
   PROA0068      1      1      1      1      1      1      1      1      1      1      1
   GLUA0069      1      1      1      1      1      1      1      3      5      5      5
   VALA0070      1      1      1      1      1      1      1      1      1      1      1
   CYSA0071      1      1      1      1      1      1      1      2      4      4      4
   SERA0072      1      1      1      1      1      1      1      1      3      3      3
   GLUA0073      1      1      1      1      1      1      1      3      5      5      5
   GLNA0074      1      1      2      2      2      2      1      1      1      1      1
   ASPA0075      1      1      1      1      1      1      1      3      5      5      5
   GLUA0076      1      1      1      1      1      1      1      3      5      5      5
   LEUA0077      1      1      1      1      1      1      1      1      1      1      1
   ASPA0078      1      1      1      1      1      1      1      3      5      5      5
   PHEA0079      1      1      1      1      1      1      1      1      1      1      1
   LEUA0080      1      1      1      1      1      1      1      1      1      1      1
   META0081      1      1      1      1      1      1      1      1      1      1      1
   GLUA0082      1      1      1      1      1      1      1      3      5      5      5
   ALAA0083      1      1      1      1      1      1      1      1      1      1      1
   LEUA0084      1      1      1      1      1      1      1      1      1      1      1
   ILEA0085      1      1      1      1      1      1      1      1      1      1      1
   ILEA0086      1      1      1      1      1      1      1      1      1      1      1
   SERA0087      1      1      1      1      1      1      1      1      3      3      3
   LYSA0088      1      1      1      1      1      1      1      2      2      2      2
   PHEA0089      1      1      1      1      1      1      1      1      1      1      1
   ASNA0090      1      1      2      2      2      2      2      2      2      2      2
   HISA0091      1      1      2      2      2      2      2      6      6      6      6
   GLNA0092      1      1      2      2      2      2      1      1      1      1      1
   ASNA0093      1      1      2      2      2      2      2      2      2      2      2
   ILEA0094      1      1      1      1      1      1      1      1      1      1      1
   VALA0095      1      1      1      1      1      1      1      1      1      1      1
   ARGA0096      1      1      1      1      1      1      1      4      5      5      5
   CYSA0097      1      1      1      1      1      1      1      2      4      4      4
   ILEA0098      1      1      1      1      1      1      1      1      1      1      1
   GLYA0099      0      0      0      0      0      0      0      0      0      0      0
   VALA0100      1      1      1      1      1      1      1      1      1      1      1
   SERA0101      1      1      1      1      1      1      1      1      3      3      3
   LEUA0102      1      1      1      1      1      1      1      1      1      1      1
   GLNA0103      1      1      2      2      2      2      2      2      2      2      2
   SERA0104      1      1      1      1      1      1      1      1      2      2      1
   LEUA0105      1      1      1      1      1      1      1      1      1      1      1
   PROA0106      1      1      1      1      1      1      1      1      1      1      1
   ARGA0107      1      1      1      1      1      1      1      4      5      5      5
   PHEA0108      1      1      1      1      1      1      1      1      1      1      1
   ILEA0109      1      1      1      1      1      1      1      1      1      1      1
   LEUA0110      1      1      1      1      1      1      1      1      1      1      1
   LEUA0111      1      1      1      1      1      1      1      1      1      1      1
   GLUA0112      1      1      1      1      1      1      1      3      5      5      5
   LEUA0113      1      1      1      1      1      1      1      1      1      1      1
   META0114      1      1      1      1      1      1      1      1      1      1      1
   ALAA0115      1      1      1      1      1      1      1      1      1      1      1
   GLYA0116      0      0      0      0      0      0      0      0      0      0      0
   GLYA0117      0      0      0      0      0      0      0      0      0      0      0
   ASPA0118      1      1      1      1      1      1      1      3      5      5      5
   LEUA0119      1      1      1      1      1      1      1      1      1      1      1
   LYSA0120      1      1      1      1      1      1      1      2      2      2      2
   SERA0121      1      1      1      1      1      1      1      1      3      3      3
   PHEA0122      1      1      1      1      1      1      1      1      1      1      1
   LEUA0123      1      1      1      1      1      1      1      1      1      1      1
   ARGA0124      1      1      1      1      1      1      1      4      4      4      4
   GLUA0125      1      1      1      1      1      1      1      3      5      5      5
   THRA0126      1      1      1      1      1      1      1      1      3      3      2
   ARGA0127      1      1      1      1      1      1      1      4      5      5      5
   PROA0128      1      1      1      1      1      1      1      1      1      1      1
   ARGA0129      1      1      1      1      1      1      1      4      5      5      5
   PROA0130      1      1      1      1      1      1      1      1      1      1      1
   SERA0131      1      1      1      1      1      1      1      1      2      2      1
   GLNA0132      1      1      2      2      2      2      2      2      2      2      2
   PROA0133      1      1      1      1      1      1      1      1      1      1      1
   SERA0134      1      1      1      1      1      1      1      1      2      2      1
   SERA0135      1      1      1      1      1      1      1      1      2      2      1
   LEUA0136      1      1      1      1      1      1      1      1      1      1      1
   ALAA0137      1      1      1      1      1      1      1      1      1      1      1
   META0138      1      1      1      1      1      1      1      1      1      1      1
   LEUA0139      1      1      1      1      1      1      1      1      1      1      1
   ASPA0140      1      1      1      1      1      1      1      3      5      5      5
   LEUA0141      1      1      1      1      1      1      1      1      1      1      1
   LEUA0142      1      1      1      1      1      1      1      1      1      1      1
   HISA0143      1      1      2      2      2      2      2      6      6      6      6
   VALA0144      1      1      1      1      1      1      1      1      1      1      1
   ALAA0145      1      1      1      1      1      1      1      1      1      1      1
   ARGA0146      1      1      1      1      1      1      1      4      6      6      6
   ASPA0147      1      1      1      1      1      1      1      3      5      5      5
   ILEA0148      1      1      1      1      1      1      1      1      1      1      1
   ALAA0149      1      1      1      1      1      1      1      1      1      1      1
   CYSA0150      1      1      1      1      1      1      1      2      4      4      4
   GLYA0151      0      0      0      0      0      0      0      0      0      0      0
   CYSA0152      1      1      1      1      1      1      1      2      4      4      4
   GLNA0153      1      1      2      2      2      2      2      2      2      2      2
   TYRA0154      1      1      1      1      1      1      1      2      2      2      2
   LEUA0155      1      1      1      1      1      1      1      1      1      1      1
   GLUA0156      1      1      1      1      1      1      1      3      5      5      5
   GLUA0157      1      1      1      1      1      1      1      3      5      5      5
   ASNA0158      1      1      2      2      2      2      2      2      2      2      2
   HISA0159      1      1      2      2      2      2      2      6      6      6      6
   PHEA0160      1      1      1      1      1      1      1      1      1      1      1
   ILEA0161      1      1      1      1      1      1      1      1      1      1      1
   HISA0162      1      1      2      2      1      1      1      3      3      3      3
   ARGA0163      1      1      1      1      1      1      1      4      4      4      4
   ASPA0164      1      1      1      1      1      1      1      3      5      5      5
   ILEA0165      1      1      1      1      1      1      1      1      1      1      1
   ALAA0166      1      1      1      1      1      1      1      1      1      1      1
   ALAA0167      1      1      1      1      1      1      1      1      1      1      1
   ARGA0168      1      1      1      1      1      1      1      4      6      6      6
   ASNA0169      1      1      2      2      2      2      2      2      2      2      2
   CYSA0170      1      1      1      1      1      1      1      2      4      4      4
   LEUA0171      1      1      1      1      1      1      1      1      1      1      1
   LEUA0172      1      1      1      1      1      1      1      1      1      1      1
   THRA0173      1      1      1      1      1      1      1      1      3      3      3
   CYSA0174      1      1      1      1      1      1      1      2      4      4      4
   PROA0175      1      1      1      1      1      1      1      1      1      1      1
   GLYA0176      0      0      0      0      0      0      0      0      0      0      0
   PROA0177      1      1      1      1      1      1      1      1      1      1      1
   GLYA0178      0      0      0      0      0      0      0      0      0      0      0
   ARGA0179      1      1      1      1      1      1      1      4      6      6      6
   VALA0180      1      1      1      1      1      1      1      1      1      1      1
   ALAA0181      1      1      1      1      1      1      1      1      1      1      1
   LYSA0182      1      1      1      1      1      1      1      2      2      2      2
   ILEA0183      1      1      1      1      1      1      1      1      1      1      1
   GLYA0184      0      0      0      0      0      0      0      0      0      0      0
   ASPA0185      1      1      1      1      1      1      1      3      5      5      5
   PHEA0186      1      1      1      1      1      1      1      1      1      1      1
   GLYA0187      0      0      0      0      0      0      0      0      0      0      0
   META0188      1      1      1      1      1      1      1      1      1      1      1
   ALAA0189      1      1      1      1      1      1      1      1      1      1      1
   ARGA0190      1      1      1      1      1      1      1      4      5      5      5
   ASPA0191      1      1      1      1      1      1      1      3      5      5      5
   ILEA0192      1      1      1      1      1      1      1      1      1      1      1
   TYRA0193      1      1      1      1      1      1      1      2      2      2      2
   ARGA0194      1      1      1      1      1      1      1      4      6      6      6
   ALAA0195      1      1      1      1      1      1      1      1      1      1      1
   SERA0196      1      1      1      1      1      1      1      1      2      2      1
   TYRA0197      1      1      1      1      1      1      1      2      3      3      2
   TYRA0198      1      1      1      1      1      1      1      2      3      3      3
   ARGA0199      1      1      1      1      1      1      1      4      4      4      4
   LYSA0200      1      1      1      1      1      1      1      2      2      2      2
   GLYA0201      0      0      0      0      0      0      0      0      0      0      0
   GLYA0202      0      0      0      0      0      0      0      0      0      0      0
   CYSA0203      1      1      1      1      1      1      1      2      4      4      4
   ALAA0204      1      1      1      1      1      1      1      1      1      1      1
   META0205      1      1      1      1      1      1      1      1      1      1      1
   LEUA0206      1      1      1      1      1      1      1      1      1      1      1
   PROA0207      1      1      1      1      1      1      1      1      1      1      1
   VALA0208      1      1      1      1      1      1      1      1      1      1      1
   LYSA0209      1      1      1      1      1      1      1      2      2      2      2
   TRPA0210      1      1      1      1      1      1      1      1      1      1      1
   META0211      1      1      1      1      1      1      1      1      1      1      1
   PROA0212      1      1      1      1      1      1      1      1      1      1      1
   PROA0213      1      1      1      1      1      1      1      1      1      1      1
   GLUA0214      1      1      1      1      1      1      1      3      5      5      5
   ALAA0215      1      1      1      1      1      1      1      1      1      1      1
   PHEA0216      1      1      1      1      1      1      1      1      1      1      1
   META0217      1      1      1      1      1      1      1      1      1      1      1
   GLUA0218      1      1      1      1      1      1      1      3      5      5      5
   GLYA0219      0      0      0      0      0      0      0      0      0      0      0
   ILEA0220      1      1      1      1      1      1      1      1      1      1      1
   PHEA0221      1      1      1      1      1      1      1      1      1      1      1
   THRA0222      1      1      1      1      1      1      1      1      2      2      2
   SERA0223      1      1      1      1      1      1      1      1      2      2      2
   LYSA0224      1      1      1      1      1      1      1      2      2      2      2
   THRA0225      1      1      1      1      1      1      1      1      3      3      3
   ASPA0226      1      1      1      1      1      1      1      3      5      5      5
   THRA0227      1      1      1      1      1      1      1      1      2      2      2
   TRPA0228      1      1      1      1      1      1      1      1      1      1      1
   SERA0229      1      1      1      1      1      1      1      1      2      2      2
   PHEA0230      1      1      1      1      1      1      1      1      1      1      1
   GLYA0231      0      0      0      0      0      0      0      0      0      0      0
   VALA0232      1      1      1      1      1      1      1      1      1      1      1
   LEUA0233      1      1      1      1      1      1      1      1      1      1      1
   LEUA0234      1      1      1      1      1      1      1      1      1      1      1
   TRPA0235      1      1      1      1      1      1      1      1      1      1      1
   GLUA0236      1      1      1      1      1      1      1      3      5      5      5
   ILEA0237      1      1      1      1      1      1      1      1      1      1      1
   PHEA0238      1      1      1      1      1      1      1      1      1      1      1
   SERA0239      1      1      1      1      1      1      1      1      2      2      2
   LEUA0240      1      1      1      1      1      1      1      1      1      1      1
   GLYA0241      0      0      0      0      0      0      0      0      0      0      0
   TYRA0242      1      1      1      1      1      1      1      2      2      2      2
   META0243      1      1      1      1      1      1      1      1      1      1      1
   PROA0244      1      1      1      1      1      1      1      1      1      1      1
   TYRA0245      1      1      1      1      1      1      1      2      3      3      3
   PROA0246      1      1      1      1      1      1      1      1      1      1      1
   SERA0247      1      1      1      1      1      1      1      1      2      2      2
   LYSA0248      1      1      1      1      1      1      1      2      2      2      2
   SERA0249      1      1      1      1      1      1      1      1      2      2      2
   ASNA0250      1      1      2      2      2      2      2      2      2      2      2
   GLNA0251      1      1      2      2      2      2      2      2      2      2      2
   GLUA0252      1      1      1      1      1      1      1      3      5      5      5
   VALA0253      1      1      1      1      1      1      1      1      1      1      1
   LEUA0254      1      1      1      1      1      1      1      1      1      1      1
   GLUA0255      1      1      1      1      1      1      1      3      5      5      5
   PHEA0256      1      1      1      1      1      1      1      1      1      1      1
   VALA0257      1      1      1      1      1      1      1      1      1      1      1
   THRA0258      1      1      1      1      1      1      1      1      3      3      2
   SERA0259      1      1      1      1      1      1      1      1      2      2      1
   GLYA0260      0      0      0      0      0      0      0      0      0      0      0
   GLYA0261      0      0      0      0      0      0      0      0      0      0      0
   ARGA0262      1      1      1      1      1      1      1      4      5      5      5
   META0263      1      1      1      1      1      1      1      1      1      1      1
   ASPA0264      1      1      1      1      1      1      1      3      5      5      5
   PROA0265      1      1      1      1      1      1      1      1      1      1      1
   PROA0266      1      1      1      1      1      1      1      1      1      1      1
   LYSA0267      1      1      1      1      1      1      1      2      2      2      2
   ASNA0268      1      1      2      2      2      2      2      2      2      2      2
   CYSA0269      1      1      1      1      1      1      1      2      4      4      4
   PROA0270      1      1      1      1      1      1      1      1      1      1      1
   GLYA0271      0      0      0      0      0      0      0      0      0      0      0
   PROA0272      1      1      1      1      1      1      1      1      1      1      1
   VALA0273      1      1      1      1      1      1      1      1      1      1      1
   TYRA0274      1      1      1      1      1      1      1      2      3      3      3
   ARGA0275      1      1      1      1      1      1      1      4      4      4      4
   ILEA0276      1      1      1      1      1      1      1      1      1      1      1
   META0277      1      1      1      1      1      1      1      1      1      1      1
   THRA0278      1      1      1      1      1      1      1      1      1      1      1
   GLNA0279      1      1      2      2      2      2      2      2      2      2      2
   CYSA0280      1      1      1      1      1      1      1      2      4      4      4
   TRPA0281      1      1      1      1      1      1      1      1      1      1      1
   GLNA0282      1      1      2      2      2      2      2      2      2      2      2
   HISA0283      1      1      2      2      2      2      2      6      6      6      6
   GLNA0284      1      1      2      2      2      2      2      2      2      2      2
   PROA0285      1      1      1      1      1      1      1      1      1      1      1
   GLUA0286      1      1      1      1      1      1      1      3      5      5      5
   ASPA0287      1      1      1      1      1      1      1      3      5      5      5
   ARGA0288      1      1      1      1      1      1      1      4      6      6      6
   PROA0289      1      1      1      1      1      1      1      1      1      1      1
   ASNA0290      1      1      2      2      2      2      2      2      2      2      2
   PHEA0291      1      1      1      1      1      1      1      1      1      1      1
   ALAA0292      1      1      1      1      1      1      1      1      1      1      1
   ILEA0293      1      1      1      1      1      1      1      1      1      1      1
   ILEA0294      1      1      1      1      1      1      1      1      1      1      1
   LEUA0295      1      1      1      1      1      1      1      1      1      1      1
   GLUA0296      1      1      1      1      1      1      1      3      5      5      5
   ARGA0297      1      1      1      1      1      1      1      4      4      4      4
   ILEA0298      1      1      1      1      1      1      1      1      1      1      1
   GLUA0299      1      1      1      1      1      1      1      3      5      5      5
   TYRA0300      1      1      1      1      1      1      1      2      2      2      2
   CYSA0301      1      1      1      1      1      1      1      2      4      4      4
   THRA0302      1      1      1      1      1      1      1      1      2      2      2
   GLNA0303      1      1      2      2      2      2      2      2      2      2      2
   ASPA0304      1      1      1      1      1      1      1      3      5      5      5
   PROA0305      1      1      1      1      1      1      1      1      1      1      1
   ASPA0306      1      1      1      1      1      1      1      3      5      5      5
   VALA0307      1      1      1      1      1      1      1      1      1      1      1
   ILEA0308      1      1      1      1      1      1      1      1      1      1      1
   ASNA0309      1      1      2      2      2      2      2      2      2      2      2
   THRA0310      1      1      1      1      1      1      1      1      3      3      3
   ALAA0311      1      1      1      1      1      1      1      1      1      1      1
   LEUA0312      1      1      1      1      1      1      1      1      1      1      1
   PROA0313      1      1      1      1      1      1      1      1      1      1      1
   ILEA0314      1      1      1      1      1      1      1      1      1      1      1
   GLUA0315      1      1      1      1      1      1      1      3      5      5      5
   TYRA0316      1      1      1      1      1      1      1      2      2      2      2
   EMHB0001      1      1      1      1      1      1      2      4      3      3      3
   EDOB0002      0      0      0      0      0      0      0      0      0      0      0
   EDOB0003      0      0      0      0      0      0      0      0      0      0      0
   EDOB0004      0      0      0      0      0      0      0      0      0      0      0
   EDOB0005      0      0      0      0      0      0      0      0      0      0      0
   Total       294    294    324    324    323    323    322    507    671    671    658
