 ph              7.4   7.4   7.4   7.4   7.4
ARG01A0001_001 0.000 0.000 0.000 0.000 0.000
ARG02A0001_002 0.000 0.000 0.000 0.000 0.000
ARG03A0001_003 0.000 0.000 0.000 0.000 0.000
ARG+1A0001_004 1.000 1.000 1.000 1.000 1.000
VAL01A0002_001 1.000 1.000 1.000 1.000 1.000
ASP01A0003_001 0.000 0.000 0.000 0.000 0.000
ASP01A0003_002 0.000 0.000 0.000 0.000 0.000
ASP02A0003_003 0.000 0.000 0.000 0.000 0.000
ASP02A0003_004 0.000 0.000 0.000 0.000 0.000
ASP-1A0003_005 1.000 1.000 1.000 1.000 1.000
PHE01A0004_001 1.000 1.000 1.000 1.000 1.000
PRO01A0005_001 1.000 1.000 1.000 1.000 1.000
ARG01A0006_001 0.000 0.000 0.000 0.000 0.000
ARG02A0006_002 0.000 0.000 0.000 0.000 0.000
ARG02A0006_003 0.000 0.000 0.000 0.000 0.000
ARG03A0006_004 0.000 0.000 0.000 0.000 0.000
ARG03A0006_005 0.000 0.000 0.000 0.000 0.000
ARG+1A0006_006 1.000 1.000 1.000 1.000 1.000
SER01A0007_001 1.000 1.000 1.000 1.000 1.000
ARG01A0008_001 0.000 0.000 0.000 0.000 0.000
ARG02A0008_002 0.000 0.000 0.000 0.000 0.000
ARG02A0008_003 0.000 0.000 0.000 0.000 0.000
ARG03A0008_004 0.000 0.000 0.000 0.000 0.000
ARG03A0008_005 0.000 0.000 0.000 0.000 0.000
ARG+1A0008_006 1.000 1.000 1.000 1.000 1.000
LEU01A0009_001 1.000 1.000 1.000 1.000 1.000
ARG01A0010_001 0.000 0.000 0.000 0.000 0.000
ARG02A0010_002 0.000 0.000 0.000 0.000 0.000
ARG03A0010_003 0.000 0.000 0.000 0.000 0.000
ARG03A0010_004 0.000 0.000 0.000 0.000 0.000
ARG+1A0010_005 1.000 1.000 1.000 1.000 1.000
PHE01A0011_001 1.000 1.000 1.000 1.000 1.000
LYS01A0012_001 0.000 0.000 0.000 0.000 0.000
LYS+1A0012_002 1.000 1.000 1.000 1.000 1.000
GLU01A0013_001 0.000 0.000 0.000 0.000 0.000
GLU01A0013_002 0.000 0.000 0.000 0.000 0.000
GLU02A0013_003 0.000 0.000 0.000 0.000 0.000
GLU02A0013_004 0.000 0.000 0.000 0.000 0.000
GLU-1A0013_005 1.000 1.000 0.999 1.000 1.000
LYS01A0014_001 0.003 0.005 0.004 0.005 0.004
LYS+1A0014_002 0.997 0.995 0.996 0.995 0.996
LEU01A0015_001 1.000 1.000 1.000 1.000 1.000
GLU01A0017_001 0.000 0.000 0.000 0.000 0.000
GLU01A0017_002 0.000 0.000 0.000 0.000 0.000
GLU02A0017_003 0.000 0.000 0.000 0.000 0.000
GLU02A0017_004 0.000 0.000 0.000 0.000 0.001
GLU-1A0017_005 1.000 1.000 1.000 1.000 0.999
GLN01A0019_001 0.990 0.990 0.991 0.990 0.990
GLN01A0019_002 0.010 0.010 0.009 0.010 0.010
PHE01A0020_001 1.000 1.000 1.000 1.000 1.000
GLU01A0022_001 0.000 0.000 0.000 0.000 0.000
GLU01A0022_002 0.002 0.000 0.003 0.002 0.002
GLU02A0022_003 0.000 0.002 0.000 0.000 0.000
GLU02A0022_004 0.021 0.026 0.022 0.025 0.027
GLU-1A0022_005 0.977 0.973 0.976 0.972 0.971
VAL01A0023_001 1.000 1.000 1.000 1.000 1.000
HIS01A0024_001 0.396 0.388 0.394 0.395 0.384
HIS02A0024_002 0.578 0.585 0.579 0.580 0.590
HIS+1A0024_003 0.026 0.028 0.027 0.025 0.027
LEU01A0025_001 1.000 1.000 1.000 1.000 1.000
CYS01A0026_001 0.341 0.342 0.343 0.343 0.338
CYS01A0026_002 0.187 0.187 0.187 0.191 0.186
CYS01A0026_003 0.472 0.471 0.471 0.466 0.476
CYS-1A0026_004 0.000 0.000 0.000 0.000 0.000
GLU01A0027_001 0.000 0.000 0.000 0.000 0.000
GLU01A0027_002 0.000 0.000 0.000 0.000 0.000
GLU02A0027_003 0.000 0.000 0.000 0.000 0.000
GLU02A0027_004 0.000 0.000 0.000 0.000 0.000
GLU-1A0027_005 1.000 1.000 1.000 1.000 1.000
VAL01A0028_001 1.000 1.000 1.000 1.000 1.000
ASP01A0029_001 0.000 0.000 0.000 0.000 0.000
ASP01A0029_002 0.000 0.000 0.000 0.000 0.000
ASP02A0029_003 0.000 0.000 0.000 0.000 0.000
ASP02A0029_004 0.000 0.000 0.000 0.000 0.000
ASP-1A0029_005 1.000 1.000 1.000 1.000 1.000
SER01A0030_001 0.253 0.260 0.260 0.260 0.261
SER01A0030_002 0.747 0.740 0.740 0.740 0.739
PRO01A0031_001 1.000 1.000 1.000 1.000 1.000
GLN01A0032_001 1.000 1.000 1.000 1.000 1.000
ASP01A0033_001 0.000 0.000 0.000 0.000 0.000
ASP01A0033_002 0.001 0.000 0.000 0.002 0.001
ASP02A0033_003 0.000 0.000 0.000 0.000 0.000
ASP02A0033_004 0.001 0.000 0.000 0.000 0.001
ASP-1A0033_005 0.998 1.000 1.000 0.998 0.998
LEU01A0034_001 1.000 1.000 1.000 1.000 1.000
VAL01A0035_001 1.000 1.000 1.000 1.000 1.000
SER01A0036_001 0.265 0.263 0.269 0.264 0.263
SER01A0036_002 0.000 0.000 0.000 0.000 0.000
SER01A0036_003 0.735 0.737 0.731 0.736 0.737
LEU01A0037_001 1.000 1.000 1.000 1.000 1.000
ASP01A0038_001 0.000 0.000 0.000 0.000 0.000
ASP01A0038_002 0.000 0.000 0.000 0.000 0.000
ASP02A0038_003 0.000 0.000 0.000 0.000 0.000
ASP02A0038_004 0.000 0.000 0.002 0.000 0.002
ASP-1A0038_005 1.000 1.000 0.998 1.000 0.998
PHE01A0039_001 1.000 1.000 1.000 1.000 1.000
PRO01A0040_001 1.000 1.000 1.000 1.000 1.000
LEU01A0041_001 1.000 1.000 1.000 1.000 1.000
ASN01A0042_001 0.317 0.309 0.315 0.315 0.320
ASN01A0042_002 0.683 0.691 0.685 0.685 0.680
VAL01A0043_001 1.000 1.000 1.000 1.000 1.000
ARG01A0044_001 0.000 0.000 0.000 0.000 0.000
ARG02A0044_002 0.000 0.000 0.000 0.000 0.000
ARG03A0044_003 0.000 0.000 0.000 0.000 0.000
ARG03A0044_004 0.000 0.000 0.000 0.000 0.000
ARG+1A0044_005 1.000 1.000 1.000 1.000 1.000
LYS01A0045_001 0.006 0.006 0.006 0.006 0.006
LYS+1A0045_002 0.994 0.994 0.994 0.994 0.994
HIS01A0047_001 0.499 0.496 0.491 0.495 0.495
HIS02A0047_002 0.387 0.385 0.389 0.387 0.387
HIS+1A0047_003 0.115 0.119 0.119 0.119 0.118
PRO01A0048_001 1.000 1.000 1.000 1.000 1.000
LEU01A0049_001 1.000 1.000 1.000 1.000 1.000
LEU01A0050_001 1.000 1.000 1.000 1.000 1.000
VAL01A0051_001 1.000 1.000 1.000 1.000 1.000
ALA01A0052_001 1.000 1.000 1.000 1.000 1.000
VAL01A0053_001 1.000 1.000 1.000 1.000 1.000
LYS01A0054_001 0.000 0.002 0.002 0.003 0.003
LYS+1A0054_002 1.000 0.998 0.998 0.997 0.997
ILE01A0055_001 1.000 1.000 1.000 1.000 1.000
LEU01A0056_001 1.000 1.000 1.000 1.000 1.000
ARG01A0057_001 0.000 0.000 0.000 0.000 0.000
ARG02A0057_002 0.000 0.000 0.000 0.000 0.000
ARG02A0057_003 0.000 0.000 0.000 0.000 0.000
ARG03A0057_004 1.000 1.000 1.000 1.000 1.000
ARG03A0057_005 0.000 0.000 0.000 0.000 0.000
ARG+1A0057_006 0.000 0.000 0.000 0.000 0.000
PRO01A0058_001 1.000 1.000 1.000 1.000 1.000
ASP01A0059_001 0.000 0.000 0.000 0.000 0.000
ASP01A0059_002 0.000 0.000 0.000 0.000 0.000
ASP02A0059_003 0.000 0.000 0.000 0.000 0.000
ASP02A0059_004 0.000 0.000 0.000 0.000 0.000
ASP-1A0059_005 1.000 1.000 1.000 1.000 1.000
ALA01A0060_001 1.000 1.000 1.000 1.000 1.000
THR01A0061_001 0.348 0.350 0.348 0.345 0.350
THR01A0061_002 0.652 0.650 0.652 0.655 0.650
LYS01A0062_001 0.018 0.014 0.017 0.015 0.015
LYS+1A0062_002 0.982 0.986 0.983 0.985 0.985
ASN01A0063_001 1.000 1.000 1.000 1.000 1.000
ALA01A0064_001 1.000 1.000 1.000 1.000 1.000
ARG01A0065_001 0.000 0.000 0.000 0.000 0.000
ARG02A0065_002 0.000 0.000 0.000 0.000 0.000
ARG02A0065_003 0.000 0.000 0.000 0.000 0.000
ARG03A0065_004 0.026 0.024 0.025 0.027 0.027
ARG03A0065_005 0.000 0.000 0.000 0.000 0.000
ARG+1A0065_006 0.974 0.976 0.975 0.973 0.973
ASN01A0066_001 0.935 0.934 0.935 0.933 0.933
ASN01A0066_002 0.065 0.066 0.065 0.067 0.067
ASP01A0067_001 0.000 0.000 0.000 0.000 0.000
ASP01A0067_002 0.000 0.000 0.000 0.000 0.000
ASP02A0067_003 0.000 0.000 0.000 0.000 0.000
ASP02A0067_004 0.000 0.000 0.000 0.000 0.000
ASP-1A0067_005 1.000 1.000 1.000 1.000 1.000
PHE01A0068_001 1.000 1.000 1.000 1.000 1.000
LEU01A0069_001 1.000 1.000 1.000 1.000 1.000
LYS01A0070_001 0.004 0.005 0.005 0.005 0.005
LYS+1A0070_002 0.996 0.995 0.995 0.995 0.995
GLU01A0071_001 0.000 0.000 0.000 0.000 0.000
GLU01A0071_002 0.000 0.000 0.000 0.000 0.000
GLU02A0071_003 0.000 0.000 0.000 0.000 0.000
GLU02A0071_004 0.000 0.000 0.000 0.000 0.000
GLU-1A0071_005 1.000 1.000 1.000 1.000 1.000
VAL01A0072_001 1.000 1.000 1.000 1.000 1.000
LYS01A0073_001 0.006 0.000 0.005 0.006 0.005
LYS+1A0073_002 0.994 1.000 0.995 0.994 0.995
ILE01A0074_001 1.000 1.000 1.000 1.000 1.000
MET01A0075_001 1.000 1.000 1.000 1.000 1.000
SER01A0076_001 0.928 0.931 0.934 0.935 0.928
SER01A0076_002 0.072 0.069 0.066 0.065 0.072
ARG01A0077_001 0.000 0.000 0.000 0.000 0.000
ARG02A0077_002 0.000 0.000 0.000 0.000 0.000
ARG03A0077_003 0.000 0.000 0.000 0.000 0.000
ARG+1A0077_004 1.000 1.000 1.000 1.000 1.000
LEU01A0078_001 1.000 1.000 1.000 1.000 1.000
LYS01A0079_001 0.000 0.000 0.000 0.001 0.000
LYS+1A0079_002 1.000 1.000 1.000 0.999 1.000
ASP01A0080_001 0.000 0.000 0.000 0.000 0.000
ASP01A0080_002 0.000 0.000 0.000 0.000 0.000
ASP02A0080_003 0.000 0.000 0.000 0.000 0.000
ASP02A0080_004 0.000 0.000 0.000 0.000 0.000
ASP-1A0080_005 1.000 1.000 1.000 1.000 1.000
PRO01A0081_001 1.000 1.000 1.000 1.000 1.000
ASN01A0082_001 0.972 0.970 0.970 0.969 0.972
ASN01A0082_002 0.028 0.030 0.030 0.031 0.028
ILE01A0083_001 1.000 1.000 1.000 1.000 1.000
ILE01A0084_001 1.000 1.000 1.000 1.000 1.000
ARG01A0085_001 0.000 0.000 0.000 0.000 0.000
ARG02A0085_002 0.000 0.000 0.000 0.000 0.000
ARG03A0085_003 0.000 0.000 0.000 0.000 0.000
ARG+1A0085_004 1.000 1.000 1.000 1.000 1.000
LEU01A0086_001 1.000 1.000 1.000 1.000 1.000
LEU01A0087_001 1.000 1.000 1.000 1.000 1.000
VAL01A0089_001 1.000 1.000 1.000 1.000 1.000
CYS01A0090_001 0.821 0.833 0.828 0.827 0.820
CYS01A0090_002 0.086 0.079 0.083 0.083 0.089
CYS01A0090_003 0.092 0.088 0.089 0.090 0.091
CYS-1A0090_004 0.000 0.000 0.000 0.000 0.000
VAL01A0091_001 1.000 1.000 1.000 1.000 1.000
GLN01A0092_001 0.652 0.658 0.651 0.656 0.659
GLN01A0092_002 0.348 0.342 0.349 0.344 0.341
ASP01A0093_001 0.000 0.000 0.000 0.000 0.000
ASP01A0093_002 0.000 0.000 0.000 0.000 0.000
ASP02A0093_003 0.000 0.000 0.000 0.000 0.000
ASP02A0093_004 0.000 0.000 0.000 0.001 0.001
ASP-1A0093_005 1.000 1.000 1.000 0.999 0.999
ASP01A0094_001 0.000 0.000 0.000 0.000 0.000
ASP01A0094_002 0.000 0.000 0.000 0.000 0.000
ASP02A0094_003 0.000 0.000 0.000 0.000 0.000
ASP02A0094_004 0.000 0.000 0.000 0.000 0.000
ASP-1A0094_005 1.000 1.000 1.000 1.000 1.000
PRO01A0095_001 1.000 1.000 1.000 1.000 1.000
LEU01A0096_001 1.000 1.000 1.000 1.000 1.000
CYS01A0097_001 0.107 0.100 0.107 0.103 0.103
CYS01A0097_002 0.732 0.748 0.744 0.746 0.741
CYS01A0097_003 0.161 0.152 0.149 0.151 0.156
CYS-1A0097_004 0.000 0.000 0.000 0.000 0.000
MET01A0098_001 1.000 1.000 1.000 1.000 1.000
ILE01A0099_001 1.000 1.000 1.000 1.000 1.000
THR01A0100_001 0.014 0.013 0.012 0.014 0.011
THR01A0100_002 0.847 0.848 0.857 0.845 0.853
THR01A0100_003 0.138 0.139 0.131 0.142 0.136
ASP01A0101_001 0.000 0.000 0.000 0.000 0.000
ASP01A0101_002 0.000 0.000 0.000 0.000 0.000
ASP02A0101_003 0.000 0.000 0.000 0.000 0.000
ASP02A0101_004 0.000 0.002 0.000 0.001 0.000
ASP-1A0101_005 1.000 0.998 1.000 0.999 1.000
TYR01A0102_001 0.400 0.404 0.408 0.408 0.410
TYR01A0102_002 0.600 0.596 0.592 0.592 0.590
TYR-1A0102_003 0.000 0.000 0.000 0.000 0.000
MET01A0103_001 1.000 1.000 1.000 1.000 1.000
GLU01A0104_001 0.000 0.000 0.000 0.000 0.000
GLU01A0104_002 0.000 0.000 0.000 0.000 0.000
GLU02A0104_003 0.000 0.000 0.000 0.000 0.000
GLU02A0104_004 0.000 0.000 0.001 0.000 0.000
GLU-1A0104_005 1.000 1.000 0.999 1.000 1.000
ASN01A0105_001 0.677 0.682 0.676 0.676 0.674
ASN01A0105_002 0.323 0.318 0.324 0.324 0.326
ASP01A0107_001 0.000 0.000 0.000 0.000 0.000
ASP01A0107_002 0.000 0.000 0.000 0.000 0.000
ASP02A0107_003 0.000 0.000 0.000 0.000 0.000
ASP02A0107_004 0.000 0.000 0.000 0.000 0.000
ASP-1A0107_005 1.000 1.000 1.000 1.000 1.000
LEU01A0108_001 1.000 1.000 1.000 1.000 1.000
ASN01A0109_001 0.659 0.660 0.660 0.657 0.656
ASN01A0109_002 0.341 0.340 0.340 0.343 0.344
GLN01A0110_001 0.934 0.937 0.934 0.939 0.935
GLN01A0110_002 0.066 0.063 0.066 0.061 0.065
PHE01A0111_001 1.000 1.000 1.000 1.000 1.000
LEU01A0112_001 1.000 1.000 1.000 1.000 1.000
SER01A0113_001 0.118 0.118 0.122 0.117 0.121
SER01A0113_002 0.658 0.655 0.654 0.659 0.660
SER01A0113_003 0.225 0.227 0.224 0.223 0.218
ALA01A0114_001 1.000 1.000 1.000 1.000 1.000
HIS01A0115_001 0.003 0.003 0.003 0.004 0.000
HIS02A0115_002 0.929 0.933 0.932 0.933 0.936
HIS+1A0115_003 0.067 0.064 0.065 0.063 0.064
GLN01A0116_001 0.084 0.083 0.083 0.088 0.084
GLN01A0116_002 0.916 0.917 0.917 0.912 0.916
LEU01A0117_001 1.000 1.000 1.000 1.000 1.000
GLU01A0118_001 0.000 0.000 0.000 0.000 0.000
GLU01A0118_002 0.000 0.000 0.000 0.000 0.001
GLU02A0118_003 0.000 0.000 0.000 0.000 0.000
GLU02A0118_004 0.002 0.001 0.000 0.001 0.001
GLU-1A0118_005 0.998 0.999 1.000 0.999 0.998
ASP01A0119_001 0.000 0.000 0.000 0.000 0.000
ASP01A0119_002 0.000 0.000 0.000 0.000 0.000
ASP02A0119_003 0.000 0.000 0.000 0.000 0.000
ASP02A0119_004 0.000 0.000 0.000 0.000 0.000
ASP-1A0119_005 1.000 1.000 1.000 1.000 1.000
LYS01A0120_001 1.000 1.000 1.000 1.000 1.000
LYS+1A0120_002 0.000 0.000 0.000 0.000 0.000
ALA01A0121_001 1.000 1.000 1.000 1.000 1.000
ALA01A0122_001 1.000 1.000 1.000 1.000 1.000
GLU01A0123_001 0.000 0.000 0.000 0.000 0.000
GLU01A0123_002 0.000 0.000 0.000 0.000 0.000
GLU02A0123_003 0.000 0.000 0.000 0.000 0.000
GLU02A0123_004 0.000 0.000 0.000 0.000 0.000
GLU-1A0123_005 1.000 1.000 1.000 1.000 1.000
ALA01A0125_001 1.000 1.000 1.000 1.000 1.000
PRO01A0126_001 1.000 1.000 1.000 1.000 1.000
ASP01A0128_001 0.000 0.000 0.000 0.000 0.000
ASP01A0128_002 0.000 0.001 0.000 0.000 0.001
ASP02A0128_003 0.000 0.000 0.000 0.000 0.000
ASP02A0128_004 0.000 0.000 0.001 0.000 0.001
ASP-1A0128_005 1.000 0.999 0.999 1.000 0.999
GLN01A0130_001 0.000 0.000 0.000 0.000 0.000
GLN01A0130_002 1.000 1.000 1.000 1.000 1.000
ALA01A0131_001 1.000 1.000 1.000 1.000 1.000
ALA01A0132_001 1.000 1.000 1.000 1.000 1.000
GLN01A0133_001 0.776 0.781 0.777 0.775 0.781
GLN01A0133_002 0.224 0.219 0.223 0.225 0.219
PRO01A0135_001 1.000 1.000 1.000 1.000 1.000
THR01A0136_001 0.148 0.153 0.148 0.151 0.149
THR01A0136_002 0.852 0.847 0.852 0.849 0.851
ILE01A0137_001 1.000 1.000 1.000 1.000 1.000
SER01A0138_001 1.000 1.000 0.999 1.000 1.000
SER01A0138_002 0.000 0.000 0.001 0.000 0.000
TYR01A0139_001 0.287 0.281 0.287 0.284 0.283
TYR01A0139_002 0.713 0.719 0.713 0.716 0.717
TYR-1A0139_003 0.000 0.000 0.000 0.000 0.000
PRO01A0140_001 1.000 1.000 1.000 1.000 1.000
MET01A0141_001 1.000 1.000 1.000 1.000 1.000
LEU01A0142_001 1.000 1.000 1.000 1.000 1.000
LEU01A0143_001 1.000 1.000 1.000 1.000 1.000
HIS01A0144_001 0.215 0.219 0.219 0.218 0.218
HIS01A0144_002 0.096 0.094 0.096 0.095 0.094
HIS02A0144_003 0.371 0.369 0.373 0.363 0.367
HIS02A0144_004 0.217 0.220 0.215 0.217 0.224
HIS+1A0144_005 0.082 0.082 0.081 0.087 0.080
HIS+1A0144_006 0.019 0.016 0.017 0.019 0.016
VAL01A0145_001 1.000 1.000 1.000 1.000 1.000
ALA01A0146_001 1.000 1.000 1.000 1.000 1.000
ALA01A0147_001 1.000 1.000 1.000 1.000 1.000
GLN01A0148_001 1.000 1.000 1.000 1.000 1.000
GLN01A0148_002 0.000 0.000 0.000 0.000 0.000
ILE01A0149_001 1.000 1.000 1.000 1.000 1.000
ALA01A0150_001 1.000 1.000 1.000 1.000 1.000
SER01A0151_001 0.078 0.075 0.081 0.079 0.078
SER01A0151_002 0.034 0.032 0.034 0.036 0.032
SER01A0151_003 0.888 0.894 0.885 0.886 0.891
MET01A0153_001 1.000 1.000 1.000 1.000 1.000
ARG01A0154_001 0.000 0.000 0.000 0.000 0.000
ARG02A0154_002 0.000 0.000 0.000 0.000 0.000
ARG03A0154_003 0.000 0.000 0.000 0.000 0.000
ARG+1A0154_004 1.000 1.000 1.000 1.000 1.000
TYR01A0155_001 0.998 1.000 0.998 0.998 1.000
TYR-1A0155_002 0.002 0.000 0.002 0.002 0.000
LEU01A0156_001 1.000 1.000 1.000 1.000 1.000
ALA01A0157_001 1.000 1.000 1.000 1.000 1.000
THR01A0158_001 1.000 1.000 1.000 1.000 1.000
LEU01A0159_001 1.000 1.000 1.000 1.000 1.000
ASN01A0160_001 0.351 0.352 0.357 0.352 0.355
ASN01A0160_002 0.649 0.648 0.643 0.648 0.645
PHE01A0161_001 1.000 1.000 1.000 1.000 1.000
VAL01A0162_001 1.000 1.000 1.000 1.000 1.000
HIS01A0163_001 1.000 1.000 1.000 1.000 1.000
HIS02A0163_002 0.000 0.000 0.000 0.000 0.000
HIS+1A0163_003 0.000 0.000 0.000 0.000 0.000
ARG01A0164_001 0.000 0.000 0.000 0.000 0.000
ARG02A0164_002 0.000 0.000 0.000 0.000 0.000
ARG03A0164_003 0.000 0.000 0.000 0.000 0.000
ARG+1A0164_004 1.000 1.000 1.000 1.000 1.000
ASP01A0165_001 0.000 0.000 0.000 0.000 0.000
ASP01A0165_002 0.000 0.000 0.000 0.000 0.000
ASP02A0165_003 0.000 0.000 0.000 0.000 0.000
ASP02A0165_004 0.000 0.000 0.000 0.000 0.000
ASP-1A0165_005 1.000 1.000 1.000 1.000 1.000
LEU01A0166_001 1.000 1.000 1.000 1.000 1.000
ALA01A0167_001 1.000 1.000 1.000 1.000 1.000
THR01A0168_001 0.688 0.688 0.693 0.692 0.690
THR01A0168_002 0.010 0.011 0.011 0.011 0.010
THR01A0168_003 0.302 0.301 0.295 0.297 0.300
ARG01A0169_001 0.000 0.000 0.000 0.000 0.000
ARG02A0169_002 0.000 0.000 0.000 0.000 0.000
ARG02A0169_003 0.000 0.000 0.000 0.000 0.000
ARG03A0169_004 0.000 0.000 0.000 0.000 0.000
ARG03A0169_005 0.000 0.000 0.000 0.000 0.000
ARG+1A0169_006 1.000 1.000 1.000 1.000 1.000
ASN01A0170_001 1.000 1.000 1.000 1.000 1.000
ASN01A0170_002 0.000 0.000 0.000 0.000 0.000
CYS01A0171_001 0.147 0.151 0.150 0.152 0.152
CYS01A0171_002 0.640 0.637 0.645 0.634 0.636
CYS01A0171_003 0.213 0.213 0.206 0.214 0.212
CYS-1A0171_004 0.000 0.000 0.000 0.000 0.000
LEU01A0172_001 1.000 1.000 1.000 1.000 1.000
VAL01A0173_001 1.000 1.000 1.000 1.000 1.000
GLU01A0175_001 0.000 0.000 0.000 0.000 0.000
GLU01A0175_002 0.001 0.000 0.000 0.000 0.001
GLU02A0175_003 0.000 0.000 0.000 0.000 0.000
GLU02A0175_004 0.002 0.000 0.003 0.000 0.002
GLU-1A0175_005 0.997 1.000 0.997 1.000 0.997
ASN01A0176_001 0.450 0.450 0.447 0.450 0.455
ASN01A0176_002 0.550 0.550 0.553 0.550 0.545
PHE01A0177_001 1.000 1.000 1.000 1.000 1.000
THR01A0178_001 0.321 0.323 0.325 0.325 0.322
THR01A0178_002 0.679 0.677 0.675 0.675 0.678
ILE01A0179_001 1.000 1.000 1.000 1.000 1.000
LYS01A0180_001 0.002 0.002 0.001 0.000 0.000
LYS+1A0180_002 0.998 0.998 0.999 1.000 1.000
ILE01A0181_001 1.000 1.000 1.000 1.000 1.000
ALA01A0182_001 1.000 1.000 1.000 1.000 1.000
ASP01A0183_001 0.000 0.000 0.000 0.000 0.000
ASP01A0183_002 0.000 0.000 0.000 0.000 0.000
ASP02A0183_003 0.000 0.000 0.000 0.000 0.000
ASP02A0183_004 0.000 0.000 0.000 0.000 0.000
ASP-1A0183_005 1.000 1.000 1.000 1.000 1.000
PHE01A0184_001 1.000 1.000 1.000 1.000 1.000
MET01A0186_001 1.000 1.000 1.000 1.000 1.000
SER01A0187_001 0.848 0.846 0.838 0.842 0.844
SER01A0187_002 0.019 0.020 0.019 0.019 0.020
SER01A0187_003 0.133 0.134 0.144 0.139 0.135
ARG01A0188_001 0.000 0.000 0.000 0.000 0.000
ARG02A0188_002 0.000 0.000 0.000 0.000 0.000
ARG02A0188_003 0.000 0.000 0.000 0.000 0.000
ARG03A0188_004 0.000 0.000 0.000 0.000 0.000
ARG03A0188_005 0.000 0.000 0.000 0.000 0.000
ARG+1A0188_006 1.000 1.000 1.000 1.000 1.000
ASN01A0189_001 1.000 1.000 1.000 1.000 1.000
LEU01A0190_001 1.000 1.000 1.000 1.000 1.000
TYR01A0191_001 0.069 0.073 0.069 0.076 0.069
TYR01A0191_002 0.931 0.927 0.931 0.924 0.931
TYR-1A0191_003 0.000 0.000 0.000 0.000 0.000
ALA01A0192_001 1.000 1.000 1.000 1.000 1.000
ASP01A0194_001 0.000 0.000 0.000 0.000 0.000
ASP01A0194_002 0.015 0.014 0.010 0.011 0.013
ASP02A0194_003 0.000 0.000 0.000 0.000 0.000
ASP02A0194_004 0.003 0.004 0.003 0.003 0.004
ASP-1A0194_005 0.982 0.982 0.987 0.987 0.983
TYR01A0195_001 0.013 0.011 0.000 0.013 0.011
TYR01A0195_002 0.987 0.989 1.000 0.987 0.989
TYR-1A0195_003 0.000 0.000 0.000 0.000 0.000
TYR01A0196_001 0.378 0.380 0.372 0.378 0.384
TYR01A0196_002 0.622 0.620 0.628 0.622 0.616
TYR-1A0196_003 0.000 0.000 0.000 0.000 0.000
ARG01A0197_001 0.000 0.000 0.000 0.000 0.000
ARG02A0197_002 0.000 0.000 0.000 0.000 0.000
ARG02A0197_003 0.000 0.000 0.000 0.000 0.000
ARG03A0197_004 0.000 0.000 0.000 0.000 0.000
ARG03A0197_005 0.000 0.000 0.000 0.000 0.000
ARG+1A0197_006 1.000 1.000 1.000 1.000 1.000
VAL01A0198_001 1.000 1.000 1.000 1.000 1.000
GLN01A0199_001 1.000 0.999 0.999 1.000 1.000
GLN01A0199_002 0.000 0.001 0.001 0.000 0.000
ARG01A0201_001 0.000 0.000 0.000 0.000 0.000
ARG02A0201_002 0.000 0.000 0.000 0.000 0.000
ARG03A0201_003 0.000 0.000 0.000 0.000 0.000
ARG03A0201_004 0.000 0.000 0.000 0.000 0.000
ARG+1A0201_005 1.000 1.000 1.000 1.000 1.000
ALA01A0202_001 1.000 1.000 1.000 1.000 1.000
VAL01A0203_001 1.000 1.000 1.000 1.000 1.000
LEU01A0204_001 1.000 1.000 1.000 1.000 1.000
PRO01A0205_001 1.000 1.000 1.000 1.000 1.000
ILE01A0206_001 1.000 1.000 1.000 1.000 1.000
ARG01A0207_001 0.000 0.000 0.000 0.000 0.000
ARG02A0207_002 0.000 0.000 0.000 0.000 0.000
ARG03A0207_003 0.000 0.000 0.000 0.000 0.000
ARG03A0207_004 0.000 0.000 0.000 0.000 0.000
ARG+1A0207_005 1.000 1.000 1.000 1.000 1.000
TRP01A0208_001 1.000 1.000 1.000 1.000 1.000
MET01A0209_001 1.000 1.000 1.000 1.000 1.000
ALA01A0210_001 1.000 1.000 1.000 1.000 1.000
TRP01A0211_001 1.000 1.000 1.000 1.000 1.000
GLU01A0212_001 0.000 0.000 0.000 0.000 0.000
GLU01A0212_002 0.000 0.000 0.000 0.000 0.000
GLU02A0212_003 0.000 0.000 0.000 0.000 0.000
GLU02A0212_004 0.000 0.000 0.000 0.000 0.000
GLU-1A0212_005 1.000 1.000 1.000 1.000 1.000
CYS01A0213_001 0.565 0.562 0.557 0.562 0.559
CYS01A0213_002 0.100 0.104 0.101 0.101 0.103
CYS01A0213_003 0.335 0.333 0.342 0.337 0.338
CYS-1A0213_004 0.000 0.000 0.000 0.000 0.000
ILE01A0214_001 1.000 1.000 1.000 1.000 1.000
LEU01A0215_001 1.000 1.000 1.000 1.000 1.000
MET01A0216_001 1.000 1.000 1.000 1.000 1.000
LYS01A0218_001 0.000 0.000 0.001 0.000 0.000
LYS+1A0218_002 1.000 1.000 0.999 1.000 1.000
PHE01A0219_001 1.000 1.000 1.000 1.000 1.000
THR01A0220_001 1.000 1.000 1.000 1.000 1.000
THR01A0221_001 1.000 1.000 1.000 1.000 1.000
ALA01A0222_001 1.000 1.000 1.000 1.000 1.000
SER01A0223_001 0.000 0.000 0.000 0.000 0.000
SER01A0223_002 0.814 0.818 0.814 0.811 0.808
SER01A0223_003 0.186 0.182 0.186 0.189 0.192
ASP01A0224_001 0.000 0.000 0.000 0.000 0.000
ASP01A0224_002 0.000 0.000 0.000 0.000 0.000
ASP02A0224_003 0.000 0.000 0.000 0.000 0.000
ASP02A0224_004 0.000 0.000 0.000 0.000 0.000
ASP-1A0224_005 1.000 1.000 1.000 1.000 1.000
VAL01A0225_001 1.000 1.000 1.000 1.000 1.000
TRP01A0226_001 1.000 1.000 1.000 1.000 1.000
ALA01A0227_001 1.000 1.000 1.000 1.000 1.000
PHE01A0228_001 1.000 1.000 1.000 1.000 1.000
VAL01A0230_001 1.000 1.000 1.000 1.000 1.000
THR01A0231_001 0.017 0.017 0.018 0.019 0.021
THR01A0231_002 0.963 0.965 0.961 0.963 0.959
THR01A0231_003 0.020 0.019 0.021 0.018 0.019
LEU01A0232_001 1.000 1.000 1.000 1.000 1.000
TRP01A0233_001 1.000 1.000 1.000 1.000 1.000
GLU01A0234_001 0.001 0.000 0.000 0.000 0.000
GLU01A0234_002 0.015 0.021 0.020 0.021 0.022
GLU02A0234_003 0.000 0.000 0.000 0.000 0.000
GLU02A0234_004 0.000 0.000 0.000 0.000 0.000
GLU-1A0234_005 0.984 0.979 0.980 0.979 0.978
VAL01A0235_001 1.000 1.000 1.000 1.000 1.000
LEU01A0236_001 1.000 1.000 1.000 1.000 1.000
MET01A0237_001 1.000 1.000 1.000 1.000 1.000
LEU01A0238_001 1.000 1.000 1.000 1.000 1.000
CYS01A0239_001 0.515 0.503 0.503 0.510 0.507
CYS01A0239_002 0.171 0.180 0.176 0.179 0.176
CYS01A0239_003 0.315 0.317 0.321 0.310 0.317
CYS-1A0239_004 0.000 0.000 0.000 0.000 0.000
ARG01A0240_001 0.000 0.000 0.000 0.000 0.000
ARG02A0240_002 0.000 0.000 0.000 0.000 0.000
ARG03A0240_003 0.000 0.000 0.000 0.000 0.000
ARG03A0240_004 0.000 0.000 0.000 0.000 0.000
ARG+1A0240_005 1.000 1.000 1.000 1.000 1.000
ALA01A0241_001 1.000 1.000 1.000 1.000 1.000
GLN01A0242_001 0.966 0.967 0.968 0.967 0.966
GLN01A0242_002 0.034 0.033 0.032 0.033 0.034
PRO01A0243_001 1.000 1.000 1.000 1.000 1.000
PHE01A0244_001 1.000 1.000 1.000 1.000 1.000
GLN01A0246_001 1.000 1.000 1.000 1.000 1.000
LEU01A0247_001 1.000 1.000 1.000 1.000 1.000
THR01A0248_001 0.004 0.004 0.000 0.005 0.004
THR01A0248_002 0.000 0.000 0.000 0.000 0.000
THR01A0248_003 0.996 0.996 1.000 0.995 0.996
ASP01A0249_001 0.000 0.000 0.000 0.000 0.000
ASP01A0249_002 0.000 0.000 0.000 0.000 0.000
ASP02A0249_003 0.000 0.000 0.000 0.000 0.000
ASP02A0249_004 0.000 0.000 0.000 0.000 0.000
ASP-1A0249_005 1.000 1.000 1.000 1.000 1.000
GLU01A0250_001 0.000 0.000 0.000 0.000 0.000
GLU01A0250_002 0.000 0.000 0.000 0.000 0.000
GLU02A0250_003 0.000 0.000 0.000 0.000 0.000
GLU02A0250_004 0.000 0.000 0.000 0.000 0.000
GLU-1A0250_005 1.000 1.000 1.000 1.000 1.000
GLN01A0251_001 1.000 1.000 1.000 1.000 1.000
GLN01A0251_002 0.000 0.000 0.000 0.000 0.000
VAL01A0252_001 1.000 1.000 1.000 1.000 1.000
ILE01A0253_001 1.000 1.000 1.000 1.000 1.000
GLU01A0254_001 0.000 0.000 0.000 0.000 0.000
GLU01A0254_002 0.000 0.000 0.000 0.000 0.000
GLU02A0254_003 0.000 0.000 0.000 0.000 0.000
GLU02A0254_004 0.000 0.000 0.000 0.001 0.000
GLU-1A0254_005 1.000 1.000 1.000 0.999 1.000
ASN01A0255_001 1.000 1.000 1.000 1.000 1.000
ALA01A0256_001 1.000 1.000 1.000 1.000 1.000
GLU01A0258_001 0.000 0.000 0.000 0.000 0.000
GLU01A0258_002 0.000 0.000 0.000 0.000 0.000
GLU02A0258_003 0.006 0.006 0.000 0.007 0.007
GLU02A0258_004 0.262 0.264 0.276 0.260 0.256
GLU-1A0258_005 0.732 0.730 0.724 0.733 0.737
PHE01A0259_001 1.000 1.000 1.000 1.000 1.000
PHE01A0260_001 1.000 1.000 1.000 1.000 1.000
ARG01A0261_001 0.000 0.000 0.000 0.000 0.000
ARG02A0261_002 0.000 0.000 0.000 0.000 0.000
ARG02A0261_003 0.000 0.000 0.000 0.000 0.000
ARG03A0261_004 1.000 1.000 1.000 1.000 1.000
ARG03A0261_005 0.000 0.000 0.000 0.000 0.000
ARG+1A0261_006 0.000 0.000 0.000 0.000 0.000
ASP01A0262_001 0.000 0.000 0.000 0.000 0.000
ASP01A0262_002 0.000 0.000 0.001 0.000 0.000
ASP02A0262_003 0.000 0.000 0.000 0.000 0.000
ASP02A0262_004 0.002 0.000 0.000 0.001 0.000
ASP-1A0262_005 0.998 1.000 0.999 0.998 1.000
GLN01A0263_001 1.000 1.000 1.000 1.000 1.000
ARG01A0265_001 0.000 0.000 0.000 0.000 0.000
ARG02A0265_002 1.000 1.000 1.000 1.000 1.000
ARG02A0265_003 0.000 0.000 0.000 0.000 0.000
ARG03A0265_004 0.000 0.000 0.000 0.000 0.000
ARG03A0265_005 0.000 0.000 0.000 0.000 0.000
ARG+1A0265_006 0.000 0.000 0.000 0.000 0.000
GLN01A0266_001 1.000 1.000 1.000 1.000 1.000
GLN01A0266_002 0.000 0.000 0.000 0.000 0.000
VAL01A0267_001 1.000 1.000 1.000 1.000 1.000
TYR01A0268_001 1.000 1.000 1.000 1.000 1.000
TYR-1A0268_002 0.000 0.000 0.000 0.000 0.000
LEU01A0269_001 1.000 1.000 1.000 1.000 1.000
SER01A0270_001 0.751 0.748 0.742 0.748 0.742
SER01A0270_002 0.249 0.252 0.258 0.252 0.258
ARG01A0271_001 0.000 0.000 0.000 0.000 0.000
ARG02A0271_002 0.000 0.000 0.000 0.000 0.000
ARG02A0271_003 0.000 0.000 0.000 0.000 0.000
ARG03A0271_004 0.000 0.000 0.000 0.000 0.000
ARG+1A0271_005 1.000 1.000 1.000 1.000 1.000
PRO01A0272_001 1.000 1.000 1.000 1.000 1.000
PRO01A0273_001 1.000 1.000 1.000 1.000 1.000
ALA01A0274_001 1.000 1.000 1.000 1.000 1.000
CYS01A0275_001 0.386 0.385 0.385 0.389 0.381
CYS01A0275_002 0.274 0.275 0.283 0.274 0.281
CYS01A0275_003 0.340 0.341 0.332 0.337 0.338
CYS-1A0275_004 0.000 0.000 0.000 0.000 0.000
PRO01A0276_001 1.000 1.000 1.000 1.000 1.000
GLN01A0277_001 0.953 0.952 0.953 0.953 0.952
GLN01A0277_002 0.047 0.048 0.047 0.047 0.048
LEU01A0279_001 1.000 1.000 1.000 1.000 1.000
TYR01A0280_001 1.000 0.993 0.993 0.992 1.000
TYR01A0280_002 0.000 0.007 0.007 0.008 0.000
TYR-1A0280_003 0.000 0.000 0.000 0.000 0.000
GLU01A0281_001 0.000 0.000 0.000 0.000 0.000
GLU01A0281_002 0.000 0.000 0.000 0.000 0.000
GLU02A0281_003 0.000 0.000 0.000 0.000 0.000
GLU02A0281_004 0.000 0.000 0.000 0.000 0.000
GLU-1A0281_005 1.000 1.000 1.000 1.000 1.000
LEU01A0282_001 1.000 1.000 1.000 1.000 1.000
MET01A0283_001 1.000 1.000 1.000 1.000 1.000
LEU01A0284_001 1.000 1.000 1.000 1.000 1.000
ARG01A0285_001 0.000 0.000 0.000 0.000 0.000
ARG02A0285_002 0.000 0.000 0.000 0.000 0.000
ARG03A0285_003 0.000 0.000 0.000 0.000 0.000
ARG+1A0285_004 1.000 1.000 1.000 1.000 1.000
CYS01A0286_001 0.272 0.262 0.268 0.270 0.272
CYS01A0286_002 0.479 0.493 0.487 0.486 0.485
CYS01A0286_003 0.250 0.246 0.245 0.245 0.244
CYS-1A0286_004 0.000 0.000 0.000 0.000 0.000
TRP01A0287_001 1.000 1.000 1.000 1.000 1.000
SER01A0288_001 0.098 0.096 0.097 0.102 0.103
SER01A0288_002 0.902 0.904 0.903 0.898 0.897
ARG01A0289_001 0.000 0.000 0.000 0.000 0.000
ARG02A0289_002 0.000 0.000 0.000 0.000 0.000
ARG02A0289_003 0.000 0.000 0.000 0.000 0.000
ARG03A0289_004 0.000 0.000 0.000 0.000 0.000
ARG03A0289_005 0.000 0.000 0.000 0.000 0.000
ARG+1A0289_006 1.000 1.000 1.000 1.000 1.000
GLU01A0290_001 0.000 0.000 0.000 0.000 0.000
GLU01A0290_002 0.000 0.000 0.000 0.000 0.000
GLU02A0290_003 0.000 0.000 0.000 0.000 0.000
GLU02A0290_004 0.000 0.000 0.000 0.000 0.000
GLU-1A0290_005 1.000 1.000 1.000 1.000 1.000
SER01A0291_001 1.000 1.000 1.000 1.000 1.000
GLU01A0292_001 0.000 0.000 0.000 0.000 0.000
GLU01A0292_002 0.000 0.000 0.000 0.000 0.000
GLU02A0292_003 0.000 0.000 0.000 0.000 0.000
GLU02A0292_004 0.000 0.000 0.000 0.000 0.000
GLU-1A0292_005 1.000 1.000 1.000 1.000 1.000
GLN01A0293_001 0.734 0.737 0.740 0.738 0.734
GLN01A0293_002 0.266 0.263 0.260 0.262 0.266
ARG01A0294_001 0.000 0.000 0.000 0.000 0.000
ARG02A0294_002 0.000 0.000 0.000 0.000 0.000
ARG02A0294_003 0.000 0.000 0.000 0.000 0.000
ARG03A0294_004 0.000 0.000 0.000 0.000 0.000
ARG03A0294_005 0.000 0.000 0.000 0.000 0.000
ARG+1A0294_006 1.000 1.000 1.000 1.000 1.000
PRO01A0295_001 1.000 1.000 1.000 1.000 1.000
PRO01A0296_001 1.000 1.000 1.000 1.000 1.000
PHE01A0297_001 1.000 1.000 1.000 1.000 1.000
SER01A0298_001 0.328 0.325 0.320 0.326 0.322
SER01A0298_002 0.672 0.675 0.680 0.674 0.678
GLN01A0299_001 0.236 0.240 0.234 0.232 0.236
GLN01A0299_002 0.764 0.760 0.766 0.768 0.764
LEU01A0300_001 1.000 1.000 1.000 1.000 1.000
HIS01A0301_001 0.000 0.000 0.001 0.001 0.000
HIS01A0301_002 0.081 0.083 0.084 0.086 0.090
HIS02A0301_003 0.000 0.001 0.000 0.000 0.000
HIS02A0301_004 0.914 0.910 0.915 0.907 0.905
HIS+1A0301_005 0.000 0.000 0.000 0.000 0.000
HIS+1A0301_006 0.005 0.006 0.000 0.005 0.005
ARG01A0302_001 0.000 0.000 0.000 0.000 0.000
ARG02A0302_002 0.000 0.000 0.000 0.000 0.000
ARG03A0302_003 0.000 0.000 0.000 0.000 0.000
ARG03A0302_004 0.000 0.000 0.000 0.000 0.000
ARG+1A0302_005 1.000 1.000 1.000 1.000 1.000
PHE01A0303_001 1.000 1.000 1.000 1.000 1.000
LEU01A0304_001 1.000 1.000 1.000 1.000 1.000
ALA01A0305_001 1.000 1.000 1.000 1.000 1.000
GLU01A0306_001 0.000 0.000 0.000 0.000 0.000
GLU01A0306_002 0.000 0.000 0.000 0.000 0.000
GLU02A0306_003 0.000 0.000 0.000 0.000 0.000
GLU02A0306_004 0.002 0.000 0.000 0.000 0.000
GLU-1A0306_005 0.998 1.000 1.000 1.000 1.000
ASP01A0307_001 0.000 0.000 0.000 0.000 0.000
ASP01A0307_002 0.000 0.000 0.000 0.000 0.000
ASP02A0307_003 0.000 0.000 0.000 0.000 0.000
ASP02A0307_004 0.000 0.000 0.000 0.000 0.000
ASP-1A0307_005 1.000 1.000 1.000 1.000 1.000
ALA01A0308_001 1.000 1.000 1.000 1.000 1.000
LEU01A0309_001 1.000 1.000 1.000 1.000 1.000
ASN01A0310_001 0.843 0.846 0.844 0.841 0.842
ASN01A0310_002 0.157 0.154 0.156 0.159 0.158
THR01A0311_001 0.730 0.722 0.726 0.731 0.723
THR01A0311_002 0.270 0.278 0.274 0.269 0.277
VAL01A0312_001 1.000 1.000 1.000 1.000 1.000
SER01B0001_001 0.285 0.296 0.290 0.295 0.288
SER01B0001_002 0.033 0.033 0.034 0.034 0.034
SER01B0001_003 0.682 0.671 0.676 0.671 0.678
MET01B0002_001 1.000 1.000 1.000 1.000 1.000
PRO01B0003_001 1.000 1.000 1.000 1.000 1.000
ARG01B0004_001 0.000 0.000 0.000 0.000 0.000
ARG02B0004_002 0.194 0.196 0.198 0.191 0.196
ARG02B0004_003 0.000 0.000 0.000 0.000 0.000
ARG03B0004_004 0.000 0.000 0.000 0.000 0.000
ARG03B0004_005 0.000 0.000 0.000 0.000 0.000
ARG+1B0004_006 0.806 0.804 0.802 0.809 0.804
VAL01B0005_001 1.000 1.000 1.000 1.000 1.000
ASP01B0006_001 0.000 0.000 0.000 0.000 0.000
ASP01B0006_002 0.000 0.000 0.000 0.000 0.000
ASP02B0006_003 0.000 0.000 0.000 0.000 0.000
ASP02B0006_004 0.000 0.000 0.000 0.000 0.000
ASP-1B0006_005 1.000 1.000 1.000 1.000 1.000
PHE01B0007_001 1.000 1.000 1.000 1.000 1.000
PRO01B0008_001 1.000 1.000 1.000 1.000 1.000
ARG01B0009_001 0.000 0.000 0.000 0.000 0.000
ARG02B0009_002 0.000 0.000 0.000 0.000 0.000
ARG02B0009_003 0.000 0.000 0.000 0.000 0.000
ARG03B0009_004 0.000 0.000 0.000 0.000 0.000
ARG03B0009_005 0.000 0.000 0.000 0.000 0.000
ARG+1B0009_006 1.000 1.000 1.000 1.000 1.000
SER01B0010_001 1.000 1.000 1.000 1.000 1.000
ARG01B0011_001 0.000 0.000 0.000 0.000 0.000
ARG02B0011_002 0.000 0.000 0.000 0.000 0.000
ARG02B0011_003 0.000 0.000 0.000 0.000 0.000
ARG03B0011_004 0.000 0.000 0.000 0.000 0.000
ARG03B0011_005 0.000 0.000 0.000 0.000 0.000
ARG+1B0011_006 1.000 1.000 1.000 1.000 1.000
LEU01B0012_001 1.000 1.000 1.000 1.000 1.000
ARG01B0013_001 0.000 0.000 0.000 0.000 0.000
ARG02B0013_002 0.000 0.000 0.000 0.000 0.000
ARG02B0013_003 0.000 0.000 0.000 0.000 0.000
ARG03B0013_004 0.000 0.000 0.000 0.000 0.000
ARG03B0013_005 0.000 0.000 0.000 0.000 0.000
ARG+1B0013_006 1.000 1.000 1.000 1.000 1.000
PHE01B0014_001 1.000 1.000 1.000 1.000 1.000
LYS01B0015_001 0.000 0.000 0.000 0.000 0.000
LYS+1B0015_002 1.000 1.000 1.000 1.000 1.000
GLU01B0016_001 0.000 0.000 0.000 0.000 0.000
GLU01B0016_002 0.000 0.000 0.000 0.000 0.001
GLU02B0016_003 0.000 0.000 0.000 0.000 0.000
GLU02B0016_004 0.000 0.000 0.001 0.000 0.000
GLU-1B0016_005 1.000 1.000 0.999 1.000 0.999
LYS01B0017_001 0.000 0.000 0.000 0.000 0.000
LYS+1B0017_002 1.000 1.000 1.000 1.000 1.000
LEU01B0018_001 1.000 1.000 1.000 1.000 1.000
GLU01B0020_001 0.000 0.000 0.000 0.000 0.000
GLU01B0020_002 0.000 0.000 0.000 0.000 0.000
GLU02B0020_003 0.000 0.000 0.000 0.000 0.000
GLU02B0020_004 0.000 0.000 0.000 0.000 0.000
GLU-1B0020_005 1.000 1.000 1.000 1.000 1.000
GLN01B0022_001 0.942 0.939 0.939 0.937 0.936
GLN01B0022_002 0.058 0.061 0.061 0.063 0.064
PHE01B0023_001 1.000 1.000 1.000 1.000 1.000
GLU01B0025_001 0.000 0.000 0.000 0.000 0.000
GLU01B0025_002 0.003 0.004 0.004 0.004 0.003
GLU02B0025_003 0.001 0.001 0.000 0.000 0.000
GLU02B0025_004 0.005 0.004 0.005 0.004 0.003
GLU-1B0025_005 0.992 0.991 0.991 0.992 0.993
VAL01B0026_001 1.000 1.000 1.000 1.000 1.000
HIS01B0027_001 0.289 0.296 0.297 0.296 0.296
HIS02B0027_002 0.705 0.699 0.703 0.699 0.699
HIS+1B0027_003 0.005 0.005 0.000 0.005 0.005
LEU01B0028_001 1.000 1.000 1.000 1.000 1.000
CYS01B0029_001 0.325 0.317 0.319 0.317 0.326
CYS01B0029_002 0.168 0.168 0.164 0.165 0.165
CYS01B0029_003 0.507 0.515 0.518 0.517 0.509
CYS-1B0029_004 0.000 0.000 0.000 0.000 0.000
GLU01B0030_001 0.000 0.000 0.000 0.000 0.000
GLU01B0030_002 0.000 0.000 0.000 0.000 0.000
GLU02B0030_003 0.000 0.000 0.000 0.000 0.000
GLU02B0030_004 0.000 0.000 0.000 0.000 0.000
GLU-1B0030_005 1.000 1.000 1.000 1.000 1.000
VAL01B0031_001 1.000 1.000 1.000 1.000 1.000
ASP01B0032_001 0.000 0.000 0.000 0.000 0.000
ASP01B0032_002 0.001 0.002 0.002 0.001 0.003
ASP02B0032_003 0.000 0.000 0.000 0.000 0.000
ASP02B0032_004 0.000 0.001 0.000 0.001 0.000
ASP-1B0032_005 0.998 0.998 0.998 0.998 0.997
SER01B0033_001 0.733 0.730 0.727 0.730 0.730
SER01B0033_002 0.267 0.270 0.273 0.270 0.270
PRO01B0034_001 1.000 1.000 1.000 1.000 1.000
GLN01B0035_001 1.000 1.000 1.000 1.000 1.000
ASP01B0036_001 0.000 0.000 0.000 0.000 0.000
ASP01B0036_002 0.000 0.000 0.000 0.000 0.000
ASP02B0036_003 0.000 0.002 0.003 0.003 0.003
ASP02B0036_004 0.044 0.035 0.039 0.034 0.032
ASP-1B0036_005 0.956 0.962 0.958 0.963 0.966
LEU01B0037_001 1.000 1.000 1.000 1.000 1.000
VAL01B0038_001 1.000 1.000 1.000 1.000 1.000
SER01B0039_001 1.000 1.000 1.000 1.000 1.000
LEU01B0040_001 1.000 1.000 1.000 1.000 1.000
ASP01B0041_001 0.000 0.000 0.000 0.000 0.000
ASP01B0041_002 0.001 0.000 0.000 0.000 0.000
ASP02B0041_003 0.000 0.000 0.000 0.000 0.000
ASP02B0041_004 0.000 0.000 0.000 0.000 0.000
ASP-1B0041_005 0.999 1.000 1.000 1.000 1.000
PHE01B0042_001 1.000 1.000 1.000 1.000 1.000
PRO01B0043_001 1.000 1.000 1.000 1.000 1.000
LEU01B0044_001 1.000 1.000 1.000 1.000 1.000
ASN01B0045_001 0.424 0.431 0.424 0.428 0.423
ASN01B0045_002 0.576 0.569 0.576 0.572 0.577
VAL01B0046_001 1.000 1.000 1.000 1.000 1.000
ARG01B0047_001 0.000 0.000 0.000 0.000 0.000
ARG02B0047_002 0.000 0.000 0.000 0.000 0.000
ARG02B0047_003 0.000 0.000 0.000 0.000 0.000
ARG03B0047_004 0.000 0.000 0.000 0.000 0.000
ARG03B0047_005 0.000 0.000 0.000 0.000 0.000
ARG+1B0047_006 1.000 1.000 1.000 1.000 1.000
LYS01B0048_001 0.008 0.009 0.008 0.009 0.009
LYS+1B0048_002 0.992 0.991 0.992 0.991 0.991
HIS01B0050_001 0.297 0.300 0.294 0.293 0.295
HIS02B0050_002 0.610 0.607 0.613 0.617 0.613
HIS+1B0050_003 0.093 0.093 0.093 0.090 0.092
PRO01B0051_001 1.000 1.000 1.000 1.000 1.000
LEU01B0052_001 1.000 1.000 1.000 1.000 1.000
LEU01B0053_001 1.000 1.000 1.000 1.000 1.000
VAL01B0054_001 1.000 1.000 1.000 1.000 1.000
ALA01B0055_001 1.000 1.000 1.000 1.000 1.000
VAL01B0056_001 1.000 1.000 1.000 1.000 1.000
LYS01B0057_001 0.254 0.246 0.249 0.253 0.251
LYS+1B0057_002 0.746 0.754 0.751 0.747 0.749
ILE01B0058_001 1.000 1.000 1.000 1.000 1.000
LEU01B0059_001 1.000 1.000 1.000 1.000 1.000
ARG01B0060_001 0.000 0.000 0.000 0.000 0.000
ARG02B0060_002 0.000 0.000 0.000 0.000 0.000
ARG02B0060_003 0.000 0.000 0.000 0.000 0.000
ARG03B0060_004 0.000 0.000 0.000 0.000 0.000
ARG03B0060_005 0.000 0.000 0.000 0.000 0.000
ARG+1B0060_006 1.000 1.000 1.000 1.000 1.000
PRO01B0061_001 1.000 1.000 1.000 1.000 1.000
ASP01B0062_001 0.000 0.000 0.000 0.000 0.000
ASP01B0062_002 0.000 0.000 0.000 0.000 0.000
ASP02B0062_003 0.000 0.000 0.000 0.000 0.000
ASP02B0062_004 0.000 0.000 0.000 0.000 0.000
ASP-1B0062_005 1.000 1.000 1.000 1.000 1.000
ALA01B0063_001 1.000 1.000 1.000 1.000 1.000
THR01B0064_001 0.962 0.960 0.962 0.961 0.959
THR01B0064_002 0.038 0.040 0.038 0.039 0.041
LYS01B0065_001 0.049 0.049 0.046 0.048 0.046
LYS+1B0065_002 0.951 0.951 0.954 0.952 0.954
ASN01B0066_001 1.000 1.000 1.000 1.000 1.000
ALA01B0067_001 1.000 1.000 1.000 1.000 1.000
ARG01B0068_001 0.000 0.000 0.000 0.000 0.000
ARG02B0068_002 0.000 0.000 0.000 0.000 0.000
ARG02B0068_003 0.000 0.000 0.000 0.000 0.000
ARG03B0068_004 0.000 0.000 0.000 0.000 0.000
ARG03B0068_005 0.000 0.000 0.000 0.000 0.000
ARG+1B0068_006 1.000 1.000 1.000 1.000 1.000
ASN01B0069_001 0.934 0.935 0.937 0.936 0.933
ASN01B0069_002 0.066 0.065 0.063 0.064 0.067
ASP01B0070_001 0.000 0.000 0.000 0.000 0.000
ASP01B0070_002 0.000 0.000 0.000 0.000 0.000
ASP02B0070_003 0.000 0.000 0.000 0.000 0.000
ASP02B0070_004 0.000 0.000 0.000 0.000 0.000
ASP-1B0070_005 1.000 1.000 1.000 1.000 1.000
PHE01B0071_001 1.000 1.000 1.000 1.000 1.000
LEU01B0072_001 1.000 1.000 1.000 1.000 1.000
LYS01B0073_001 0.006 0.007 0.007 0.006 0.007
LYS+1B0073_002 0.994 0.993 0.993 0.994 0.993
GLU01B0074_001 0.000 0.000 0.000 0.000 0.000
GLU01B0074_002 0.012 0.012 0.010 0.011 0.011
GLU02B0074_003 0.000 0.000 0.000 0.000 0.000
GLU02B0074_004 0.000 0.000 0.000 0.000 0.000
GLU-1B0074_005 0.988 0.988 0.990 0.989 0.989
VAL01B0075_001 1.000 1.000 1.000 1.000 1.000
LYS01B0076_001 0.003 0.003 0.002 0.003 0.000
LYS+1B0076_002 0.997 0.997 0.998 0.997 1.000
ILE01B0077_001 1.000 1.000 1.000 1.000 1.000
MET01B0078_001 1.000 1.000 1.000 1.000 1.000
SER01B0079_001 0.580 0.583 0.588 0.582 0.587
SER01B0079_002 0.420 0.417 0.412 0.418 0.413
ARG01B0080_001 0.000 0.000 0.000 0.000 0.000
ARG02B0080_002 0.000 0.000 0.000 0.000 0.000
ARG03B0080_003 0.000 0.000 0.000 0.000 0.000
ARG+1B0080_004 1.000 1.000 1.000 1.000 1.000
LEU01B0081_001 1.000 1.000 1.000 1.000 1.000
LYS01B0082_001 0.019 0.019 0.019 0.020 0.019
LYS+1B0082_002 0.981 0.981 0.981 0.980 0.981
ASP01B0083_001 0.000 0.000 0.000 0.000 0.000
ASP01B0083_002 0.000 0.002 0.000 0.002 0.000
ASP02B0083_003 0.000 0.000 0.000 0.000 0.000
ASP02B0083_004 0.000 0.000 0.000 0.000 0.000
ASP-1B0083_005 1.000 0.998 1.000 0.998 1.000
PRO01B0084_001 1.000 1.000 1.000 1.000 1.000
ASN01B0085_001 0.970 0.969 0.968 0.968 0.967
ASN01B0085_002 0.030 0.031 0.032 0.032 0.033
ILE01B0086_001 1.000 1.000 1.000 1.000 1.000
ILE01B0087_001 1.000 1.000 1.000 1.000 1.000
ARG01B0088_001 0.000 0.000 0.000 0.000 0.000
ARG02B0088_002 0.000 0.000 0.000 0.000 0.000
ARG03B0088_003 0.000 0.000 0.000 0.000 0.000
ARG03B0088_004 0.000 0.000 0.000 0.000 0.000
ARG+1B0088_005 1.000 1.000 1.000 1.000 1.000
LEU01B0089_001 1.000 1.000 1.000 1.000 1.000
LEU01B0090_001 1.000 1.000 1.000 1.000 1.000
VAL01B0092_001 1.000 1.000 1.000 1.000 1.000
CYS01B0093_001 0.815 0.815 0.811 0.824 0.811
CYS01B0093_002 0.090 0.089 0.089 0.085 0.089
CYS01B0093_003 0.095 0.096 0.101 0.091 0.101
CYS-1B0093_004 0.000 0.000 0.000 0.000 0.000
VAL01B0094_001 1.000 1.000 1.000 1.000 1.000
GLN01B0095_001 0.812 0.812 0.810 0.806 0.807
GLN01B0095_002 0.188 0.188 0.190 0.194 0.193
ASP01B0096_001 0.000 0.000 0.000 0.000 0.000
ASP01B0096_002 0.000 0.000 0.000 0.000 0.000
ASP02B0096_003 0.000 0.000 0.000 0.000 0.000
ASP02B0096_004 0.000 0.001 0.000 0.000 0.000
ASP-1B0096_005 1.000 0.999 1.000 1.000 1.000
ASP01B0097_001 0.000 0.000 0.000 0.000 0.000
ASP01B0097_002 0.000 0.000 0.000 0.000 0.000
ASP02B0097_003 0.000 0.000 0.000 0.000 0.000
ASP02B0097_004 0.000 0.000 0.000 0.000 0.001
ASP-1B0097_005 1.000 1.000 1.000 1.000 0.999
PRO01B0098_001 1.000 1.000 1.000 1.000 1.000
LEU01B0099_001 1.000 1.000 1.000 1.000 1.000
CYS01B0100_001 0.069 0.067 0.068 0.071 0.070
CYS01B0100_002 0.794 0.786 0.791 0.783 0.786
CYS01B0100_003 0.137 0.146 0.141 0.146 0.144
CYS-1B0100_004 0.000 0.000 0.000 0.000 0.000
MET01B0101_001 1.000 1.000 1.000 1.000 1.000
ILE01B0102_001 1.000 1.000 1.000 1.000 1.000
THR01B0103_001 0.033 0.034 0.036 0.035 0.035
THR01B0103_002 0.967 0.966 0.964 0.965 0.965
ASP01B0104_001 0.000 0.000 0.000 0.000 0.000
ASP01B0104_002 0.000 0.000 0.000 0.000 0.000
ASP02B0104_003 0.000 0.000 0.000 0.000 0.000
ASP02B0104_004 0.000 0.000 0.000 0.000 0.000
ASP-1B0104_005 1.000 1.000 1.000 1.000 1.000
TYR01B0105_001 1.000 1.000 1.000 1.000 1.000
TYR-1B0105_002 0.000 0.000 0.000 0.000 0.000
MET01B0106_001 1.000 1.000 1.000 1.000 1.000
GLU01B0107_001 0.000 0.000 0.000 0.000 0.000
GLU01B0107_002 0.000 0.000 0.000 0.000 0.000
GLU02B0107_003 0.000 0.000 0.000 0.000 0.000
GLU02B0107_004 0.000 0.000 0.000 0.000 0.000
GLU-1B0107_005 1.000 1.000 1.000 1.000 1.000
ASN01B0108_001 0.699 0.698 0.693 0.701 0.697
ASN01B0108_002 0.301 0.302 0.307 0.299 0.303
ASP01B0110_001 0.000 0.000 0.000 0.000 0.000
ASP01B0110_002 0.000 0.000 0.000 0.000 0.000
ASP02B0110_003 0.000 0.000 0.000 0.000 0.000
ASP02B0110_004 0.000 0.000 0.000 0.000 0.000
ASP-1B0110_005 1.000 1.000 1.000 1.000 1.000
LEU01B0111_001 1.000 1.000 1.000 1.000 1.000
ASN01B0112_001 0.682 0.692 0.686 0.689 0.684
ASN01B0112_002 0.318 0.308 0.314 0.311 0.316
GLN01B0113_001 0.979 0.978 0.978 0.979 0.976
GLN01B0113_002 0.021 0.022 0.022 0.021 0.024
PHE01B0114_001 1.000 1.000 1.000 1.000 1.000
LEU01B0115_001 1.000 1.000 1.000 1.000 1.000
SER01B0116_001 0.130 0.121 0.125 0.119 0.130
SER01B0116_002 0.870 0.879 0.875 0.881 0.870
ALA01B0117_001 1.000 1.000 1.000 1.000 1.000
HIS01B0118_001 0.013 0.013 0.013 0.011 0.012
HIS02B0118_002 0.928 0.932 0.932 0.934 0.933
HIS+1B0118_003 0.059 0.055 0.055 0.055 0.054
GLN01B0119_001 1.000 1.000 1.000 1.000 1.000
LEU01B0120_001 1.000 1.000 1.000 1.000 1.000
GLU01B0121_001 0.000 0.000 0.000 0.000 0.000
GLU01B0121_002 0.000 0.000 0.000 0.000 0.000
GLU02B0121_003 0.000 0.000 0.000 0.000 0.000
GLU02B0121_004 0.000 0.000 0.000 0.000 0.000
GLU-1B0121_005 1.000 1.000 1.000 1.000 1.000
ASP01B0122_001 0.000 0.000 0.000 0.000 0.000
ASP01B0122_002 0.000 0.000 0.000 0.000 0.000
ASP02B0122_003 0.000 0.000 0.000 0.000 0.000
ASP02B0122_004 0.000 0.000 0.000 0.000 0.000
ASP-1B0122_005 1.000 1.000 1.000 1.000 1.000
LYS01B0123_001 0.000 0.001 0.000 0.000 0.000
LYS+1B0123_002 1.000 0.999 1.000 1.000 1.000
GLN01B0124_001 1.000 1.000 1.000 1.000 1.000
GLN01B0124_002 0.000 0.000 0.000 0.000 0.000
PRO01B0126_001 1.000 1.000 1.000 1.000 1.000
THR01B0127_001 1.000 1.000 1.000 1.000 1.000
ILE01B0128_001 1.000 1.000 1.000 1.000 1.000
SER01B0129_001 0.042 0.042 0.041 0.041 0.041
SER01B0129_002 0.000 0.000 0.000 0.000 0.000
SER01B0129_003 0.958 0.958 0.959 0.959 0.959
TYR01B0130_001 1.000 1.000 1.000 1.000 1.000
TYR-1B0130_002 0.000 0.000 0.000 0.000 0.000
PRO01B0131_001 1.000 1.000 1.000 1.000 1.000
MET01B0132_001 1.000 1.000 1.000 1.000 1.000
LEU01B0133_001 1.000 1.000 1.000 1.000 1.000
LEU01B0134_001 1.000 1.000 1.000 1.000 1.000
HIS01B0135_001 0.227 0.229 0.228 0.221 0.221
HIS01B0135_002 0.089 0.087 0.087 0.086 0.084
HIS02B0135_003 0.379 0.377 0.381 0.392 0.387
HIS02B0135_004 0.172 0.174 0.171 0.176 0.177
HIS+1B0135_005 0.110 0.111 0.111 0.105 0.107
HIS+1B0135_006 0.023 0.022 0.022 0.020 0.024
VAL01B0136_001 1.000 1.000 1.000 1.000 1.000
ALA01B0137_001 1.000 1.000 1.000 1.000 1.000
ALA01B0138_001 1.000 1.000 1.000 1.000 1.000
GLN01B0139_001 1.000 1.000 1.000 1.000 1.000
GLN01B0139_002 0.000 0.000 0.000 0.000 0.000
ILE01B0140_001 1.000 1.000 1.000 1.000 1.000
ALA01B0141_001 1.000 1.000 1.000 1.000 1.000
SER01B0142_001 0.865 0.870 0.871 0.868 0.868
SER01B0142_002 0.135 0.130 0.129 0.132 0.132
MET01B0144_001 1.000 1.000 1.000 1.000 1.000
ARG01B0145_001 0.000 0.000 0.000 0.000 0.000
ARG02B0145_002 0.000 0.000 0.000 0.000 0.000
ARG03B0145_003 0.000 0.000 0.000 0.000 0.000
ARG+1B0145_004 1.000 1.000 1.000 1.000 1.000
TYR01B0146_001 1.000 1.000 1.000 1.000 1.000
TYR-1B0146_002 0.000 0.000 0.000 0.000 0.000
LEU01B0147_001 1.000 1.000 1.000 1.000 1.000
ALA01B0148_001 1.000 1.000 1.000 1.000 1.000
THR01B0149_001 0.291 0.294 0.292 0.295 0.300
THR01B0149_002 0.709 0.706 0.708 0.705 0.700
LEU01B0150_001 1.000 1.000 1.000 1.000 1.000
ASN01B0151_001 0.366 0.364 0.363 0.367 0.362
ASN01B0151_002 0.634 0.636 0.637 0.633 0.638
PHE01B0152_001 1.000 1.000 1.000 1.000 1.000
VAL01B0153_001 1.000 1.000 1.000 1.000 1.000
HIS01B0154_001 1.000 1.000 1.000 1.000 1.000
HIS02B0154_002 0.000 0.000 0.000 0.000 0.000
HIS+1B0154_003 0.000 0.000 0.000 0.000 0.000
ARG01B0155_001 0.000 0.000 0.000 0.000 0.000
ARG02B0155_002 0.000 0.000 0.000 0.000 0.000
ARG03B0155_003 0.000 0.000 0.000 0.000 0.000
ARG+1B0155_004 1.000 1.000 1.000 1.000 1.000
ASP01B0156_001 0.000 0.000 0.000 0.000 0.000
ASP01B0156_002 0.000 0.000 0.000 0.000 0.000
ASP02B0156_003 0.000 0.000 0.000 0.000 0.000
ASP02B0156_004 0.000 0.000 0.000 0.000 0.000
ASP-1B0156_005 1.000 1.000 1.000 1.000 1.000
LEU01B0157_001 1.000 1.000 1.000 1.000 1.000
ALA01B0158_001 1.000 1.000 1.000 1.000 1.000
THR01B0159_001 0.865 0.876 0.862 0.864 0.865
THR01B0159_002 0.009 0.008 0.009 0.011 0.010
THR01B0159_003 0.126 0.116 0.129 0.125 0.125
ARG01B0160_001 0.000 0.000 0.000 0.000 0.000
ARG02B0160_002 0.000 0.000 0.000 0.000 0.000
ARG02B0160_003 0.000 0.000 0.000 0.000 0.000
ARG03B0160_004 0.000 0.000 0.000 0.000 0.000
ARG03B0160_005 0.000 0.000 0.000 0.000 0.000
ARG+1B0160_006 1.000 1.000 1.000 1.000 1.000
ASN01B0161_001 1.000 1.000 1.000 1.000 1.000
ASN01B0161_002 0.000 0.000 0.000 0.000 0.000
CYS01B0162_001 0.153 0.150 0.154 0.154 0.149
CYS01B0162_002 0.647 0.656 0.644 0.639 0.653
CYS01B0162_003 0.201 0.194 0.202 0.207 0.198
CYS-1B0162_004 0.000 0.000 0.000 0.000 0.000
LEU01B0163_001 1.000 1.000 1.000 1.000 1.000
VAL01B0164_001 1.000 1.000 1.000 1.000 1.000
GLU01B0166_001 0.000 0.000 0.000 0.000 0.000
GLU01B0166_002 0.000 0.000 0.000 0.000 0.000
GLU02B0166_003 0.000 0.000 0.000 0.000 0.000
GLU02B0166_004 0.000 0.000 0.000 0.000 0.000
GLU-1B0166_005 1.000 1.000 1.000 1.000 1.000
ASN01B0167_001 0.514 0.518 0.527 0.523 0.524
ASN01B0167_002 0.486 0.482 0.473 0.477 0.476
PHE01B0168_001 1.000 1.000 1.000 1.000 1.000
THR01B0169_001 1.000 1.000 1.000 1.000 1.000
ILE01B0170_001 1.000 1.000 1.000 1.000 1.000
LYS01B0171_001 0.000 0.004 0.004 0.004 0.004
LYS+1B0171_002 1.000 0.996 0.996 0.996 0.996
ILE01B0172_001 1.000 1.000 1.000 1.000 1.000
ALA01B0173_001 1.000 1.000 1.000 1.000 1.000
ASP01B0174_001 0.000 0.000 0.000 0.000 0.000
ASP01B0174_002 0.000 0.000 0.000 0.000 0.000
ASP02B0174_003 0.000 0.000 0.000 0.000 0.000
ASP02B0174_004 0.000 0.000 0.000 0.000 0.000
ASP-1B0174_005 1.000 1.000 1.000 1.000 1.000
PHE01B0175_001 1.000 1.000 1.000 1.000 1.000
MET01B0177_001 1.000 1.000 1.000 1.000 1.000
SER01B0178_001 0.894 0.902 0.903 0.901 0.898
SER01B0178_002 0.009 0.008 0.007 0.009 0.008
SER01B0178_003 0.097 0.090 0.090 0.091 0.094
ARG01B0179_001 0.000 0.000 0.000 0.000 0.000
ARG02B0179_002 0.000 0.000 0.000 0.000 0.000
ARG02B0179_003 0.000 0.000 0.000 0.000 0.000
ARG03B0179_004 0.000 0.000 0.000 0.000 0.000
ARG03B0179_005 0.000 0.000 0.000 0.000 0.000
ARG+1B0179_006 1.000 1.000 1.000 1.000 1.000
ASN01B0180_001 1.000 1.000 1.000 1.000 1.000
LEU01B0181_001 1.000 1.000 1.000 1.000 1.000
TYR01B0182_001 0.211 0.210 0.214 0.216 0.211
TYR01B0182_002 0.789 0.790 0.786 0.784 0.789
TYR-1B0182_003 0.000 0.000 0.000 0.000 0.000
ALA01B0183_001 1.000 1.000 1.000 1.000 1.000
ASP01B0185_001 0.000 0.000 0.000 0.000 0.000
ASP01B0185_002 0.004 0.004 0.004 0.004 0.004
ASP02B0185_003 0.000 0.000 0.000 0.000 0.000
ASP02B0185_004 0.004 0.002 0.003 0.003 0.003
ASP-1B0185_005 0.992 0.994 0.993 0.993 0.993
TYR01B0186_001 0.089 0.087 0.089 0.085 0.091
TYR01B0186_002 0.911 0.913 0.911 0.915 0.909
TYR-1B0186_003 0.000 0.000 0.000 0.000 0.000
TYR01B0187_001 0.324 0.321 0.321 0.318 0.324
TYR01B0187_002 0.676 0.679 0.679 0.682 0.676
TYR-1B0187_003 0.000 0.000 0.000 0.000 0.000
ARG01B0188_001 0.000 0.000 0.000 0.000 0.000
ARG02B0188_002 0.000 0.000 0.000 0.000 0.000
ARG02B0188_003 0.000 0.000 0.000 0.000 0.000
ARG03B0188_004 0.000 0.000 0.000 0.000 0.000
ARG03B0188_005 0.000 0.000 0.000 0.000 0.000
ARG+1B0188_006 1.000 1.000 1.000 1.000 1.000
VAL01B0189_001 1.000 1.000 1.000 1.000 1.000
GLN01B0190_001 1.000 1.000 0.999 1.000 1.000
GLN01B0190_002 0.000 0.000 0.001 0.000 0.000
ARG01B0192_001 0.000 0.000 0.000 0.000 0.000
ARG02B0192_002 0.000 0.000 0.000 0.000 0.000
ARG03B0192_003 0.000 0.000 0.000 0.000 0.000
ARG03B0192_004 0.000 0.000 0.000 0.000 0.000
ARG+1B0192_005 1.000 1.000 1.000 1.000 1.000
ALA01B0193_001 1.000 1.000 1.000 1.000 1.000
VAL01B0194_001 1.000 1.000 1.000 1.000 1.000
LEU01B0195_001 1.000 1.000 1.000 1.000 1.000
PRO01B0196_001 1.000 1.000 1.000 1.000 1.000
ILE01B0197_001 1.000 1.000 1.000 1.000 1.000
ARG01B0198_001 0.000 0.000 0.000 0.000 0.000
ARG02B0198_002 0.000 0.000 0.000 0.000 0.000
ARG03B0198_003 0.000 0.000 0.000 0.000 0.000
ARG03B0198_004 0.000 0.000 0.000 0.000 0.000
ARG+1B0198_005 1.000 1.000 1.000 1.000 1.000
TRP01B0199_001 1.000 1.000 1.000 1.000 1.000
MET01B0200_001 1.000 1.000 1.000 1.000 1.000
ALA01B0201_001 1.000 1.000 1.000 1.000 1.000
TRP01B0202_001 1.000 1.000 1.000 1.000 1.000
GLU01B0203_001 0.000 0.000 0.000 0.000 0.000
GLU01B0203_002 0.000 0.000 0.000 0.000 0.000
GLU02B0203_003 0.000 0.000 0.000 0.000 0.000
GLU02B0203_004 0.000 0.000 0.000 0.000 0.000
GLU-1B0203_005 1.000 1.000 1.000 1.000 1.000
CYS01B0204_001 0.643 0.647 0.636 0.646 0.647
CYS01B0204_002 0.061 0.059 0.059 0.061 0.063
CYS01B0204_003 0.296 0.294 0.305 0.293 0.291
CYS-1B0204_004 0.000 0.000 0.000 0.000 0.000
ILE01B0205_001 1.000 1.000 1.000 1.000 1.000
LEU01B0206_001 1.000 1.000 1.000 1.000 1.000
MET01B0207_001 1.000 1.000 1.000 1.000 1.000
LYS01B0209_001 0.000 0.000 0.000 0.001 0.000
LYS+1B0209_002 1.000 1.000 1.000 0.999 1.000
PHE01B0210_001 1.000 1.000 1.000 1.000 1.000
THR01B0211_001 0.000 0.004 0.003 0.000 0.004
THR01B0211_002 1.000 0.996 0.997 1.000 0.996
THR01B0212_001 1.000 1.000 1.000 1.000 1.000
ALA01B0213_001 1.000 1.000 1.000 1.000 1.000
SER01B0214_001 0.000 0.000 0.000 0.000 0.000
SER01B0214_002 0.946 0.944 0.947 0.943 0.947
SER01B0214_003 0.054 0.056 0.053 0.057 0.053
ASP01B0215_001 0.000 0.000 0.000 0.000 0.000
ASP01B0215_002 0.000 0.000 0.000 0.000 0.000
ASP02B0215_003 0.000 0.000 0.000 0.000 0.000
ASP02B0215_004 0.000 0.000 0.000 0.000 0.000
ASP-1B0215_005 1.000 1.000 1.000 1.000 1.000
VAL01B0216_001 1.000 1.000 1.000 1.000 1.000
TRP01B0217_001 1.000 1.000 1.000 1.000 1.000
ALA01B0218_001 1.000 1.000 1.000 1.000 1.000
PHE01B0219_001 1.000 1.000 1.000 1.000 1.000
VAL01B0221_001 1.000 1.000 1.000 1.000 1.000
THR01B0222_001 0.012 0.011 0.011 0.014 0.011
THR01B0222_002 0.970 0.970 0.971 0.966 0.973
THR01B0222_003 0.018 0.019 0.018 0.020 0.016
LEU01B0223_001 1.000 1.000 1.000 1.000 1.000
TRP01B0224_001 1.000 1.000 1.000 1.000 1.000
GLU01B0225_001 0.000 0.003 0.000 0.002 0.000
GLU01B0225_002 0.023 0.010 0.023 0.017 0.023
GLU02B0225_003 0.000 0.000 0.000 0.000 0.000
GLU02B0225_004 0.000 0.000 0.000 0.000 0.000
GLU-1B0225_005 0.977 0.987 0.977 0.981 0.977
VAL01B0226_001 1.000 1.000 1.000 1.000 1.000
LEU01B0227_001 1.000 1.000 1.000 1.000 1.000
MET01B0228_001 1.000 1.000 1.000 1.000 1.000
LEU01B0229_001 1.000 1.000 1.000 1.000 1.000
CYS01B0230_001 0.664 0.672 0.664 0.668 0.667
CYS01B0230_002 0.104 0.101 0.104 0.104 0.106
CYS01B0230_003 0.232 0.227 0.231 0.228 0.227
CYS-1B0230_004 0.000 0.000 0.000 0.000 0.000
ARG01B0231_001 0.000 0.000 0.000 0.000 0.000
ARG02B0231_002 0.000 0.000 0.000 0.000 0.000
ARG03B0231_003 0.000 0.000 0.000 0.000 0.000
ARG03B0231_004 0.000 0.000 0.000 0.000 0.000
ARG+1B0231_005 1.000 1.000 1.000 1.000 1.000
ALA01B0232_001 1.000 1.000 1.000 1.000 1.000
GLN01B0233_001 0.916 0.918 0.919 0.920 0.921
GLN01B0233_002 0.084 0.082 0.081 0.080 0.079
PRO01B0234_001 1.000 1.000 1.000 1.000 1.000
PHE01B0235_001 1.000 1.000 1.000 1.000 1.000
GLN01B0237_001 1.000 1.000 1.000 1.000 1.000
GLN01B0237_002 0.000 0.000 0.000 0.000 0.000
LEU01B0238_001 1.000 1.000 1.000 1.000 1.000
THR01B0239_001 0.991 0.991 0.992 0.992 0.993
THR01B0239_002 0.009 0.009 0.008 0.008 0.007
ASP01B0240_001 0.000 0.000 0.000 0.000 0.000
ASP01B0240_002 0.000 0.000 0.000 0.000 0.000
ASP02B0240_003 0.000 0.000 0.000 0.000 0.000
ASP02B0240_004 0.000 0.000 0.000 0.000 0.000
ASP-1B0240_005 1.000 1.000 1.000 1.000 1.000
GLU01B0241_001 0.000 0.000 0.000 0.000 0.000
GLU01B0241_002 0.000 0.000 0.000 0.000 0.000
GLU02B0241_003 0.000 0.000 0.000 0.000 0.000
GLU02B0241_004 0.000 0.000 0.000 0.000 0.000
GLU-1B0241_005 1.000 1.000 1.000 1.000 1.000
GLN01B0242_001 1.000 1.000 1.000 1.000 1.000
GLN01B0242_002 0.000 0.000 0.000 0.000 0.000
VAL01B0243_001 1.000 1.000 1.000 1.000 1.000
ILE01B0244_001 1.000 1.000 1.000 1.000 1.000
GLU01B0245_001 0.000 0.000 0.000 0.000 0.000
GLU01B0245_002 0.000 0.000 0.000 0.000 0.000
GLU02B0245_003 0.000 0.000 0.000 0.000 0.000
GLU02B0245_004 0.000 0.000 0.000 0.000 0.000
GLU-1B0245_005 1.000 1.000 1.000 1.000 1.000
ASN01B0246_001 1.000 1.000 1.000 1.000 1.000
ALA01B0247_001 1.000 1.000 1.000 1.000 1.000
GLU01B0249_001 0.000 0.000 0.000 0.000 0.000
GLU01B0249_002 0.000 0.000 0.000 0.000 0.000
GLU02B0249_003 0.002 0.002 0.003 0.000 0.002
GLU02B0249_004 0.008 0.008 0.010 0.000 0.007
GLU-1B0249_005 0.989 0.990 0.988 1.000 0.991
PHE01B0250_001 1.000 1.000 1.000 1.000 1.000
PHE01B0251_001 1.000 1.000 1.000 1.000 1.000
ARG01B0252_001 0.000 0.000 0.000 0.000 0.000
ARG02B0252_002 0.000 0.000 0.000 0.000 0.000
ARG03B0252_003 0.000 0.000 0.000 0.000 0.000
ARG+1B0252_004 1.000 1.000 1.000 1.000 1.000
ASP01B0253_001 0.000 0.000 0.000 0.000 0.000
ASP01B0253_002 0.000 0.002 0.001 0.001 0.000
ASP02B0253_003 0.000 0.000 0.000 0.000 0.000
ASP02B0253_004 0.001 0.000 0.001 0.001 0.000
ASP-1B0253_005 0.999 0.998 0.998 0.998 1.000
GLN01B0254_001 0.964 0.965 0.965 0.967 0.967
GLN01B0254_002 0.036 0.035 0.035 0.033 0.033
ARG01B0256_001 0.000 0.000 0.000 0.000 0.000
ARG02B0256_002 0.000 0.000 0.000 0.000 0.000
ARG02B0256_003 0.000 0.000 0.000 0.000 0.000
ARG03B0256_004 0.000 0.000 0.000 0.000 0.000
ARG+1B0256_005 1.000 1.000 1.000 1.000 1.000
GLN01B0257_001 1.000 1.000 1.000 1.000 1.000
VAL01B0258_001 1.000 1.000 1.000 1.000 1.000
TYR01B0259_001 0.426 0.419 0.424 0.418 0.421
TYR01B0259_002 0.574 0.580 0.576 0.581 0.578
TYR-1B0259_003 0.000 0.001 0.000 0.001 0.001
LEU01B0260_001 1.000 1.000 1.000 1.000 1.000
SER01B0261_001 1.000 1.000 1.000 1.000 1.000
ARG01B0262_001 0.000 0.000 0.000 0.000 0.000
ARG02B0262_002 0.000 0.000 0.000 0.000 0.000
ARG02B0262_003 0.000 0.000 0.000 0.000 0.000
ARG03B0262_004 0.000 0.000 0.000 0.000 0.000
ARG+1B0262_005 1.000 1.000 1.000 1.000 1.000
PRO01B0263_001 1.000 1.000 1.000 1.000 1.000
PRO01B0264_001 1.000 1.000 1.000 1.000 1.000
ALA01B0265_001 1.000 1.000 1.000 1.000 1.000
CYS01B0266_001 0.395 0.393 0.392 0.395 0.391
CYS01B0266_002 0.237 0.239 0.238 0.242 0.239
CYS01B0266_003 0.368 0.368 0.370 0.363 0.370
CYS-1B0266_004 0.000 0.000 0.000 0.000 0.000
PRO01B0267_001 1.000 1.000 1.000 1.000 1.000
GLN01B0268_001 0.910 0.911 0.910 0.909 0.910
GLN01B0268_002 0.090 0.089 0.090 0.091 0.090
LEU01B0270_001 1.000 1.000 1.000 1.000 1.000
TYR01B0271_001 0.986 0.987 0.989 0.986 0.986
TYR01B0271_002 0.014 0.013 0.011 0.014 0.014
TYR-1B0271_003 0.000 0.000 0.000 0.000 0.000
GLU01B0272_001 0.000 0.000 0.000 0.000 0.000
GLU01B0272_002 0.000 0.000 0.000 0.000 0.001
GLU02B0272_003 0.000 0.000 0.000 0.000 0.000
GLU02B0272_004 0.000 0.000 0.001 0.000 0.001
GLU-1B0272_005 1.000 1.000 0.999 1.000 0.999
LEU01B0273_001 1.000 1.000 1.000 1.000 1.000
MET01B0274_001 1.000 1.000 1.000 1.000 1.000
LEU01B0275_001 1.000 1.000 1.000 1.000 1.000
ARG01B0276_001 0.000 0.000 0.000 0.000 0.000
ARG02B0276_002 0.000 0.000 0.000 0.000 0.000
ARG03B0276_003 0.000 0.000 0.000 0.000 0.000
ARG+1B0276_004 1.000 1.000 1.000 1.000 1.000
CYS01B0277_001 0.283 0.274 0.274 0.281 0.273
CYS01B0277_002 0.467 0.477 0.470 0.465 0.478
CYS01B0277_003 0.251 0.249 0.256 0.254 0.250
CYS-1B0277_004 0.000 0.000 0.000 0.000 0.000
TRP01B0278_001 1.000 1.000 1.000 1.000 1.000
SER01B0279_001 0.131 0.133 0.138 0.129 0.133
SER01B0279_002 0.869 0.867 0.862 0.871 0.867
ARG01B0280_001 0.000 0.000 0.000 0.000 0.000
ARG02B0280_002 0.000 0.000 0.000 0.000 0.000
ARG02B0280_003 0.000 0.000 0.000 0.000 0.000
ARG03B0280_004 0.000 0.000 0.000 0.000 0.000
ARG+1B0280_005 1.000 1.000 1.000 1.000 1.000
GLU01B0281_001 0.000 0.000 0.000 0.000 0.000
GLU01B0281_002 0.001 0.000 0.000 0.001 0.001
GLU02B0281_003 0.000 0.000 0.000 0.000 0.000
GLU02B0281_004 0.000 0.000 0.000 0.000 0.000
GLU-1B0281_005 0.999 1.000 1.000 0.999 0.999
SER01B0282_001 1.000 1.000 1.000 1.000 1.000
GLU01B0283_001 0.000 0.000 0.000 0.000 0.000
GLU01B0283_002 0.000 0.000 0.000 0.000 0.000
GLU02B0283_003 0.000 0.000 0.000 0.000 0.000
GLU02B0283_004 0.000 0.000 0.000 0.000 0.000
GLU-1B0283_005 1.000 1.000 1.000 1.000 1.000
GLN01B0284_001 0.808 0.805 0.802 0.806 0.808
GLN01B0284_002 0.192 0.195 0.198 0.194 0.192
ARG01B0285_001 0.000 0.000 0.000 0.000 0.000
ARG02B0285_002 0.000 0.000 0.000 0.000 0.000
ARG02B0285_003 0.000 0.000 0.000 0.000 0.000
ARG03B0285_004 0.000 0.000 0.000 0.000 0.000
ARG03B0285_005 0.000 0.000 0.000 0.000 0.000
ARG+1B0285_006 1.000 1.000 1.000 1.000 1.000
PRO01B0286_001 1.000 1.000 1.000 1.000 1.000
PRO01B0287_001 1.000 1.000 1.000 1.000 1.000
PHE01B0288_001 1.000 1.000 1.000 1.000 1.000
SER01B0289_001 0.006 0.000 0.005 0.006 0.004
SER01B0289_002 0.994 1.000 0.995 0.994 0.996
GLN01B0290_001 0.985 0.985 0.984 0.986 0.985
GLN01B0290_002 0.015 0.015 0.016 0.014 0.015
LEU01B0291_001 1.000 1.000 1.000 1.000 1.000
HIS01B0292_001 0.000 0.000 0.000 0.000 0.000
HIS01B0292_002 0.017 0.000 0.015 0.015 0.016
HIS02B0292_003 0.000 0.001 0.000 0.000 0.000
HIS02B0292_004 0.983 0.999 0.983 0.985 0.984
HIS+1B0292_005 0.000 0.000 0.000 0.000 0.000
HIS+1B0292_006 0.000 0.000 0.002 0.000 0.000
ARG01B0293_001 0.000 0.000 0.000 0.000 0.000
ARG02B0293_002 0.000 0.000 0.000 0.000 0.000
ARG03B0293_003 0.000 0.000 0.000 0.000 0.000
ARG03B0293_004 1.000 1.000 1.000 1.000 1.000
ARG+1B0293_005 0.000 0.000 0.000 0.000 0.000
PHE01B0294_001 1.000 1.000 1.000 1.000 1.000
LEU01B0295_001 1.000 1.000 1.000 1.000 1.000
ALA01B0296_001 1.000 1.000 1.000 1.000 1.000
GLU01B0297_001 0.000 0.000 0.000 0.000 0.000
GLU01B0297_002 0.003 0.008 0.004 0.004 0.004
GLU02B0297_003 0.000 0.000 0.000 0.000 0.000
GLU02B0297_004 0.003 0.000 0.003 0.004 0.004
GLU-1B0297_005 0.993 0.992 0.992 0.991 0.993
ASP01B0298_001 0.000 0.000 0.000 0.000 0.000
ASP01B0298_002 0.000 0.000 0.000 0.000 0.000
ASP02B0298_003 0.000 0.000 0.000 0.000 0.000
ASP02B0298_004 0.000 0.000 0.000 0.000 0.000
ASP-1B0298_005 1.000 1.000 1.000 1.000 1.000
ALA01B0299_001 1.000 1.000 1.000 1.000 1.000
LEU01B0300_001 1.000 1.000 1.000 1.000 1.000
ASN01B0301_001 0.853 0.855 0.851 0.852 0.854
ASN01B0301_002 0.147 0.145 0.149 0.148 0.146
THR01B0302_001 0.633 0.635 0.635 0.634 0.629
THR01B0302_002 0.367 0.365 0.365 0.366 0.371
VAL01B0303_001 1.000 1.000 1.000 1.000 1.000
0LI11C0001_001 0.046 0.047 0.049 0.048 0.047
0LI11C0001_002 0.896 0.896 0.892 0.892 0.893
0LI12C0001_003 0.000 0.000 0.000 0.000 0.000
0LI12C0001_004 0.000 0.000 0.000 0.000 0.000
0LI01C0001_005 0.000 0.000 0.002 0.004 0.003
0LI01C0001_006 0.058 0.057 0.057 0.056 0.056
0LIDMC0001_007 0.000 0.000 0.000 0.000 0.000
0LI11C0004_001 0.000 0.000 0.000 0.000 0.000
0LI11C0004_002 0.009 0.000 0.000 0.007 0.008
0LI12C0004_003 0.000 0.000 0.000 0.000 0.000
0LI12C0004_004 0.895 0.909 0.908 0.903 0.898
0LI01C0004_005 0.000 0.000 0.000 0.000 0.000
0LI01C0004_006 0.096 0.091 0.092 0.090 0.094
0LIDMC0004_007 0.000 0.000 0.000 0.000 0.000
0LI11D0001_001 0.007 0.007 0.000 0.008 0.008
0LI11D0001_002 0.974 0.972 0.979 0.970 0.970
0LI12D0001_003 0.000 0.000 0.000 0.000 0.000
0LI12D0001_004 0.000 0.000 0.000 0.000 0.000
0LI01D0001_005 0.000 0.000 0.000 0.000 0.000
0LI01D0001_006 0.019 0.021 0.021 0.022 0.022
0LIDMD0001_007 0.000 0.000 0.000 0.000 0.000
