 ph              7.4   7.4   7.4   7.4   7.4
ASN01A0001_001 0.181 0.179 0.180 0.181 0.180
ASN01A0001_002 0.819 0.821 0.820 0.819 0.820
PRO01A0002_001 1.000 1.000 1.000 1.000 1.000
ASN01A0003_001 0.649 0.649 0.648 0.650 0.648
ASN01A0003_002 0.351 0.351 0.352 0.350 0.352
TYR01A0004_001 1.000 1.000 1.000 1.000 1.000
TYR-1A0004_002 0.000 0.000 0.000 0.000 0.000
CYS01A0005_001 0.361 0.361 0.359 0.360 0.361
CYS01A0005_002 0.210 0.211 0.211 0.210 0.209
CYS01A0005_003 0.346 0.346 0.345 0.346 0.346
CYS-1A0005_004 0.083 0.082 0.085 0.084 0.084
PHE01A0006_001 1.000 1.000 1.000 1.000 1.000
ALA01A0007_001 1.000 1.000 1.000 1.000 1.000
LYS01A0009_001 0.007 0.007 0.007 0.007 0.007
LYS+1A0009_002 0.993 0.993 0.993 0.993 0.993
THR01A0010_001 0.264 0.264 0.267 0.266 0.266
THR01A0010_002 0.736 0.736 0.733 0.734 0.734
SER01A0011_001 1.000 1.000 1.000 1.000 1.000
SER01A0012_001 1.000 1.000 1.000 1.000 1.000
ILE01A0013_001 1.000 1.000 1.000 1.000 1.000
SER01A0014_001 1.000 1.000 1.000 1.000 1.000
ASP01A0015_001 0.000 0.000 0.000 0.000 0.000
ASP01A0015_002 0.000 0.000 0.000 0.000 0.000
ASP02A0015_003 0.000 0.000 0.000 0.000 0.000
ASP02A0015_004 0.000 0.000 0.000 0.000 0.000
ASP-1A0015_005 1.000 1.000 1.000 1.000 1.000
LEU01A0016_001 1.000 1.000 1.000 1.000 1.000
LYS01A0017_001 0.074 0.075 0.075 0.076 0.074
LYS+1A0017_002 0.926 0.925 0.925 0.924 0.926
GLU01A0018_001 0.000 0.000 0.000 0.000 0.000
GLU01A0018_002 0.000 0.000 0.000 0.000 0.000
GLU02A0018_003 0.000 0.000 0.000 0.000 0.000
GLU02A0018_004 0.000 0.000 0.000 0.000 0.000
GLU-1A0018_005 1.000 1.000 1.000 1.000 1.000
VAL01A0019_001 1.000 1.000 1.000 1.000 1.000
PRO01A0020_001 1.000 1.000 1.000 1.000 1.000
ARG01A0021_001 0.000 0.000 0.000 0.000 0.000
ARG02A0021_002 0.000 0.000 0.000 0.000 0.000
ARG03A0021_003 0.000 0.000 0.000 0.000 0.000
ARG+1A0021_004 1.000 1.000 1.000 1.000 1.000
LYS01A0022_001 0.002 0.002 0.002 0.002 0.002
LYS+1A0022_002 0.998 0.998 0.998 0.998 0.998
ASN01A0023_001 0.000 0.000 0.000 0.000 0.000
ASN01A0023_002 1.000 1.000 1.000 1.000 1.000
ILE01A0024_001 1.000 1.000 1.000 1.000 1.000
THR01A0025_001 1.000 1.000 1.000 1.000 1.000
LEU01A0026_001 1.000 1.000 1.000 1.000 1.000
ILE01A0027_001 1.000 1.000 1.000 1.000 1.000
ARG01A0028_001 0.000 0.000 0.000 0.000 0.000
ARG02A0028_002 0.000 0.000 0.000 0.000 0.000
ARG02A0028_003 0.000 0.000 0.000 0.000 0.000
ARG03A0028_004 0.000 0.000 0.000 0.000 0.000
ARG+1A0028_005 1.000 1.000 1.000 1.000 1.000
LEU01A0030_001 1.000 1.000 1.000 1.000 1.000
HIS01A0032_001 0.017 0.017 0.017 0.016 0.017
HIS01A0032_002 0.168 0.166 0.167 0.168 0.168
HIS02A0032_003 0.038 0.037 0.038 0.038 0.038
HIS02A0032_004 0.321 0.319 0.319 0.320 0.322
HIS+1A0032_005 0.039 0.038 0.039 0.039 0.038
HIS+1A0032_006 0.418 0.422 0.420 0.418 0.418
ALA01A0034_001 1.000 1.000 1.000 1.000 1.000
PHE01A0035_001 1.000 1.000 1.000 1.000 1.000
GLU01A0037_001 0.000 0.000 0.000 0.000 0.000
GLU01A0037_002 0.000 0.000 0.000 0.000 0.000
GLU02A0037_003 0.000 0.000 0.000 0.000 0.000
GLU02A0037_004 0.000 0.000 0.000 0.000 0.000
GLU-1A0037_005 1.000 1.000 1.000 1.000 1.000
VAL01A0038_001 1.000 1.000 1.000 1.000 1.000
TYR01A0039_001 1.000 1.000 0.999 0.999 1.000
TYR01A0039_002 0.000 0.000 0.001 0.001 0.000
TYR-1A0039_003 0.000 0.000 0.000 0.000 0.000
GLU01A0040_001 0.000 0.000 0.000 0.000 0.000
GLU01A0040_002 0.000 0.000 0.000 0.000 0.000
GLU02A0040_003 0.000 0.000 0.000 0.000 0.000
GLU02A0040_004 0.000 0.000 0.000 0.000 0.000
GLU-1A0040_005 1.000 1.000 1.000 1.000 1.000
GLN01A0042_001 0.856 0.854 0.854 0.854 0.854
GLN01A0042_002 0.144 0.146 0.146 0.146 0.146
VAL01A0043_001 1.000 1.000 1.000 1.000 1.000
SER01A0044_001 0.480 0.481 0.480 0.480 0.480
SER01A0044_002 0.520 0.519 0.520 0.520 0.520
MET01A0046_001 1.000 1.000 1.000 1.000 1.000
PRO01A0047_001 1.000 1.000 1.000 1.000 1.000
ASN01A0048_001 1.000 1.000 1.000 1.000 1.000
ASP01A0049_001 0.000 0.000 0.000 0.000 0.000
ASP01A0049_002 0.000 0.000 0.000 0.000 0.000
ASP02A0049_003 0.000 0.000 0.000 0.000 0.000
ASP02A0049_004 0.000 0.000 0.000 0.000 0.000
ASP-1A0049_005 1.000 1.000 1.000 1.000 1.000
PRO01A0050_001 1.000 1.000 1.000 1.000 1.000
SER01A0051_001 1.000 1.000 1.000 1.000 1.000
PRO01A0052_001 1.000 1.000 1.000 1.000 1.000
LEU01A0053_001 1.000 1.000 1.000 1.000 1.000
GLN01A0054_001 0.760 0.759 0.760 0.760 0.760
GLN01A0054_002 0.240 0.241 0.240 0.240 0.240
VAL01A0055_001 1.000 1.000 1.000 1.000 1.000
ALA01A0056_001 1.000 1.000 1.000 1.000 1.000
VAL01A0057_001 1.000 1.000 1.000 1.000 1.000
LYS01A0058_001 0.000 0.000 0.000 0.000 0.000
LYS+1A0058_002 1.000 1.000 1.000 1.000 1.000
THR01A0059_001 1.000 1.000 1.000 1.000 1.000
LEU01A0060_001 1.000 1.000 1.000 1.000 1.000
PRO01A0061_001 1.000 1.000 1.000 1.000 1.000
GLU01A0062_001 0.000 0.000 0.000 0.000 0.000
GLU01A0062_002 0.000 0.000 0.000 0.000 0.000
GLU02A0062_003 0.000 0.000 0.000 0.000 0.000
GLU02A0062_004 0.000 0.000 0.002 0.000 0.000
GLU-1A0062_005 1.000 1.000 0.998 1.000 1.000
VAL01A0063_001 1.000 1.000 1.000 1.000 1.000
CYS01A0064_001 0.307 0.306 0.306 0.306 0.307
CYS01A0064_002 0.371 0.371 0.372 0.373 0.372
CYS01A0064_003 0.322 0.323 0.322 0.321 0.322
CYS-1A0064_004 0.000 0.000 0.000 0.000 0.000
SER01A0065_001 1.000 1.000 1.000 1.000 1.000
SER01A0065_002 0.000 0.000 0.000 0.000 0.000
GLU01A0066_001 0.000 0.000 0.000 0.000 0.000
GLU01A0066_002 0.000 0.000 0.000 0.000 0.000
GLU02A0066_003 0.000 0.000 0.000 0.000 0.000
GLU02A0066_004 0.003 0.002 0.003 0.000 0.000
GLU-1A0066_005 0.997 0.998 0.997 1.000 1.000
GLN01A0067_001 0.000 0.000 0.000 0.000 0.000
GLN01A0067_002 1.000 1.000 1.000 1.000 1.000
ASP01A0068_001 0.000 0.000 0.000 0.000 0.000
ASP01A0068_002 0.000 0.000 0.000 0.000 0.000
ASP02A0068_003 0.000 0.000 0.000 0.000 0.000
ASP02A0068_004 0.000 0.000 0.000 0.000 0.000
ASP-1A0068_005 1.000 1.000 1.000 1.000 1.000
GLU01A0069_001 0.000 0.000 0.000 0.000 0.000
GLU01A0069_002 0.000 0.000 0.000 0.000 0.000
GLU02A0069_003 0.000 0.000 0.000 0.000 0.000
GLU02A0069_004 0.000 0.000 0.000 0.000 0.000
GLU-1A0069_005 1.000 1.000 1.000 1.000 1.000
LEU01A0070_001 1.000 1.000 1.000 1.000 1.000
ASP01A0071_001 0.000 0.000 0.000 0.000 0.000
ASP01A0071_002 0.000 0.000 0.000 0.000 0.000
ASP02A0071_003 0.000 0.000 0.000 0.000 0.000
ASP02A0071_004 0.000 0.001 0.000 0.000 0.000
ASP-1A0071_005 1.000 0.999 1.000 1.000 1.000
PHE01A0072_001 1.000 1.000 1.000 1.000 1.000
LEU01A0073_001 1.000 1.000 1.000 1.000 1.000
MET01A0074_001 1.000 1.000 1.000 1.000 1.000
GLU01A0075_001 0.000 0.000 0.000 0.000 0.000
GLU01A0075_002 0.033 0.033 0.031 0.032 0.032
GLU02A0075_003 0.002 0.002 0.001 0.002 0.001
GLU02A0075_004 0.000 0.000 0.001 0.000 0.001
GLU-1A0075_005 0.965 0.965 0.967 0.966 0.966
ALA01A0076_001 1.000 1.000 1.000 1.000 1.000
LEU01A0077_001 1.000 1.000 1.000 1.000 1.000
ILE01A0078_001 1.000 1.000 1.000 1.000 1.000
ILE01A0079_001 1.000 1.000 1.000 1.000 1.000
SER01A0080_001 0.492 0.491 0.491 0.491 0.492
SER01A0080_002 0.508 0.509 0.509 0.509 0.508
LYS01A0081_001 0.000 0.000 0.000 0.000 0.000
LYS+1A0081_002 1.000 1.000 1.000 1.000 1.000
PHE01A0082_001 1.000 1.000 1.000 1.000 1.000
ASN01A0083_001 1.000 1.000 1.000 1.000 1.000
ASN01A0083_002 0.000 0.000 0.000 0.000 0.000
HIS01A0084_001 1.000 1.000 1.000 1.000 1.000
HIS01A0084_002 0.000 0.000 0.000 0.000 0.000
HIS02A0084_003 0.000 0.000 0.000 0.000 0.000
HIS02A0084_004 0.000 0.000 0.000 0.000 0.000
HIS+1A0084_005 0.000 0.000 0.000 0.000 0.000
HIS+1A0084_006 0.000 0.000 0.000 0.000 0.000
GLN01A0085_001 0.765 0.766 0.764 0.766 0.765
GLN01A0085_002 0.235 0.234 0.236 0.234 0.235
ASN01A0086_001 1.000 1.000 1.000 1.000 1.000
ASN01A0086_002 0.000 0.000 0.000 0.000 0.000
ILE01A0087_001 1.000 1.000 1.000 1.000 1.000
VAL01A0088_001 1.000 1.000 1.000 1.000 1.000
ARG01A0089_001 0.000 0.000 0.000 0.000 0.000
ARG02A0089_002 0.000 0.000 0.000 0.000 0.000
ARG02A0089_003 0.000 0.000 0.000 0.000 0.000
ARG03A0089_004 0.000 0.000 0.000 0.000 0.000
ARG+1A0089_005 1.000 1.000 1.000 1.000 1.000
CYS01A0090_001 0.144 0.145 0.145 0.144 0.144
CYS01A0090_002 0.406 0.406 0.405 0.407 0.406
CYS01A0090_003 0.449 0.449 0.451 0.450 0.449
CYS-1A0090_004 0.000 0.000 0.000 0.000 0.000
ILE01A0091_001 1.000 1.000 1.000 1.000 1.000
VAL01A0093_001 1.000 1.000 1.000 1.000 1.000
SER01A0094_001 0.000 0.000 0.000 0.000 0.000
SER01A0094_002 1.000 1.000 1.000 1.000 1.000
SER01A0094_003 0.000 0.000 0.000 0.000 0.000
LEU01A0095_001 1.000 1.000 1.000 1.000 1.000
GLN01A0096_001 0.102 0.102 0.102 0.103 0.102
GLN01A0096_002 0.898 0.898 0.898 0.897 0.898
SER01A0097_001 1.000 1.000 1.000 1.000 1.000
LEU01A0098_001 1.000 1.000 1.000 1.000 1.000
PRO01A0099_001 1.000 1.000 1.000 1.000 1.000
ARG01A0100_001 0.000 0.000 0.000 0.000 0.000
ARG02A0100_002 0.000 0.000 0.000 0.000 0.000
ARG03A0100_003 0.000 0.000 0.000 0.000 0.000
ARG03A0100_004 0.000 0.000 0.000 0.000 0.000
ARG+1A0100_005 1.000 1.000 1.000 1.000 1.000
PHE01A0101_001 1.000 1.000 1.000 1.000 1.000
ILE01A0102_001 1.000 1.000 1.000 1.000 1.000
LEU01A0103_001 1.000 1.000 1.000 1.000 1.000
MET01A0104_001 1.000 1.000 1.000 1.000 1.000
GLU01A0105_001 0.000 0.000 0.000 0.000 0.000
GLU01A0105_002 0.000 0.000 0.000 0.000 0.000
GLU02A0105_003 0.000 0.000 0.000 0.000 0.000
GLU02A0105_004 0.000 0.000 0.000 0.000 0.000
GLU-1A0105_005 1.000 1.000 1.000 1.000 1.000
LEU01A0106_001 1.000 1.000 1.000 1.000 1.000
MET01A0107_001 1.000 1.000 1.000 1.000 1.000
ALA01A0108_001 1.000 1.000 1.000 1.000 1.000
ASP01A0111_001 0.000 0.000 0.000 0.000 0.000
ASP01A0111_002 0.000 0.000 0.000 0.000 0.000
ASP02A0111_003 0.000 0.000 0.000 0.000 0.000
ASP02A0111_004 0.000 0.000 0.000 0.000 0.000
ASP-1A0111_005 1.000 1.000 1.000 1.000 1.000
LEU01A0112_001 1.000 1.000 1.000 1.000 1.000
LYS01A0113_001 0.279 0.280 0.281 0.281 0.281
LYS+1A0113_002 0.721 0.720 0.719 0.719 0.719
SER01A0114_001 0.033 0.033 0.033 0.033 0.033
SER01A0114_002 0.492 0.493 0.492 0.492 0.492
SER01A0114_003 0.475 0.474 0.475 0.476 0.475
PHE01A0115_001 1.000 1.000 1.000 1.000 1.000
LEU01A0116_001 1.000 1.000 1.000 1.000 1.000
ARG01A0117_001 0.000 0.000 0.000 0.000 0.000
ARG02A0117_002 0.000 0.000 0.000 0.000 0.000
ARG03A0117_003 0.000 0.000 0.000 0.000 0.000
ARG+1A0117_004 1.000 1.000 1.000 1.000 1.000
GLU01A0118_001 0.000 0.000 0.000 0.000 0.000
GLU01A0118_002 0.000 0.000 0.000 0.000 0.000
GLU02A0118_003 0.000 0.000 0.000 0.000 0.000
GLU02A0118_004 0.000 0.000 0.002 0.000 0.002
GLU-1A0118_005 1.000 1.000 0.998 1.000 0.998
THR01A0119_001 1.000 1.000 1.000 1.000 1.000
ARG01A0120_001 0.000 0.000 0.000 0.000 0.000
ARG02A0120_002 0.000 0.000 0.000 0.000 0.000
ARG02A0120_003 0.000 0.000 0.000 0.000 0.000
ARG03A0120_004 0.000 0.000 0.000 0.000 0.000
ARG+1A0120_005 1.000 1.000 1.000 1.000 1.000
PRO01A0121_001 1.000 1.000 1.000 1.000 1.000
ARG01A0122_001 0.000 0.000 0.000 0.000 0.000
ARG02A0122_002 0.000 0.000 0.000 0.000 0.000
ARG02A0122_003 0.000 0.000 0.000 0.000 0.000
ARG03A0122_004 0.000 0.000 0.000 0.000 0.000
ARG+1A0122_005 1.000 1.000 1.000 1.000 1.000
PRO01A0123_001 1.000 1.000 1.000 1.000 1.000
SER01A0124_001 1.000 1.000 1.000 1.000 1.000
GLN01A0125_001 0.050 0.051 0.050 0.050 0.050
GLN01A0125_002 0.950 0.949 0.950 0.950 0.950
PRO01A0126_001 1.000 1.000 1.000 1.000 1.000
SER01A0127_001 0.729 0.727 0.727 0.728 0.728
SER01A0127_002 0.271 0.273 0.273 0.272 0.272
SER01A0128_001 0.252 0.251 0.252 0.251 0.251
SER01A0128_002 0.748 0.749 0.748 0.749 0.749
LEU01A0129_001 1.000 1.000 1.000 1.000 1.000
ALA01A0130_001 1.000 1.000 1.000 1.000 1.000
MET01A0131_001 1.000 1.000 1.000 1.000 1.000
LEU01A0132_001 1.000 1.000 1.000 1.000 1.000
ASP01A0133_001 0.000 0.000 0.000 0.000 0.000
ASP01A0133_002 0.000 0.000 0.000 0.000 0.000
ASP02A0133_003 0.000 0.000 0.000 0.000 0.000
ASP02A0133_004 0.000 0.000 0.000 0.000 0.000
ASP-1A0133_005 1.000 1.000 1.000 1.000 1.000
LEU01A0134_001 1.000 1.000 1.000 1.000 1.000
LEU01A0135_001 1.000 1.000 1.000 1.000 1.000
HIS01A0136_001 0.063 0.062 0.063 0.063 0.063
HIS01A0136_002 0.022 0.023 0.022 0.022 0.022
HIS02A0136_003 0.163 0.163 0.163 0.163 0.163
HIS02A0136_004 0.137 0.137 0.137 0.138 0.136
HIS+1A0136_005 0.454 0.454 0.455 0.453 0.454
HIS+1A0136_006 0.160 0.161 0.161 0.161 0.162
VAL01A0137_001 1.000 1.000 1.000 1.000 1.000
ALA01A0138_001 1.000 1.000 1.000 1.000 1.000
ARG01A0139_001 0.000 0.000 0.000 0.000 0.000
ARG02A0139_002 0.000 0.000 0.000 0.000 0.000
ARG02A0139_003 0.000 0.000 0.000 0.000 0.000
ARG03A0139_004 0.000 0.000 0.000 0.000 0.000
ARG+1A0139_005 1.000 1.000 1.000 1.000 1.000
ASP01A0140_001 0.000 0.000 0.000 0.000 0.000
ASP01A0140_002 0.000 0.000 0.000 0.000 0.000
ASP02A0140_003 0.000 0.000 0.000 0.000 0.000
ASP02A0140_004 0.000 0.000 0.000 0.000 0.000
ASP-1A0140_005 1.000 1.000 1.000 1.000 1.000
ILE01A0141_001 1.000 1.000 1.000 1.000 1.000
ALA01A0142_001 1.000 1.000 1.000 1.000 1.000
CYS01A0143_001 0.101 0.100 0.100 0.101 0.101
CYS01A0143_002 0.407 0.409 0.409 0.408 0.409
CYS01A0143_003 0.492 0.491 0.491 0.491 0.491
CYS-1A0143_004 0.000 0.000 0.000 0.000 0.000
CYS01A0145_001 0.495 0.493 0.495 0.496 0.496
CYS01A0145_002 0.279 0.280 0.279 0.279 0.279
CYS01A0145_003 0.226 0.226 0.226 0.226 0.225
CYS-1A0145_004 0.000 0.000 0.000 0.000 0.000
GLN01A0146_001 0.186 0.185 0.186 0.186 0.185
GLN01A0146_002 0.814 0.815 0.814 0.814 0.815
TYR01A0147_001 1.000 1.000 1.000 1.000 1.000
TYR-1A0147_002 0.000 0.000 0.000 0.000 0.000
LEU01A0148_001 1.000 1.000 1.000 1.000 1.000
GLU01A0149_001 0.000 0.000 0.000 0.000 0.000
GLU01A0149_002 0.000 0.000 0.000 0.000 0.000
GLU02A0149_003 0.000 0.000 0.000 0.000 0.000
GLU02A0149_004 0.000 0.000 0.000 0.000 0.000
GLU-1A0149_005 1.000 1.000 1.000 1.000 1.000
GLU01A0150_001 0.000 0.000 0.000 0.000 0.000
GLU01A0150_002 0.000 0.000 0.000 0.000 0.000
GLU02A0150_003 0.000 0.000 0.000 0.000 0.000
GLU02A0150_004 0.003 0.003 0.003 0.003 0.003
GLU-1A0150_005 0.997 0.997 0.997 0.997 0.997
ASN01A0151_001 0.004 0.004 0.004 0.004 0.004
ASN01A0151_002 0.996 0.996 0.996 0.996 0.996
HIS01A0152_001 0.056 0.055 0.056 0.055 0.055
HIS01A0152_002 0.042 0.042 0.042 0.042 0.042
HIS02A0152_003 0.083 0.084 0.084 0.085 0.084
HIS02A0152_004 0.068 0.067 0.067 0.067 0.067
HIS+1A0152_005 0.460 0.461 0.461 0.462 0.462
HIS+1A0152_006 0.291 0.291 0.290 0.289 0.290
PHE01A0153_001 1.000 1.000 1.000 1.000 1.000
ILE01A0154_001 1.000 1.000 1.000 1.000 1.000
HIS01A0155_001 1.000 1.000 1.000 1.000 1.000
HIS02A0155_002 0.000 0.000 0.000 0.000 0.000
HIS+1A0155_003 0.000 0.000 0.000 0.000 0.000
ARG01A0156_001 0.000 0.000 0.000 0.000 0.000
ARG02A0156_002 0.000 0.000 0.000 0.000 0.000
ARG03A0156_003 0.000 0.000 0.000 0.000 0.000
ARG+1A0156_004 1.000 1.000 1.000 1.000 1.000
ASP01A0157_001 0.000 0.000 0.000 0.000 0.000
ASP01A0157_002 0.000 0.000 0.000 0.000 0.000
ASP02A0157_003 0.016 0.016 0.016 0.016 0.016
ASP02A0157_004 0.017 0.017 0.017 0.017 0.017
ASP-1A0157_005 0.966 0.967 0.966 0.967 0.967
ILE01A0158_001 1.000 1.000 1.000 1.000 1.000
ALA01A0159_001 1.000 1.000 1.000 1.000 1.000
ALA01A0160_001 1.000 1.000 1.000 1.000 1.000
ARG01A0161_001 0.000 0.000 0.000 0.000 0.000
ARG02A0161_002 0.000 0.000 0.000 0.000 0.000
ARG03A0161_003 0.000 0.000 0.000 0.000 0.000
ARG03A0161_004 0.000 0.000 0.000 0.000 0.000
ARG+1A0161_005 1.000 1.000 1.000 1.000 1.000
ASN01A0162_001 1.000 1.000 1.000 1.000 1.000
ASN01A0162_002 0.000 0.000 0.000 0.000 0.000
CYS01A0163_001 0.191 0.191 0.191 0.191 0.191
CYS01A0163_002 0.600 0.602 0.600 0.599 0.602
CYS01A0163_003 0.209 0.208 0.209 0.209 0.207
CYS-1A0163_004 0.000 0.000 0.000 0.000 0.000
LEU01A0164_001 1.000 1.000 1.000 1.000 1.000
LEU01A0165_001 1.000 1.000 1.000 1.000 1.000
THR01A0166_001 0.002 0.000 0.002 0.002 0.002
THR01A0166_002 0.998 1.000 0.998 0.998 0.998
CYS01A0167_001 0.035 0.035 0.035 0.035 0.035
CYS01A0167_002 0.143 0.143 0.143 0.142 0.143
CYS01A0167_003 0.712 0.712 0.713 0.714 0.713
CYS-1A0167_004 0.110 0.110 0.110 0.109 0.110
PRO01A0168_001 1.000 1.000 1.000 1.000 1.000
PRO01A0170_001 1.000 1.000 1.000 1.000 1.000
ARG01A0172_001 0.000 0.000 0.000 0.000 0.000
ARG02A0172_002 0.000 0.000 0.000 0.000 0.000
ARG02A0172_003 0.000 0.000 0.000 0.000 0.000
ARG03A0172_004 0.000 0.000 0.000 0.000 0.000
ARG03A0172_005 0.000 0.000 0.000 0.000 0.000
ARG+1A0172_006 1.000 1.000 1.000 1.000 1.000
VAL01A0173_001 1.000 1.000 1.000 1.000 1.000
ALA01A0174_001 1.000 1.000 1.000 1.000 1.000
LYS01A0175_001 0.000 0.000 0.000 0.000 0.000
LYS+1A0175_002 1.000 1.000 1.000 1.000 1.000
ILE01A0176_001 1.000 1.000 1.000 1.000 1.000
ASP01A0178_001 0.000 0.000 0.000 0.000 0.000
ASP01A0178_002 0.000 0.000 0.000 0.000 0.000
ASP02A0178_003 0.000 0.000 0.000 0.000 0.000
ASP02A0178_004 0.002 0.002 0.002 0.002 0.002
ASP-1A0178_005 0.998 0.998 0.998 0.998 0.998
PHE01A0179_001 1.000 1.000 1.000 1.000 1.000
MET01A0181_001 1.000 1.000 1.000 1.000 1.000
ALA01A0182_001 1.000 1.000 1.000 1.000 1.000
ARG01A0183_001 0.000 0.000 0.000 0.000 0.000
ARG02A0183_002 0.000 0.000 0.000 0.000 0.000
ARG03A0183_003 0.000 0.000 0.000 0.000 0.000
ARG03A0183_004 0.000 0.000 0.000 0.000 0.000
ARG+1A0183_005 1.000 1.000 1.000 1.000 1.000
ASP01A0184_001 0.000 0.000 0.000 0.000 0.000
ASP01A0184_002 0.000 0.000 0.000 0.000 0.000
ASP02A0184_003 0.000 0.000 0.000 0.000 0.000
ASP02A0184_004 0.000 0.000 0.000 0.000 0.000
ASP-1A0184_005 1.000 1.000 1.000 1.000 1.000
ILE01A0185_001 1.000 1.000 1.000 1.000 1.000
TYR01A0186_001 1.000 1.000 1.000 1.000 1.000
TYR-1A0186_002 0.000 0.000 0.000 0.000 0.000
ARG01A0187_001 0.000 0.000 0.000 0.000 0.000
ARG02A0187_002 0.000 0.000 0.000 0.000 0.000
ARG03A0187_003 0.000 0.000 0.000 0.000 0.000
ARG+1A0187_004 1.000 1.000 1.000 1.000 1.000
ALA01A0188_001 1.000 1.000 1.000 1.000 1.000
SER01A0189_001 1.000 1.000 1.000 1.000 1.000
TYR01A0190_001 0.904 0.905 0.905 0.904 0.904
TYR01A0190_002 0.096 0.095 0.095 0.095 0.096
TYR-1A0190_003 0.000 0.000 0.000 0.000 0.000
TYR01A0191_001 1.000 1.000 1.000 1.000 1.000
TYR01A0191_002 0.000 0.000 0.000 0.000 0.000
TYR-1A0191_003 0.000 0.000 0.000 0.000 0.000
ARG01A0192_001 0.000 0.000 0.000 0.000 0.000
ARG02A0192_002 0.000 0.000 0.000 0.000 0.000
ARG03A0192_003 0.000 0.000 0.000 0.000 0.000
ARG+1A0192_004 1.000 1.000 1.000 1.000 1.000
LYS01A0193_001 1.000 1.000 1.000 1.000 1.000
LYS+1A0193_002 0.000 0.000 0.000 0.000 0.000
CYS01A0196_001 0.302 0.301 0.301 0.301 0.302
CYS01A0196_002 0.300 0.301 0.301 0.301 0.301
CYS01A0196_003 0.316 0.315 0.314 0.316 0.315
CYS-1A0196_004 0.082 0.082 0.083 0.083 0.083
ALA01A0197_001 1.000 1.000 1.000 1.000 1.000
MET01A0198_001 1.000 1.000 1.000 1.000 1.000
LEU01A0199_001 1.000 1.000 1.000 1.000 1.000
PRO01A0200_001 1.000 1.000 1.000 1.000 1.000
VAL01A0201_001 1.000 1.000 1.000 1.000 1.000
LYS01A0202_001 0.000 0.001 0.000 0.000 0.001
LYS+1A0202_002 1.000 0.999 1.000 1.000 0.999
TRP01A0203_001 1.000 1.000 1.000 1.000 1.000
MET01A0204_001 1.000 1.000 1.000 1.000 1.000
PRO01A0205_001 1.000 1.000 1.000 1.000 1.000
PRO01A0206_001 1.000 1.000 1.000 1.000 1.000
GLU01A0207_001 0.000 0.000 0.000 0.000 0.000
GLU01A0207_002 0.000 0.000 0.000 0.000 0.000
GLU02A0207_003 0.000 0.000 0.000 0.000 0.000
GLU02A0207_004 0.000 0.000 0.000 0.000 0.000
GLU-1A0207_005 1.000 1.000 1.000 1.000 1.000
ALA01A0208_001 1.000 1.000 1.000 1.000 1.000
PHE01A0209_001 1.000 1.000 1.000 1.000 1.000
MET01A0210_001 1.000 1.000 1.000 1.000 1.000
GLU01A0211_001 0.000 0.000 0.000 0.000 0.000
GLU01A0211_002 0.000 0.000 0.000 0.000 0.000
GLU02A0211_003 0.000 0.000 0.000 0.000 0.000
GLU02A0211_004 0.000 0.000 0.001 0.001 0.000
GLU-1A0211_005 1.000 1.000 0.999 0.999 1.000
ILE01A0213_001 1.000 1.000 1.000 1.000 1.000
PHE01A0214_001 1.000 1.000 1.000 1.000 1.000
THR01A0215_001 1.000 1.000 1.000 1.000 1.000
THR01A0215_002 0.000 0.000 0.000 0.000 0.000
SER01A0216_001 1.000 1.000 1.000 1.000 1.000
LYS01A0217_001 0.000 0.000 0.000 0.000 0.000
LYS+1A0217_002 1.000 1.000 1.000 1.000 1.000
THR01A0218_001 0.882 0.883 0.882 0.883 0.883
THR01A0218_002 0.118 0.117 0.118 0.117 0.117
ASP01A0219_001 0.000 0.000 0.000 0.000 0.000
ASP01A0219_002 0.000 0.000 0.000 0.000 0.000
ASP02A0219_003 0.000 0.000 0.000 0.000 0.000
ASP02A0219_004 0.000 0.000 0.000 0.000 0.000
ASP-1A0219_005 1.000 1.000 1.000 1.000 1.000
THR01A0220_001 0.714 0.713 0.713 0.714 0.714
THR01A0220_002 0.286 0.287 0.287 0.286 0.286
TRP01A0221_001 1.000 1.000 1.000 1.000 1.000
SER01A0222_001 0.985 0.985 0.985 0.985 0.985
SER01A0222_002 0.015 0.015 0.015 0.015 0.015
PHE01A0223_001 1.000 1.000 1.000 1.000 1.000
VAL01A0225_001 1.000 1.000 1.000 1.000 1.000
LEU01A0226_001 1.000 1.000 1.000 1.000 1.000
LEU01A0227_001 1.000 1.000 1.000 1.000 1.000
TRP01A0228_001 1.000 1.000 1.000 1.000 1.000
GLU01A0229_001 0.000 0.000 0.000 0.000 0.000
GLU01A0229_002 0.000 0.000 0.000 0.000 0.000
GLU02A0229_003 0.000 0.000 0.000 0.000 0.000
GLU02A0229_004 0.000 0.000 0.000 0.000 0.000
GLU-1A0229_005 1.000 1.000 1.000 1.000 1.000
ILE01A0230_001 1.000 1.000 1.000 1.000 1.000
PHE01A0231_001 1.000 1.000 1.000 1.000 1.000
SER01A0232_001 0.672 0.673 0.673 0.673 0.674
SER01A0232_002 0.000 0.000 0.000 0.000 0.000
SER01A0232_003 0.328 0.327 0.327 0.327 0.326
LEU01A0233_001 1.000 1.000 1.000 1.000 1.000
TYR01A0235_001 0.901 0.901 0.901 0.901 0.900
TYR-1A0235_002 0.099 0.099 0.099 0.099 0.100
MET01A0236_001 1.000 1.000 1.000 1.000 1.000
PRO01A0237_001 1.000 1.000 1.000 1.000 1.000
TYR01A0238_001 1.000 1.000 1.000 1.000 1.000
TYR-1A0238_002 0.000 0.000 0.000 0.000 0.000
PRO01A0239_001 1.000 1.000 1.000 1.000 1.000
SER01A0240_001 0.987 0.987 0.987 0.987 0.987
SER01A0240_002 0.013 0.013 0.013 0.013 0.013
LYS01A0241_001 0.006 0.005 0.006 0.006 0.006
LYS+1A0241_002 0.994 0.995 0.994 0.994 0.994
SER01A0242_001 0.998 0.998 0.998 0.998 0.998
SER01A0242_002 0.002 0.002 0.002 0.002 0.002
ASN01A0243_001 1.000 1.000 1.000 1.000 1.000
ASN01A0243_002 0.000 0.000 0.000 0.000 0.000
GLN01A0244_001 0.986 0.986 0.986 0.986 0.986
GLN01A0244_002 0.014 0.014 0.014 0.014 0.014
GLU01A0245_001 0.000 0.000 0.000 0.000 0.000
GLU01A0245_002 0.000 0.000 0.000 0.000 0.000
GLU02A0245_003 0.000 0.000 0.000 0.000 0.000
GLU02A0245_004 0.000 0.000 0.000 0.000 0.000
GLU-1A0245_005 1.000 1.000 1.000 1.000 1.000
VAL01A0246_001 1.000 1.000 1.000 1.000 1.000
LEU01A0247_001 1.000 1.000 1.000 1.000 1.000
GLU01A0248_001 0.000 0.000 0.000 0.000 0.000
GLU01A0248_002 0.000 0.000 0.000 0.000 0.000
GLU02A0248_003 0.000 0.000 0.000 0.000 0.000
GLU02A0248_004 0.000 0.000 0.000 0.000 0.000
GLU-1A0248_005 1.000 1.000 1.000 1.000 1.000
PHE01A0249_001 1.000 1.000 1.000 1.000 1.000
VAL01A0250_001 1.000 1.000 1.000 1.000 1.000
THR01A0251_001 0.050 0.051 0.050 0.051 0.050
THR01A0251_002 0.950 0.949 0.950 0.949 0.950
SER01A0252_001 0.375 0.375 0.376 0.376 0.375
SER01A0252_002 0.625 0.625 0.624 0.624 0.625
ARG01A0255_001 0.000 0.000 0.000 0.000 0.000
ARG02A0255_002 0.000 0.000 0.000 0.000 0.000
ARG02A0255_003 0.000 0.000 0.000 0.000 0.000
ARG03A0255_004 0.000 0.000 0.000 0.000 0.000
ARG+1A0255_005 1.000 1.000 1.000 1.000 1.000
MET01A0256_001 1.000 1.000 1.000 1.000 1.000
ASP01A0257_001 0.000 0.000 0.000 0.000 0.000
ASP01A0257_002 0.000 0.000 0.000 0.000 0.000
ASP02A0257_003 0.000 0.000 0.000 0.000 0.000
ASP02A0257_004 0.000 0.000 0.000 0.000 0.000
ASP-1A0257_005 1.000 1.000 1.000 1.000 1.000
PRO01A0258_001 1.000 1.000 1.000 1.000 1.000
PRO01A0259_001 1.000 1.000 1.000 1.000 1.000
LYS01A0260_001 0.004 0.003 0.003 0.003 0.004
LYS+1A0260_002 0.996 0.997 0.997 0.997 0.996
ASN01A0261_001 0.961 0.962 0.961 0.962 0.961
ASN01A0261_002 0.039 0.038 0.039 0.038 0.039
CYS01A0262_001 0.339 0.338 0.337 0.339 0.337
CYS01A0262_002 0.416 0.415 0.418 0.415 0.417
CYS01A0262_003 0.245 0.246 0.245 0.246 0.246
CYS-1A0262_004 0.000 0.000 0.000 0.000 0.000
PRO01A0263_001 1.000 1.000 1.000 1.000 1.000
PRO01A0265_001 1.000 1.000 1.000 1.000 1.000
VAL01A0266_001 1.000 1.000 1.000 1.000 1.000
TYR01A0267_001 0.987 0.987 0.987 0.987 0.987
TYR01A0267_002 0.013 0.013 0.013 0.013 0.013
TYR-1A0267_003 0.000 0.000 0.000 0.000 0.000
ARG01A0268_001 0.000 0.000 0.000 0.000 0.000
ARG02A0268_002 0.000 0.000 0.000 0.000 0.000
ARG03A0268_003 0.000 0.000 0.000 0.000 0.000
ARG+1A0268_004 1.000 1.000 1.000 1.000 1.000
ILE01A0269_001 1.000 1.000 1.000 1.000 1.000
MET01A0270_001 1.000 1.000 1.000 1.000 1.000
THR01A0271_001 0.149 0.150 0.150 0.149 0.150
THR01A0271_002 0.851 0.850 0.850 0.851 0.850
GLN01A0272_001 0.449 0.448 0.446 0.447 0.447
GLN01A0272_002 0.551 0.552 0.554 0.553 0.553
CYS01A0273_001 0.310 0.311 0.311 0.310 0.311
CYS01A0273_002 0.369 0.369 0.369 0.369 0.369
CYS01A0273_003 0.320 0.320 0.320 0.321 0.320
CYS-1A0273_004 0.000 0.000 0.000 0.000 0.000
TRP01A0274_001 1.000 1.000 1.000 1.000 1.000
GLN01A0275_001 0.529 0.529 0.529 0.530 0.529
GLN01A0275_002 0.471 0.471 0.471 0.470 0.471
HIS01A0276_001 0.550 0.551 0.553 0.554 0.553
HIS01A0276_002 0.234 0.234 0.232 0.232 0.232
HIS02A0276_003 0.153 0.153 0.153 0.152 0.152
HIS02A0276_004 0.043 0.042 0.043 0.043 0.043
HIS+1A0276_005 0.014 0.014 0.014 0.014 0.014
HIS+1A0276_006 0.006 0.005 0.005 0.006 0.005
GLN01A0277_001 0.387 0.385 0.384 0.383 0.385
GLN01A0277_002 0.613 0.615 0.616 0.617 0.615
PRO01A0278_001 1.000 1.000 1.000 1.000 1.000
GLU01A0279_001 0.000 0.000 0.000 0.000 0.000
GLU01A0279_002 0.000 0.000 0.000 0.000 0.000
GLU02A0279_003 0.000 0.000 0.000 0.000 0.000
GLU02A0279_004 0.000 0.000 0.000 0.000 0.000
GLU-1A0279_005 1.000 1.000 1.000 1.000 1.000
ASP01A0280_001 0.000 0.000 0.000 0.000 0.000
ASP01A0280_002 0.000 0.000 0.000 0.000 0.000
ASP02A0280_003 0.000 0.000 0.000 0.000 0.000
ASP02A0280_004 0.000 0.000 0.000 0.000 0.000
ASP-1A0280_005 1.000 1.000 1.000 1.000 1.000
ARG01A0281_001 0.000 0.000 0.000 0.000 0.000
ARG02A0281_002 0.000 0.000 0.000 0.000 0.000
ARG02A0281_003 0.000 0.000 0.000 0.000 0.000
ARG03A0281_004 0.000 0.000 0.000 0.000 0.000
ARG03A0281_005 0.000 0.000 0.000 0.000 0.000
ARG+1A0281_006 1.000 1.000 1.000 1.000 1.000
PRO01A0282_001 1.000 1.000 1.000 1.000 1.000
ASN01A0283_001 1.000 1.000 1.000 1.000 1.000
PHE01A0284_001 1.000 1.000 1.000 1.000 1.000
ALA01A0285_001 1.000 1.000 1.000 1.000 1.000
ILE01A0286_001 1.000 1.000 1.000 1.000 1.000
ILE01A0287_001 1.000 1.000 1.000 1.000 1.000
LEU01A0288_001 1.000 1.000 1.000 1.000 1.000
GLU01A0289_001 0.000 0.000 0.000 0.000 0.000
GLU01A0289_002 0.000 0.000 0.000 0.000 0.000
GLU02A0289_003 0.000 0.000 0.000 0.000 0.000
GLU02A0289_004 0.000 0.000 0.000 0.000 0.000
GLU-1A0289_005 1.000 1.000 1.000 1.000 1.000
ARG01A0290_001 0.000 0.000 0.000 0.000 0.000
ARG02A0290_002 0.000 0.000 0.000 0.000 0.000
ARG02A0290_003 0.000 0.000 0.000 0.000 0.000
ARG03A0290_004 0.000 0.000 0.000 0.000 0.000
ARG+1A0290_005 1.000 1.000 1.000 1.000 1.000
ILE01A0291_001 1.000 1.000 1.000 1.000 1.000
GLU01A0292_001 0.000 0.000 0.000 0.000 0.000
GLU01A0292_002 0.004 0.004 0.004 0.004 0.004
GLU02A0292_003 0.000 0.000 0.000 0.000 0.000
GLU02A0292_004 0.000 0.000 0.000 0.000 0.000
GLU-1A0292_005 0.996 0.996 0.996 0.996 0.996
TYR01A0293_001 0.997 0.997 0.997 0.997 0.997
TYR-1A0293_002 0.003 0.003 0.003 0.003 0.003
CYS01A0294_001 0.084 0.083 0.083 0.084 0.083
CYS01A0294_002 0.752 0.750 0.752 0.750 0.751
CYS01A0294_003 0.164 0.167 0.165 0.165 0.166
CYS-1A0294_004 0.000 0.000 0.000 0.000 0.000
THR01A0295_001 0.646 0.644 0.645 0.644 0.646
THR01A0295_002 0.013 0.012 0.012 0.012 0.013
THR01A0295_003 0.341 0.344 0.343 0.344 0.342
GLN01A0296_001 0.399 0.398 0.398 0.399 0.399
GLN01A0296_002 0.601 0.602 0.602 0.601 0.601
ASP01A0297_001 0.000 0.000 0.000 0.000 0.000
ASP01A0297_002 0.000 0.000 0.000 0.000 0.000
ASP02A0297_003 0.000 0.000 0.000 0.000 0.000
ASP02A0297_004 0.000 0.000 0.000 0.000 0.000
ASP-1A0297_005 1.000 1.000 1.000 1.000 1.000
PRO01A0298_001 1.000 1.000 1.000 1.000 1.000
ASP01A0299_001 0.000 0.000 0.000 0.000 0.000
ASP01A0299_002 0.000 0.000 0.000 0.000 0.000
ASP02A0299_003 0.000 0.000 0.000 0.000 0.000
ASP02A0299_004 0.000 0.000 0.000 0.000 0.000
ASP-1A0299_005 1.000 1.000 1.000 1.000 1.000
VAL01A0300_001 1.000 1.000 1.000 1.000 1.000
ILE01A0301_001 1.000 1.000 1.000 1.000 1.000
ASN01A0302_001 0.844 0.845 0.845 0.844 0.844
ASN01A0302_002 0.156 0.155 0.155 0.156 0.156
THR01A0303_001 1.000 1.000 1.000 1.000 1.000
ALA01A0304_001 1.000 1.000 1.000 1.000 1.000
LEU01A0305_001 1.000 1.000 1.000 1.000 1.000
PRO01A0306_001 1.000 1.000 1.000 1.000 1.000
ILE01A0307_001 1.000 1.000 1.000 1.000 1.000
GLU01A0308_001 0.000 0.000 0.000 0.000 0.000
GLU01A0308_002 0.000 0.000 0.000 0.000 0.000
GLU02A0308_003 0.000 0.000 0.000 0.000 0.000
GLU02A0308_004 0.000 0.000 0.000 0.000 0.000
GLU-1A0308_005 1.000 1.000 1.000 1.000 1.000
TYR01A0309_001 0.986 0.986 0.986 0.986 0.986
TYR-1A0309_002 0.014 0.014 0.014 0.014 0.014
VGH+aB0001_001 0.002 0.000 0.002 0.002 0.002
VGH+aB0001_002 0.000 0.000 0.000 0.000 0.000
VGH+1B0001_003 0.996 0.998 0.996 0.996 0.996
VGH01B0001_004 0.002 0.002 0.003 0.002 0.002
VGH+2B0001_005 0.000 0.000 0.000 0.000 0.000
VGH+2B0001_006 0.000 0.000 0.000 0.000 0.000
VGHDMB0001_007 0.000 0.000 0.000 0.000 0.000
