 ph              7.4   7.4   7.4   7.4   7.4
GLU01A0002_001 0.000 0.000 0.000 0.000 0.000
GLU01A0002_002 0.000 0.000 0.000 0.000 0.000
GLU02A0002_003 0.000 0.000 0.000 0.000 0.000
GLU02A0002_004 0.000 0.000 0.001 0.000 0.000
GLU-1A0002_005 1.000 1.000 0.999 1.000 1.000
ALA01A0003_001 1.000 1.000 1.000 1.000 1.000
PRO01A0004_001 1.000 1.000 1.000 1.000 1.000
ASN01A0005_001 0.886 0.885 0.887 0.883 0.885
ASN01A0005_002 0.114 0.115 0.113 0.117 0.115
GLN01A0006_001 0.253 0.250 0.245 0.252 0.257
GLN01A0006_002 0.747 0.750 0.755 0.748 0.743
ALA01A0007_001 1.000 1.000 1.000 1.000 1.000
LEU01A0008_001 1.000 1.000 1.000 1.000 1.000
LEU01A0009_001 1.000 1.000 1.000 1.000 1.000
ARG01A0010_001 0.000 0.000 0.000 0.000 0.000
ARG02A0010_002 0.000 0.000 0.000 0.000 0.000
ARG03A0010_003 0.000 0.000 0.000 0.000 0.000
ARG+1A0010_004 1.000 1.000 1.000 1.000 1.000
ILE01A0011_001 1.000 1.000 1.000 1.000 1.000
LEU01A0012_001 1.000 1.000 1.000 1.000 1.000
LYS01A0013_001 0.002 0.001 0.000 0.003 0.002
LYS+1A0013_002 0.998 0.999 1.000 0.997 0.998
GLU01A0014_001 0.000 0.000 0.000 0.000 0.000
GLU01A0014_002 0.001 0.001 0.000 0.000 0.000
GLU02A0014_003 0.000 0.000 0.000 0.000 0.000
GLU02A0014_004 0.000 0.000 0.000 0.000 0.000
GLU-1A0014_005 0.999 0.999 1.000 1.000 1.000
THR01A0015_001 0.048 0.047 0.046 0.047 0.047
THR01A0015_002 0.952 0.953 0.954 0.953 0.953
GLU01A0016_001 0.000 0.000 0.000 0.000 0.000
GLU01A0016_002 0.006 0.005 0.006 0.005 0.005
GLU02A0016_003 0.000 0.000 0.000 0.000 0.000
GLU02A0016_004 0.008 0.008 0.008 0.010 0.009
GLU-1A0016_005 0.986 0.987 0.986 0.985 0.986
PHE01A0017_001 1.000 1.000 1.000 1.000 1.000
LYS01A0018_001 0.000 0.000 0.000 0.000 0.001
LYS+1A0018_002 1.000 1.000 1.000 1.000 0.999
LYS01A0019_001 0.038 0.038 0.037 0.034 0.033
LYS+1A0019_002 0.962 0.962 0.963 0.966 0.967
ILE01A0020_001 1.000 1.000 1.000 1.000 1.000
LYS01A0021_001 0.000 0.001 0.001 0.001 0.001
LYS+1A0021_002 1.000 0.999 0.999 0.999 0.999
VAL01A0022_001 1.000 1.000 1.000 1.000 1.000
LEU01A0023_001 1.000 1.000 1.000 1.000 1.000
SER01A0025_001 1.000 1.000 1.000 1.000 1.000
ALA01A0027_001 1.000 1.000 1.000 1.000 1.000
PHE01A0028_001 1.000 1.000 1.000 1.000 1.000
THR01A0030_001 0.095 0.097 0.093 0.094 0.092
THR01A0030_002 0.905 0.903 0.907 0.906 0.908
VAL01A0031_001 1.000 1.000 1.000 1.000 1.000
TYR01A0032_001 0.552 0.551 0.556 0.554 0.550
TYR01A0032_002 0.448 0.449 0.444 0.446 0.450
TYR-1A0032_003 0.000 0.000 0.000 0.000 0.001
LYS01A0033_001 0.000 0.000 0.002 0.002 0.002
LYS+1A0033_002 1.000 1.000 0.998 0.998 0.998
LEU01A0035_001 1.000 1.000 1.000 1.000 1.000
TRP01A0036_001 1.000 1.000 1.000 1.000 1.000
ILE01A0037_001 1.000 1.000 1.000 1.000 1.000
PRO01A0038_001 1.000 1.000 1.000 1.000 1.000
GLU01A0039_001 0.000 0.000 0.000 0.000 0.000
GLU01A0039_002 0.000 0.000 0.000 0.000 0.000
GLU02A0039_003 0.000 0.000 0.000 0.000 0.000
GLU02A0039_004 0.001 0.000 0.000 0.000 0.000
GLU-1A0039_005 0.999 1.000 1.000 0.999 1.000
GLU01A0041_001 0.000 0.000 0.000 0.000 0.000
GLU01A0041_002 0.007 0.008 0.007 0.005 0.006
GLU02A0041_003 0.000 0.000 0.000 0.001 0.000
GLU02A0041_004 0.007 0.006 0.007 0.005 0.007
GLU-1A0041_005 0.986 0.986 0.986 0.990 0.987
LYS01A0042_001 0.000 0.000 0.000 0.000 0.000
LYS+1A0042_002 1.000 1.000 1.000 1.000 1.000
VAL01A0043_001 1.000 1.000 1.000 1.000 1.000
LYS01A0044_001 0.002 0.003 0.003 0.003 0.003
LYS+1A0044_002 0.998 0.997 0.997 0.997 0.997
ILE01A0045_001 1.000 1.000 1.000 1.000 1.000
PRO01A0046_001 1.000 1.000 1.000 1.000 1.000
VAL01A0047_001 1.000 1.000 1.000 1.000 1.000
ALA01A0048_001 1.000 1.000 1.000 1.000 1.000
ILE01A0049_001 1.000 1.000 1.000 1.000 1.000
LYS01A0050_001 0.017 0.022 0.021 0.021 0.022
LYS+1A0050_002 0.983 0.978 0.979 0.979 0.978
GLU01A0051_001 0.000 0.000 0.000 0.000 0.000
GLU01A0051_002 0.000 0.001 0.000 0.000 0.001
GLU02A0051_003 0.000 0.000 0.000 0.000 0.000
GLU02A0051_004 0.006 0.003 0.000 0.000 0.003
GLU-1A0051_005 0.994 0.997 1.000 1.000 0.995
LEU01A0052_001 1.000 1.000 1.000 1.000 1.000
ARG01A0053_001 0.000 0.000 0.000 0.000 0.000
ARG02A0053_002 0.000 0.000 0.000 0.000 0.000
ARG03A0053_003 0.000 0.000 0.000 0.000 0.000
ARG+1A0053_004 1.000 1.000 1.000 1.000 1.000
GLU01A0054_001 0.000 0.000 0.000 0.000 0.000
GLU01A0054_002 0.000 0.000 0.000 0.000 0.000
GLU02A0054_003 0.000 0.000 0.000 0.000 0.000
GLU02A0054_004 0.000 0.000 0.001 0.000 0.000
GLU-1A0054_005 1.000 1.000 0.999 1.000 1.000
ALA01A0055_001 1.000 1.000 1.000 1.000 1.000
THR01A0056_001 1.000 1.000 1.000 1.000 1.000
SER01A0057_001 1.000 1.000 1.000 1.000 1.000
PRO01A0058_001 1.000 1.000 1.000 1.000 1.000
LYS01A0059_001 0.000 0.000 0.000 0.000 0.000
LYS+1A0059_002 1.000 1.000 1.000 1.000 1.000
ALA01A0060_001 1.000 1.000 1.000 1.000 1.000
ASN01A0061_001 0.310 0.316 0.314 0.312 0.311
ASN01A0061_002 0.690 0.684 0.686 0.688 0.689
LYS01A0062_001 0.000 0.000 0.000 0.000 0.000
LYS+1A0062_002 1.000 1.000 1.000 1.000 1.000
GLU01A0063_001 0.000 0.000 0.000 0.000 0.000
GLU01A0063_002 0.000 0.000 0.000 0.000 0.000
GLU02A0063_003 0.000 0.000 0.000 0.000 0.000
GLU02A0063_004 0.000 0.000 0.000 0.000 0.000
GLU-1A0063_005 1.000 1.000 1.000 1.000 1.000
ILE01A0064_001 1.000 1.000 1.000 1.000 1.000
LEU01A0065_001 1.000 1.000 1.000 1.000 1.000
ASP01A0066_001 0.000 0.000 0.000 0.000 0.000
ASP01A0066_002 0.004 0.002 0.002 0.003 0.003
ASP02A0066_003 0.000 0.000 0.001 0.000 0.000
ASP02A0066_004 0.003 0.002 0.002 0.002 0.002
ASP-1A0066_005 0.992 0.995 0.995 0.995 0.995
GLU01A0067_001 0.003 0.004 0.003 0.003 0.004
GLU01A0067_002 0.024 0.031 0.030 0.027 0.029
GLU02A0067_003 0.000 0.000 0.000 0.000 0.000
GLU02A0067_004 0.013 0.017 0.015 0.015 0.018
GLU-1A0067_005 0.960 0.949 0.951 0.955 0.949
ALA01A0068_001 1.000 1.000 1.000 1.000 1.000
TYR01A0069_001 0.454 0.456 0.458 0.453 0.459
TYR01A0069_002 0.543 0.544 0.540 0.545 0.541
TYR-1A0069_003 0.003 0.000 0.003 0.002 0.000
VAL01A0070_001 1.000 1.000 1.000 1.000 1.000
MET01A0071_001 1.000 1.000 1.000 1.000 1.000
ALA01A0072_001 1.000 1.000 1.000 1.000 1.000
SER01A0073_001 0.024 0.026 0.027 0.025 0.025
SER01A0073_002 0.976 0.974 0.973 0.975 0.975
VAL01A0074_001 1.000 1.000 1.000 1.000 1.000
ASP01A0075_001 0.000 0.000 0.000 0.000 0.000
ASP01A0075_002 0.000 0.000 0.000 0.000 0.000
ASP02A0075_003 0.000 0.000 0.000 0.000 0.000
ASP02A0075_004 0.000 0.000 0.000 0.000 0.000
ASP-1A0075_005 1.000 1.000 1.000 1.000 1.000
ASN01A0076_001 0.000 0.000 0.000 0.000 0.000
ASN01A0076_002 1.000 1.000 1.000 1.000 1.000
PRO01A0077_001 1.000 1.000 1.000 1.000 1.000
HIS01A0078_001 0.656 0.655 0.653 0.653 0.656
HIS01A0078_002 0.000 0.000 0.000 0.000 0.000
HIS02A0078_003 0.344 0.345 0.347 0.347 0.344
HIS02A0078_004 0.000 0.000 0.000 0.000 0.000
HIS+1A0078_005 0.000 0.000 0.000 0.000 0.000
HIS+1A0078_006 0.000 0.000 0.000 0.000 0.000
VAL01A0079_001 1.000 1.000 1.000 1.000 1.000
CYS01A0080_001 0.000 0.000 0.000 0.000 0.000
CYS01A0080_002 0.136 0.129 0.135 0.132 0.136
CYS01A0080_003 0.864 0.871 0.865 0.868 0.864
CYS-1A0080_004 0.000 0.000 0.000 0.000 0.000
ARG01A0081_001 0.000 0.000 0.000 0.000 0.000
ARG02A0081_002 0.000 0.000 0.000 0.000 0.000
ARG03A0081_003 0.000 0.000 0.000 0.000 0.000
ARG03A0081_004 0.000 0.000 0.000 0.000 0.000
ARG+1A0081_005 1.000 1.000 1.000 1.000 1.000
LEU01A0082_001 1.000 1.000 1.000 1.000 1.000
LEU01A0083_001 1.000 1.000 1.000 1.000 1.000
ILE01A0085_001 1.000 1.000 1.000 1.000 1.000
CYS01A0086_001 0.096 0.097 0.098 0.098 0.098
CYS01A0086_002 0.683 0.686 0.681 0.678 0.686
CYS01A0086_003 0.221 0.216 0.222 0.224 0.216
CYS-1A0086_004 0.000 0.000 0.000 0.000 0.000
LEU01A0087_001 1.000 1.000 1.000 1.000 1.000
THR01A0088_001 0.063 0.063 0.062 0.062 0.064
THR01A0088_002 0.937 0.937 0.938 0.938 0.936
SER01A0089_001 1.000 1.000 1.000 1.000 1.000
THR01A0090_001 0.024 0.023 0.021 0.023 0.023
THR01A0090_002 0.655 0.657 0.648 0.655 0.652
THR01A0090_003 0.321 0.320 0.331 0.322 0.325
VAL01A0091_001 1.000 1.000 1.000 1.000 1.000
GLN01A0092_001 0.967 0.970 0.968 0.967 0.965
GLN01A0092_002 0.033 0.030 0.032 0.033 0.035
LEU01A0093_001 1.000 1.000 1.000 1.000 1.000
ILE01A0094_001 1.000 1.000 1.000 1.000 1.000
MET01A0095_001 1.000 1.000 1.000 1.000 1.000
GLN01A0096_001 0.943 0.944 0.942 0.941 0.942
GLN01A0096_002 0.057 0.056 0.058 0.059 0.058
LEU01A0097_001 1.000 1.000 1.000 1.000 1.000
MET01A0098_001 1.000 1.000 1.000 1.000 1.000
PRO01A0099_001 1.000 1.000 1.000 1.000 1.000
PHE01A0100_001 1.000 1.000 1.000 1.000 1.000
CYS01A0102_001 0.788 0.777 0.780 0.780 0.771
CYS01A0102_002 0.039 0.042 0.040 0.038 0.038
CYS01A0102_003 0.173 0.182 0.180 0.183 0.191
CYS-1A0102_004 0.000 0.000 0.000 0.000 0.000
LEU01A0103_001 1.000 1.000 1.000 1.000 1.000
LEU01A0104_001 1.000 1.000 1.000 1.000 1.000
ASP01A0105_001 0.000 0.000 0.000 0.000 0.000
ASP01A0105_002 0.000 0.000 0.000 0.000 0.000
ASP02A0105_003 0.000 0.000 0.000 0.000 0.000
ASP02A0105_004 0.000 0.000 0.000 0.000 0.000
ASP-1A0105_005 1.000 1.000 1.000 1.000 1.000
TYR01A0106_001 0.620 0.621 0.627 0.621 0.625
TYR01A0106_002 0.380 0.379 0.373 0.379 0.375
TYR-1A0106_003 0.000 0.000 0.000 0.000 0.000
VAL01A0107_001 1.000 1.000 1.000 1.000 1.000
ARG01A0108_001 0.000 0.000 0.000 0.000 0.000
ARG02A0108_002 0.000 0.000 0.000 0.000 0.000
ARG03A0108_003 0.000 0.000 0.000 0.000 0.000
ARG+1A0108_004 1.000 1.000 1.000 1.000 1.000
GLU01A0109_001 0.000 0.000 0.000 0.000 0.000
GLU01A0109_002 0.000 0.000 0.000 0.000 0.000
GLU02A0109_003 0.000 0.000 0.000 0.000 0.000
GLU02A0109_004 0.000 0.000 0.001 0.000 0.000
GLU-1A0109_005 1.000 0.999 0.999 1.000 1.000
HIS01A0110_001 0.071 0.067 0.070 0.066 0.067
HIS01A0110_002 0.302 0.304 0.301 0.312 0.310
HIS02A0110_003 0.309 0.304 0.316 0.308 0.303
HIS02A0110_004 0.148 0.152 0.146 0.149 0.148
HIS+1A0110_005 0.035 0.033 0.033 0.031 0.034
HIS+1A0110_006 0.135 0.140 0.135 0.133 0.138
LYS01A0111_001 0.000 0.000 0.000 0.001 0.000
LYS+1A0111_002 1.000 1.000 1.000 0.999 1.000
ASP01A0112_001 0.000 0.000 0.000 0.000 0.000
ASP01A0112_002 0.000 0.000 0.000 0.000 0.000
ASP02A0112_003 0.000 0.000 0.000 0.000 0.000
ASP02A0112_004 0.001 0.000 0.000 0.000 0.000
ASP-1A0112_005 0.999 1.000 1.000 1.000 1.000
ASN01A0113_001 0.885 0.888 0.887 0.886 0.890
ASN01A0113_002 0.115 0.112 0.113 0.114 0.110
ILE01A0114_001 1.000 1.000 1.000 1.000 1.000
SER01A0116_001 0.196 0.193 0.196 0.193 0.196
SER01A0116_002 0.163 0.158 0.163 0.157 0.162
SER01A0116_003 0.642 0.649 0.641 0.649 0.643
GLN01A0117_001 0.767 0.770 0.777 0.772 0.773
GLN01A0117_002 0.233 0.230 0.223 0.228 0.227
TYR01A0118_001 0.678 0.674 0.674 0.666 0.664
TYR01A0118_002 0.303 0.306 0.306 0.314 0.314
TYR-1A0118_003 0.019 0.020 0.020 0.020 0.022
LEU01A0119_001 1.000 1.000 1.000 1.000 1.000
LEU01A0120_001 1.000 1.000 1.000 1.000 1.000
ASN01A0121_001 0.040 0.042 0.043 0.041 0.040
ASN01A0121_002 0.960 0.958 0.957 0.959 0.960
TRP01A0122_001 1.000 1.000 1.000 1.000 1.000
CYS01A0123_001 0.105 0.099 0.102 0.100 0.104
CYS01A0123_002 0.723 0.732 0.730 0.735 0.725
CYS01A0123_003 0.172 0.170 0.168 0.166 0.171
CYS-1A0123_004 0.000 0.000 0.000 0.000 0.000
VAL01A0124_001 1.000 1.000 1.000 1.000 1.000
GLN01A0125_001 1.000 1.000 1.000 1.000 1.000
GLN01A0125_002 0.000 0.000 0.000 0.000 0.000
ILE01A0126_001 1.000 1.000 1.000 1.000 1.000
ALA01A0127_001 1.000 1.000 1.000 1.000 1.000
LYS01A0128_001 0.017 0.015 0.016 0.016 0.016
LYS+1A0128_002 0.983 0.985 0.984 0.984 0.984
MET01A0130_001 1.000 1.000 1.000 1.000 1.000
ASN01A0131_001 0.967 0.967 0.968 0.967 0.971
ASN01A0131_002 0.033 0.033 0.032 0.033 0.029
TYR01A0132_001 0.975 0.972 0.975 0.971 0.975
TYR01A0132_002 0.025 0.028 0.025 0.029 0.025
TYR-1A0132_003 0.000 0.000 0.000 0.000 0.000
LEU01A0133_001 1.000 1.000 1.000 1.000 1.000
GLU01A0134_001 0.000 0.000 0.000 0.000 0.000
GLU01A0134_002 0.002 0.002 0.001 0.002 0.000
GLU02A0134_003 0.012 0.008 0.007 0.008 0.015
GLU02A0134_004 0.000 0.002 0.003 0.003 0.000
GLU-1A0134_005 0.986 0.988 0.988 0.987 0.985
ASP01A0135_001 0.000 0.000 0.000 0.000 0.000
ASP01A0135_002 0.001 0.000 0.000 0.001 0.002
ASP02A0135_003 0.000 0.000 0.000 0.000 0.000
ASP02A0135_004 0.001 0.000 0.000 0.001 0.000
ASP-1A0135_005 0.997 1.000 1.000 0.998 0.998
ARG01A0136_001 0.000 0.000 0.000 0.000 0.000
ARG02A0136_002 0.000 0.000 0.000 0.000 0.000
ARG03A0136_003 0.000 0.000 0.000 0.000 0.000
ARG+1A0136_004 1.000 1.000 1.000 1.000 1.000
ARG01A0137_001 0.000 0.000 0.000 0.000 0.000
ARG02A0137_002 0.000 0.000 0.000 0.000 0.000
ARG03A0137_003 0.000 0.000 0.000 0.000 0.000
ARG+1A0137_004 1.000 1.000 1.000 1.000 1.000
LEU01A0138_001 1.000 1.000 1.000 1.000 1.000
VAL01A0139_001 1.000 1.000 1.000 1.000 1.000
HIS01A0140_001 1.000 1.000 1.000 1.000 1.000
HIS02A0140_002 0.000 0.000 0.000 0.000 0.000
HIS+1A0140_003 0.000 0.000 0.000 0.000 0.000
ARG01A0141_001 0.000 0.000 0.000 0.000 0.000
ARG02A0141_002 0.000 0.000 0.000 0.000 0.000
ARG02A0141_003 0.000 0.000 0.000 0.000 0.000
ARG03A0141_004 0.000 0.000 0.000 0.000 0.000
ARG+1A0141_005 1.000 1.000 1.000 1.000 1.000
ASP01A0142_001 0.008 0.007 0.006 0.006 0.007
ASP01A0142_002 0.120 0.116 0.118 0.118 0.119
ASP02A0142_003 0.153 0.159 0.152 0.161 0.153
ASP02A0142_004 0.554 0.570 0.561 0.574 0.549
ASP-1A0142_005 0.166 0.148 0.163 0.142 0.172
LEU01A0143_001 1.000 1.000 1.000 1.000 1.000
ALA01A0144_001 1.000 1.000 1.000 1.000 1.000
ALA01A0145_001 1.000 1.000 1.000 1.000 1.000
ARG01A0146_001 0.000 0.000 0.000 0.000 0.000
ARG02A0146_002 0.000 0.000 0.000 0.000 0.000
ARG02A0146_003 0.000 0.000 0.000 0.000 0.000
ARG03A0146_004 0.000 0.000 0.000 0.000 0.000
ARG+1A0146_005 1.000 1.000 1.000 1.000 1.000
ASN01A0147_001 0.024 0.027 0.026 0.027 0.025
ASN01A0147_002 0.976 0.973 0.974 0.973 0.975
VAL01A0148_001 1.000 1.000 1.000 1.000 1.000
LEU01A0149_001 1.000 1.000 1.000 1.000 1.000
VAL01A0150_001 1.000 1.000 1.000 1.000 1.000
LYS01A0151_001 0.154 0.149 0.156 0.150 0.155
LYS+1A0151_002 0.846 0.851 0.844 0.850 0.845
THR01A0152_001 1.000 1.000 1.000 1.000 1.000
PRO01A0153_001 1.000 1.000 1.000 1.000 1.000
GLN01A0154_001 1.000 1.000 1.000 1.000 1.000
HIS01A0155_001 0.901 0.901 0.902 0.905 0.906
HIS02A0155_002 0.094 0.095 0.093 0.091 0.094
HIS+1A0155_003 0.005 0.004 0.005 0.004 0.000
VAL01A0156_001 1.000 1.000 1.000 1.000 1.000
LYS01A0157_001 0.122 0.125 0.120 0.118 0.116
LYS+1A0157_002 0.878 0.875 0.880 0.882 0.884
ILE01A0158_001 1.000 1.000 1.000 1.000 1.000
THR01A0159_001 0.267 0.267 0.266 0.260 0.262
THR01A0159_002 0.733 0.733 0.734 0.740 0.738
ASP01A0160_001 0.000 0.000 0.000 0.000 0.000
ASP01A0160_002 0.000 0.000 0.000 0.000 0.000
ASP02A0160_003 0.000 0.000 0.000 0.000 0.000
ASP02A0160_004 0.015 0.000 0.015 0.000 0.016
ASP-1A0160_005 0.985 1.000 0.985 1.000 0.984
PHE01A0161_001 1.000 1.000 1.000 1.000 1.000
LEU01A0163_001 1.000 1.000 1.000 1.000 1.000
ALA01A0164_001 1.000 1.000 1.000 1.000 1.000
LYS01A0165_001 0.000 0.000 0.000 0.000 0.000
LYS+1A0165_002 1.000 1.000 1.000 1.000 1.000
LEU01A0166_001 1.000 1.000 1.000 1.000 1.000
LEU01A0167_001 1.000 1.000 1.000 1.000 1.000
ALA01A0169_001 1.000 1.000 1.000 1.000 1.000
GLU01A0170_001 0.000 0.000 0.000 0.000 0.000
GLU01A0170_002 0.000 0.000 0.000 0.000 0.000
GLU02A0170_003 0.000 0.000 0.000 0.000 0.000
GLU02A0170_004 0.000 0.000 0.000 0.000 0.000
GLU-1A0170_005 1.000 1.000 1.000 1.000 1.000
GLU01A0171_001 0.000 0.000 0.000 0.000 0.000
GLU01A0171_002 0.000 0.000 0.000 0.000 0.000
GLU02A0171_003 0.000 0.000 0.000 0.000 0.000
GLU02A0171_004 0.000 0.000 0.000 0.000 0.000
GLU-1A0171_005 1.000 1.000 1.000 1.000 1.000
LYS01A0172_001 0.000 0.000 0.000 0.000 0.000
LYS+1A0172_002 1.000 1.000 1.000 1.000 1.000
GLU01A0173_001 0.000 0.000 0.000 0.000 0.000
GLU01A0173_002 0.000 0.000 0.000 0.000 0.000
GLU02A0173_003 0.000 0.000 0.000 0.000 0.000
GLU02A0173_004 0.000 0.000 0.002 0.002 0.000
GLU-1A0173_005 1.000 1.000 0.998 0.998 1.000
TYR01A0174_001 1.000 1.000 1.000 1.000 1.000
TYR-1A0174_002 0.000 0.000 0.000 0.000 0.000
HIS01A0175_001 0.004 0.000 0.004 0.004 0.003
HIS02A0175_002 0.109 0.123 0.106 0.107 0.111
HIS+1A0175_003 0.887 0.877 0.890 0.889 0.886
ALA01A0176_001 1.000 1.000 1.000 1.000 1.000
GLU01A0177_001 0.000 0.000 0.000 0.000 0.000
GLU01A0177_002 0.000 0.000 0.000 0.000 0.000
GLU02A0177_003 0.000 0.000 0.000 0.000 0.000
GLU02A0177_004 0.000 0.000 0.000 0.000 0.000
GLU-1A0177_005 1.000 1.000 1.000 1.000 1.000
LYS01A0180_001 0.013 0.013 0.017 0.014 0.014
LYS+1A0180_002 0.987 0.987 0.983 0.986 0.986
VAL01A0181_001 1.000 1.000 1.000 1.000 1.000
PRO01A0182_001 1.000 1.000 1.000 1.000 1.000
ILE01A0183_001 1.000 1.000 1.000 1.000 1.000
LYS01A0184_001 0.000 0.000 0.000 0.000 0.000
LYS+1A0184_002 1.000 1.000 1.000 1.000 1.000
TRP01A0185_001 1.000 1.000 1.000 1.000 1.000
MET01A0186_001 1.000 1.000 1.000 1.000 1.000
ALA01A0187_001 1.000 1.000 1.000 1.000 1.000
LEU01A0188_001 1.000 1.000 1.000 1.000 1.000
GLU01A0189_001 0.000 0.000 0.000 0.000 0.000
GLU01A0189_002 0.000 0.000 0.000 0.000 0.000
GLU02A0189_003 0.000 0.000 0.000 0.000 0.000
GLU02A0189_004 0.000 0.000 0.000 0.000 0.000
GLU-1A0189_005 1.000 1.000 1.000 1.000 1.000
SER01A0190_001 0.997 0.996 1.000 0.996 0.997
SER01A0190_002 0.000 0.000 0.000 0.000 0.000
SER01A0190_003 0.003 0.004 0.000 0.004 0.003
ILE01A0191_001 1.000 1.000 1.000 1.000 1.000
LEU01A0192_001 1.000 1.000 1.000 1.000 1.000
HIS01A0193_001 0.280 0.283 0.290 0.284 0.280
HIS01A0193_002 0.181 0.175 0.180 0.183 0.185
HIS02A0193_003 0.348 0.351 0.342 0.342 0.352
HIS02A0193_004 0.139 0.138 0.132 0.133 0.129
HIS+1A0193_005 0.017 0.017 0.017 0.018 0.018
HIS+1A0193_006 0.035 0.036 0.039 0.039 0.036
ARG01A0194_001 0.000 0.000 0.000 0.000 0.000
ARG02A0194_002 0.000 0.000 0.000 0.000 0.000
ARG03A0194_003 0.000 0.000 0.000 0.000 0.000
ARG+1A0194_004 1.000 1.000 1.000 1.000 1.000
ILE01A0195_001 1.000 1.000 1.000 1.000 1.000
TYR01A0196_001 1.000 1.000 1.000 1.000 1.000
TYR-1A0196_002 0.000 0.000 0.000 0.000 0.000
THR01A0197_001 0.997 1.000 0.997 0.998 0.998
THR01A0197_002 0.003 0.000 0.003 0.002 0.002
HIS01A0198_001 0.515 0.507 0.518 0.513 0.518
HIS01A0198_002 0.037 0.038 0.036 0.037 0.033
HIS02A0198_003 0.090 0.083 0.083 0.083 0.081
HIS02A0198_004 0.203 0.204 0.207 0.207 0.205
HIS+1A0198_005 0.076 0.082 0.079 0.079 0.081
HIS+1A0198_006 0.079 0.086 0.078 0.081 0.082
GLN01A0199_001 1.000 1.000 1.000 1.000 1.000
GLN01A0199_002 0.000 0.000 0.000 0.000 0.000
SER01A0200_001 0.835 0.839 0.834 0.838 0.835
SER01A0200_002 0.165 0.161 0.166 0.162 0.165
ASP01A0201_001 0.000 0.000 0.000 0.000 0.000
ASP01A0201_002 0.000 0.000 0.000 0.000 0.000
ASP02A0201_003 0.000 0.000 0.000 0.000 0.000
ASP02A0201_004 0.000 0.000 0.000 0.000 0.000
ASP-1A0201_005 1.000 1.000 1.000 1.000 1.000
VAL01A0202_001 1.000 1.000 1.000 1.000 1.000
TRP01A0203_001 1.000 1.000 1.000 1.000 1.000
SER01A0204_001 0.896 0.899 0.897 0.901 0.901
SER01A0204_002 0.104 0.101 0.103 0.099 0.099
TYR01A0205_001 0.055 0.052 0.050 0.052 0.054
TYR01A0205_002 0.945 0.948 0.950 0.948 0.946
TYR-1A0205_003 0.000 0.000 0.000 0.000 0.000
VAL01A0207_001 1.000 1.000 1.000 1.000 1.000
THR01A0208_001 1.000 1.000 1.000 1.000 1.000
VAL01A0209_001 1.000 1.000 1.000 1.000 1.000
TRP01A0210_001 1.000 1.000 1.000 1.000 1.000
GLU01A0211_001 0.000 0.000 0.000 0.000 0.000
GLU01A0211_002 0.004 0.003 0.003 0.004 0.004
GLU02A0211_003 0.021 0.016 0.017 0.018 0.018
GLU02A0211_004 0.033 0.029 0.027 0.033 0.032
GLU-1A0211_005 0.942 0.953 0.954 0.946 0.947
LEU01A0212_001 1.000 1.000 1.000 1.000 1.000
MET01A0213_001 1.000 1.000 1.000 1.000 1.000
THR01A0214_001 0.979 0.977 0.979 0.978 0.975
THR01A0214_002 0.021 0.023 0.021 0.022 0.025
PHE01A0215_001 1.000 1.000 1.000 1.000 1.000
SER01A0217_001 1.000 1.000 1.000 1.000 1.000
LYS01A0218_001 0.000 0.000 0.000 0.000 0.000
LYS+1A0218_002 1.000 1.000 1.000 1.000 1.000
PRO01A0219_001 1.000 1.000 1.000 1.000 1.000
TYR01A0220_001 1.000 1.000 1.000 1.000 1.000
TYR-1A0220_002 0.000 0.000 0.000 0.000 0.000
ASP01A0221_001 0.000 0.000 0.000 0.000 0.000
ASP01A0221_002 0.000 0.000 0.000 0.000 0.000
ASP02A0221_003 0.000 0.000 0.000 0.000 0.000
ASP02A0221_004 0.000 0.000 0.000 0.000 0.000
ASP-1A0221_005 1.000 1.000 1.000 1.000 1.000
ILE01A0223_001 1.000 1.000 1.000 1.000 1.000
PRO01A0224_001 1.000 1.000 1.000 1.000 1.000
ALA01A0225_001 1.000 1.000 1.000 1.000 1.000
SER01A0226_001 0.040 0.039 0.039 0.039 0.039
SER01A0226_002 0.960 0.961 0.961 0.961 0.961
GLU01A0227_001 0.000 0.000 0.000 0.000 0.000
GLU01A0227_002 0.000 0.000 0.000 0.000 0.000
GLU02A0227_003 0.000 0.000 0.000 0.000 0.000
GLU02A0227_004 0.000 0.000 0.000 0.000 0.000
GLU-1A0227_005 1.000 1.000 1.000 1.000 1.000
ILE01A0228_001 1.000 1.000 1.000 1.000 1.000
SER01A0229_001 1.000 1.000 1.000 1.000 1.000
SER01A0230_001 0.986 0.986 0.984 0.986 0.984
SER01A0230_002 0.014 0.014 0.016 0.014 0.016
ILE01A0231_001 1.000 1.000 1.000 1.000 1.000
LEU01A0232_001 1.000 1.000 1.000 1.000 1.000
GLU01A0233_001 0.000 0.000 0.000 0.000 0.000
GLU01A0233_002 0.000 0.000 0.000 0.000 0.000
GLU02A0233_003 0.000 0.000 0.000 0.000 0.000
GLU02A0233_004 0.000 0.000 0.000 0.000 0.000
GLU-1A0233_005 1.000 1.000 1.000 1.000 1.000
LYS01A0234_001 0.000 0.000 0.000 0.000 0.000
LYS+1A0234_002 1.000 1.000 1.000 1.000 1.000
GLU01A0236_001 0.000 0.000 0.000 0.000 0.000
GLU01A0236_002 0.001 0.000 0.000 0.000 0.000
GLU02A0236_003 0.000 0.000 0.000 0.000 0.000
GLU02A0236_004 0.000 0.000 0.000 0.000 0.001
GLU-1A0236_005 0.999 1.000 1.000 1.000 0.999
ARG01A0237_001 0.000 0.000 0.000 0.000 0.000
ARG02A0237_002 0.000 0.000 0.000 0.000 0.000
ARG03A0237_003 0.000 0.000 0.000 0.000 0.000
ARG+1A0237_004 1.000 1.000 1.000 1.000 1.000
LEU01A0238_001 1.000 1.000 1.000 1.000 1.000
PRO01A0239_001 1.000 1.000 1.000 1.000 1.000
GLN01A0240_001 0.722 0.724 0.728 0.725 0.727
GLN01A0240_002 0.278 0.276 0.272 0.275 0.273
PRO01A0241_001 1.000 1.000 1.000 1.000 1.000
PRO01A0242_001 1.000 1.000 1.000 1.000 1.000
ILE01A0243_001 1.000 1.000 1.000 1.000 1.000
CYS01A0244_001 0.365 0.361 0.368 0.366 0.371
CYS01A0244_002 0.239 0.234 0.237 0.236 0.239
CYS01A0244_003 0.396 0.406 0.395 0.398 0.390
CYS-1A0244_004 0.000 0.000 0.000 0.000 0.000
THR01A0245_001 1.000 1.000 1.000 1.000 1.000
THR01A0245_002 0.000 0.000 0.000 0.000 0.000
ILE01A0246_001 1.000 1.000 1.000 1.000 1.000
ASP01A0247_001 0.000 0.000 0.000 0.000 0.000
ASP01A0247_002 0.000 0.000 0.000 0.000 0.000
ASP02A0247_003 0.000 0.000 0.000 0.000 0.000
ASP02A0247_004 0.000 0.000 0.000 0.000 0.000
ASP-1A0247_005 1.000 1.000 1.000 1.000 1.000
VAL01A0248_001 1.000 1.000 1.000 1.000 1.000
TYR01A0249_001 0.944 0.945 0.944 0.944 0.942
TYR01A0249_002 0.056 0.055 0.056 0.056 0.058
TYR-1A0249_003 0.000 0.000 0.000 0.000 0.000
MET01A0250_001 1.000 1.000 1.000 1.000 1.000
ILE01A0251_001 1.000 1.000 1.000 1.000 1.000
MET01A0252_001 1.000 1.000 1.000 1.000 1.000
VAL01A0253_001 1.000 1.000 1.000 1.000 1.000
LYS01A0254_001 0.007 0.008 0.008 0.009 0.007
LYS+1A0254_002 0.993 0.992 0.992 0.991 0.993
CYS01A0255_001 0.130 0.126 0.129 0.135 0.131
CYS01A0255_002 0.674 0.682 0.671 0.671 0.666
CYS01A0255_003 0.195 0.192 0.200 0.195 0.203
CYS-1A0255_004 0.000 0.000 0.000 0.000 0.000
TRP01A0256_001 1.000 1.000 1.000 1.000 1.000
MET01A0257_001 1.000 1.000 1.000 1.000 1.000
ILE01A0258_001 1.000 1.000 1.000 1.000 1.000
ASP01A0259_001 0.000 0.000 0.000 0.000 0.000
ASP01A0259_002 0.000 0.000 0.000 0.000 0.000
ASP02A0259_003 0.000 0.000 0.000 0.000 0.000
ASP02A0259_004 0.000 0.000 0.000 0.000 0.000
ASP-1A0259_005 1.000 1.000 1.000 1.000 1.000
ALA01A0260_001 1.000 1.000 1.000 1.000 1.000
ASP01A0261_001 0.000 0.000 0.000 0.000 0.000
ASP01A0261_002 0.000 0.001 0.000 0.000 0.000
ASP02A0261_003 0.000 0.000 0.000 0.000 0.000
ASP02A0261_004 0.000 0.000 0.000 0.000 0.000
ASP-1A0261_005 0.999 0.999 1.000 1.000 1.000
SER01A0262_001 0.621 0.615 0.617 0.618 0.616
SER01A0262_002 0.379 0.385 0.383 0.382 0.384
ARG01A0263_001 0.000 0.000 0.000 0.000 0.000
ARG02A0263_002 0.000 0.000 0.000 0.000 0.000
ARG02A0263_003 0.000 0.000 0.000 0.000 0.000
ARG03A0263_004 0.000 0.000 0.000 0.000 0.000
ARG03A0263_005 0.000 0.000 0.000 0.000 0.000
ARG+1A0263_006 1.000 1.000 1.000 1.000 1.000
PRO01A0264_001 1.000 1.000 1.000 1.000 1.000
LYS01A0265_001 0.008 0.009 0.008 0.010 0.008
LYS+1A0265_002 0.992 0.991 0.992 0.990 0.992
PHE01A0266_001 1.000 1.000 1.000 1.000 1.000
ARG01A0267_001 0.000 0.000 0.000 0.000 0.000
ARG02A0267_002 0.000 0.000 0.000 0.000 0.000
ARG03A0267_003 0.000 0.000 0.000 0.000 0.000
ARG+1A0267_004 1.000 1.000 1.000 1.000 1.000
GLU01A0268_001 0.000 0.000 0.000 0.000 0.000
GLU01A0268_002 0.000 0.000 0.000 0.000 0.000
GLU02A0268_003 0.000 0.000 0.000 0.000 0.000
GLU02A0268_004 0.000 0.000 0.000 0.000 0.000
GLU-1A0268_005 1.000 1.000 1.000 1.000 1.000
LEU01A0269_001 1.000 1.000 1.000 1.000 1.000
ILE01A0270_001 1.000 1.000 1.000 1.000 1.000
ILE01A0271_001 1.000 1.000 1.000 1.000 1.000
GLU01A0272_001 0.000 0.000 0.000 0.000 0.000
GLU01A0272_002 0.000 0.001 0.001 0.001 0.000
GLU02A0272_003 0.000 0.000 0.000 0.000 0.000
GLU02A0272_004 0.000 0.000 0.000 0.000 0.000
GLU-1A0272_005 1.000 0.999 0.999 0.999 1.000
PHE01A0273_001 1.000 1.000 1.000 1.000 1.000
SER01A0274_001 1.000 1.000 1.000 1.000 1.000
LYS01A0275_001 0.000 0.000 0.000 0.000 0.000
LYS+1A0275_002 1.000 1.000 1.000 1.000 1.000
MET01A0276_001 1.000 1.000 1.000 1.000 1.000
ALA01A0277_001 1.000 1.000 1.000 1.000 1.000
ARG01A0278_001 0.000 0.000 0.000 0.000 0.000
ARG02A0278_002 0.000 0.000 0.000 0.000 0.000
ARG03A0278_003 0.000 0.000 0.000 0.000 0.000
ARG+1A0278_004 1.000 1.000 1.000 1.000 1.000
ASP01A0279_001 0.000 0.000 0.000 0.000 0.000
ASP01A0279_002 0.000 0.000 0.000 0.000 0.000
ASP02A0279_003 0.000 0.000 0.000 0.000 0.000
ASP02A0279_004 0.000 0.000 0.000 0.000 0.000
ASP-1A0279_005 1.000 1.000 1.000 1.000 1.000
PRO01A0280_001 1.000 1.000 1.000 1.000 1.000
GLN01A0281_001 0.779 0.778 0.775 0.787 0.774
GLN01A0281_002 0.221 0.222 0.225 0.213 0.226
ARG01A0282_001 0.000 0.000 0.000 0.000 0.000
ARG02A0282_002 0.000 0.000 0.000 0.000 0.000
ARG03A0282_003 0.000 0.000 0.000 0.000 0.000
ARG+1A0282_004 1.000 1.000 1.000 1.000 1.000
TYR01A0283_001 1.000 1.000 1.000 1.000 1.000
TYR-1A0283_002 0.000 0.000 0.000 0.000 0.000
LEU01A0284_001 1.000 1.000 1.000 1.000 1.000
VAL01A0285_001 1.000 1.000 1.000 1.000 1.000
ILE01A0286_001 1.000 1.000 1.000 1.000 1.000
GLN01A0287_001 0.923 0.923 0.924 0.922 0.922
GLN01A0287_002 0.077 0.077 0.076 0.078 0.078
ASP01A0289_001 0.007 0.006 0.008 0.007 0.007
ASP01A0289_002 0.016 0.014 0.014 0.015 0.017
ASP02A0289_003 0.018 0.016 0.017 0.016 0.018
ASP02A0289_004 0.058 0.051 0.063 0.046 0.064
ASP-1A0289_005 0.900 0.913 0.899 0.916 0.894
GLU01A0290_001 0.000 0.000 0.000 0.000 0.000
GLU01A0290_002 0.000 0.000 0.000 0.000 0.000
GLU02A0290_003 0.000 0.000 0.000 0.000 0.000
GLU02A0290_004 0.000 0.000 0.000 0.000 0.000
GLU-1A0290_005 1.000 1.000 1.000 1.000 1.000
ARG01A0291_001 0.000 0.000 0.000 0.000 0.000
ARG02A0291_002 0.000 0.000 0.000 0.000 0.000
ARG03A0291_003 0.000 0.000 0.000 0.000 0.000
ARG+1A0291_004 1.000 1.000 1.000 1.000 1.000
MET01A0292_001 1.000 1.000 1.000 1.000 1.000
HIS01A0293_001 0.063 0.062 0.067 0.065 0.066
HIS01A0293_002 0.121 0.123 0.123 0.118 0.122
HIS02A0293_003 0.095 0.098 0.096 0.103 0.097
HIS02A0293_004 0.165 0.165 0.167 0.164 0.173
HIS+1A0293_005 0.142 0.138 0.138 0.141 0.141
HIS+1A0293_006 0.414 0.414 0.409 0.409 0.401
LEU01A0294_001 1.000 1.000 1.000 1.000 1.000
PRO01A0295_001 1.000 1.000 1.000 1.000 1.000
SER01A0296_001 1.000 1.000 1.000 1.000 1.000
PRO01A0297_001 1.000 1.000 1.000 1.000 1.000
THR01A0298_001 0.947 0.947 0.949 0.950 0.946
THR01A0298_002 0.053 0.053 0.051 0.050 0.054
ASP01A0299_001 0.000 0.000 0.000 0.000 0.000
ASP01A0299_002 0.000 0.000 0.000 0.000 0.000
ASP02A0299_003 0.000 0.000 0.000 0.000 0.000
ASP02A0299_004 0.000 0.000 0.000 0.000 0.000
ASP-1A0299_005 1.000 1.000 1.000 1.000 1.000
SER01A0300_001 1.000 1.000 1.000 1.000 1.000
ASN01A0301_001 0.000 0.000 0.000 0.000 0.000
ASN01A0301_002 1.000 1.000 1.000 1.000 1.000
PHE01A0302_001 1.000 1.000 1.000 1.000 1.000
TYR01A0303_001 0.983 0.985 0.983 0.983 0.984
TYR-1A0303_002 0.017 0.015 0.017 0.017 0.016
ARG01A0304_001 1.000 1.000 1.000 1.000 1.000
ARG02A0304_002 0.000 0.000 0.000 0.000 0.000
ARG03A0304_003 0.000 0.000 0.000 0.000 0.000
ARG+1A0304_004 0.000 0.000 0.000 0.000 0.000
ALA01A0305_001 1.000 1.000 1.000 1.000 1.000
LEU01A0306_001 1.000 1.000 1.000 1.000 1.000
MET01A0307_001 1.000 1.000 1.000 1.000 1.000
ASP01A0308_001 0.000 0.000 0.000 0.000 0.000
ASP01A0308_002 0.000 0.000 0.000 0.000 0.000
ASP02A0308_003 0.000 0.000 0.000 0.000 0.000
ASP02A0308_004 0.000 0.000 0.000 0.000 0.000
ASP-1A0308_005 1.000 1.000 1.000 1.000 1.000
GLU01A0309_001 0.000 0.000 0.000 0.000 0.000
GLU01A0309_002 0.003 0.002 0.005 0.000 0.002
GLU02A0309_003 0.000 0.000 0.000 0.000 0.000
GLU02A0309_004 0.002 0.001 0.000 0.000 0.002
GLU-1A0309_005 0.995 0.997 0.995 1.000 0.996
GLU01A0310_001 0.000 0.000 0.000 0.000 0.000
GLU01A0310_002 0.000 0.000 0.000 0.000 0.000
GLU02A0310_003 0.000 0.000 0.000 0.000 0.000
GLU02A0310_004 0.009 0.008 0.008 0.008 0.008
GLU-1A0310_005 0.991 0.992 0.992 0.992 0.992
ASP01A0311_001 0.000 0.000 0.000 0.000 0.000
ASP01A0311_002 0.000 0.000 0.000 0.000 0.000
ASP02A0311_003 0.000 0.000 0.000 0.000 0.000
ASP02A0311_004 1.000 1.000 1.000 1.000 1.000
ASP-1A0311_005 0.000 0.000 0.000 0.000 0.000
MET01A0312_001 1.000 1.000 1.000 1.000 1.000
ASP01A0313_001 0.000 0.000 0.000 0.000 0.000
ASP01A0313_002 0.000 0.000 0.000 0.000 0.000
ASP02A0313_003 0.000 0.001 0.000 0.000 0.000
ASP02A0313_004 0.021 0.015 0.020 0.021 0.022
ASP-1A0313_005 0.979 0.984 0.980 0.979 0.978
ASP01A0314_001 0.000 0.000 0.000 0.000 0.000
ASP01A0314_002 0.000 0.002 0.002 0.002 0.002
ASP02A0314_003 0.000 0.000 0.000 0.000 0.001
ASP02A0314_004 0.006 0.004 0.005 0.004 0.005
ASP-1A0314_005 0.994 0.993 0.993 0.994 0.993
VAL01A0315_001 1.000 1.000 1.000 1.000 1.000
VAL01A0316_001 1.000 1.000 1.000 1.000 1.000
ASP01A0317_001 0.000 0.000 0.000 0.000 0.000
ASP01A0317_002 0.009 0.008 0.009 0.009 0.011
ASP02A0317_003 0.000 0.001 0.000 0.001 0.000
ASP02A0317_004 0.009 0.008 0.010 0.009 0.010
ASP-1A0317_005 0.982 0.983 0.981 0.981 0.979
ALA01A0318_001 1.000 1.000 1.000 1.000 1.000
ASP01A0319_001 0.000 0.000 0.000 0.000 0.000
ASP01A0319_002 0.004 0.002 0.005 0.000 0.000
ASP02A0319_003 0.000 0.000 0.000 0.000 0.000
ASP02A0319_004 0.000 0.002 0.000 0.002 0.003
ASP-1A0319_005 0.996 0.996 0.995 0.998 0.997
GLU01A0320_001 0.006 0.005 0.005 0.005 0.004
GLU01A0320_002 0.024 0.023 0.022 0.024 0.028
GLU02A0320_003 0.000 0.000 0.000 0.000 0.000
GLU02A0320_004 0.000 0.000 0.000 0.000 0.000
GLU-1A0320_005 0.970 0.972 0.974 0.971 0.968
TYR01A0321_001 0.501 0.506 0.512 0.502 0.511
TYR01A0321_002 0.491 0.486 0.488 0.489 0.482
TYR-1A0321_003 0.008 0.008 0.000 0.008 0.007
0WN11B0001_001 0.926 0.929 0.927 0.926 0.923
0WN11B0001_002 0.029 0.028 0.027 0.029 0.029
0WN01B0001_003 0.044 0.043 0.046 0.045 0.047
0WN01B0001_004 0.000 0.000 0.000 0.000 0.001
0WN21B0001_005 0.000 0.000 0.000 0.000 0.000
0WN21B0001_006 0.000 0.000 0.000 0.000 0.000
0WNDMB0001_007 0.000 0.000 0.000 0.000 0.000
