 ph              7.4   7.4   7.4   7.4   7.4   7.4   7.4   7.4   7.4   7.4
IRE01B0001_001 0.393 0.393 0.393 0.393 0.393 0.393 0.393 0.393 0.393 0.393
IRE01B0001_002 0.527 0.527 0.527 0.527 0.527 0.527 0.527 0.527 0.527 0.527
IRE+1B0001_003 0.080 0.080 0.080 0.080 0.080 0.080 0.080 0.080 0.080 0.080
IRE+2B0001_004 0.000 0.000 0.000 0.000 0.000 0.000 0.000 0.000 0.000 0.000
IRE+2B0001_005 0.000 0.000 0.000 0.000 0.000 0.000 0.000 0.000 0.000 0.000
IRE+3B0001_006 0.000 0.000 0.000 0.000 0.000 0.000 0.000 0.000 0.000 0.000
IRE+3B0001_007 0.000 0.000 0.000 0.000 0.000 0.000 0.000 0.000 0.000 0.000
IRE+aB0001_008 0.000 0.000 0.000 0.000 0.000 0.000 0.000 0.000 0.000 0.000
IREDMB0001_009 0.000 0.000 0.000 0.000 0.000 0.000 0.000 0.000 0.000 0.000
