 ph              7.4   7.4   7.4   7.4   7.4
KIM01B0003_001 0.221 0.221 0.221 0.220 0.220
KIM01B0003_002 0.233 0.233 0.233 0.232 0.235
KIM01B0003_003 0.245 0.247 0.249 0.249 0.247
KIM01B0003_004 0.275 0.274 0.273 0.275 0.274
KIM+1B0003_005 0.006 0.006 0.006 0.006 0.006
KIM+1B0003_006 0.000 0.000 0.000 0.000 0.000
KIM+1B0003_007 0.000 0.000 0.000 0.000 0.000
KIM+1B0003_008 0.006 0.006 0.006 0.006 0.006
KIM+1B0003_009 0.003 0.003 0.003 0.003 0.003
KIM+1B0003_010 0.000 0.000 0.000 0.000 0.000
KIM+1B0003_011 0.000 0.000 0.000 0.000 0.000
KIM+1B0003_012 0.003 0.002 0.003 0.003 0.003
KIM02B0003_013 0.002 0.002 0.002 0.002 0.002
KIM02B0003_014 0.004 0.005 0.004 0.004 0.004
KIM02B0003_015 0.000 0.000 0.000 0.000 0.000
KIM02B0003_016 0.000 0.000 0.000 0.000 0.000
KIM02B0003_017 0.000 0.000 0.000 0.000 0.000
KIM02B0003_018 0.000 0.000 0.000 0.000 0.000
KIMDMB0003_019 0.000 0.000 0.000 0.000 0.000
